4942371,5
4942379,5
4942387,5
4942413,5
4942421,5
4942429,5
4942462,5
4942471,5
4942479,5
4942488,5
4942496,5
4942512,5
4942521,5
4942529,5
4942546,5
4942562,5
4942579,5
4942588,5
4942596,5
4942612,5
4942629,5
4942637,5
4942646,5
4942662,5
4942679,5
4942688,5
4942696,5
4942712,5
4942721,5
4942729,5
4942737,5
4942746,5
4942754,5
4942762,5
4942771,5
4942779,5
4942787,5
4942796,5
4942804,5
4942813,5
4942821,5
4942829,5
4942837,5
4942846,5
4942862,5
4942871,5
4942879,5
4942887,5
4942896,5
4942912,5
4942921,5
4942929,5
4942937,5
4942946,5
4942962,5
4942971,4
4942979,4
4942987,5
4942996,1
4943012,1
4943021,5
4943029,5
4943037,5
4943046,5
4943054,5
4943062,5
4943071,5
4943079,4
4943087,5
4943096,5
4943104,5
4943112,5
4943121,5
4943129,5
4943137,5
4943146,5
4943154,5
4943162,5
4943171,5
4943179,4
4943187,5
4943196,5
4943204,5
4943212,1
4943221,5
4943229,1
4943237,0
4943246,1
4943254,0
4943262,1
4943271,0
4943279,4
4943287,5
4943296,1
4943304,5
4943312,1
4943321,5
4943329,5
4943337,5
4943346,1
4943354,5
4943362,5
4943371,5
4943379,4
4943387,5
4943396,5
4943404,5
4943412,1
4943421,5
4943429,1
4943437,5
4943446,1
4943454,5
4943462,5
4943471,5
4943479,4
4943487,5
4943496,5
4943512,5
4943521,5
4943529,5
4943537,5
4943546,5
4943562,5
4943571,5
4943579,5
4943587,5
4943596,5
4943612,5
4943621,5
4943629,5
4943637,5
4943646,5
4943654,5
4943662,5
4943671,5
4943679,5
4943687,5
4943696,5
4943704,5
4943712,5
4943721,5
4943729,5
4943738,5
4943746,5
4943754,5
4943762,5
4943771,5
4943779,5
4943787,5
4943796,5
4943804,5
4943812,5
4943821,5
4943829,5
4943837,5
4943846,5
4943854,5
4943862,5
4943871,5
4943879,5
4943887,5
4943896,5
4943904,5
4943912,5
4943921,5
4943929,5
4943937,5
4943946,5
4943954,5
4943962,5
4943971,5
4943979,5
4943987,5
4943996,5
4944004,5
4944012,5
4944021,5
4944029,5
4944037,5
4944046,5
4944054,5
4944062,5
4944071,5
4944079,5
4944087,5
4944096,5
4944104,5
4944112,5
4944121,5
4944129,5
4944137,5
4944146,5
4944154,5
4944162,5
4944171,5
4944179,5
4944187,5
4944196,5
4944212,5
4944229,5
4944246,5
4944262,5
4944279,5
4944296,5
4944329,5
4944362,5
4944371,0
4944379,5
4944396,5
4944421,0
4944429,5
4944446,5
4944454,0
4944462,5
4944479,5
4944487,5
4944496,5
4944504,5
4944521,5
4944529,5
4944546,5
4944579,5
4944596,5
4944621,0
4944629,5
4944654,0
4944662,5
4944671,5
4944679,5
4944696,5
4944729,5
4944746,5
4944762,5
4944779,5
4944796,5
4944829,5
4944846,5
4944879,5
4944888,0
4944896,5
4944904,5
4944921,5
4944929,5
4944946,5
4944954,0
4944962,5
4944971,0
4944979,5
4944987,0
4944996,5
4945004,0
4945021,0
4945029,5
4945046,5
4945071,0
4945079,5
4945087,5
4945096,5
4945121,5
4945129,5
4945137,0
4945146,5
4945162,5
4945179,4
4945187,0
4945196,1
4945229,5
4945237,5
4945246,5
4945254,5
4945262,5
4945287,0
4945296,1
4945304,0
4945321,0
4945337,0
4945354,0
4945362,1
4945371,0
4945387,0
4945396,1
4945404,0
4945421,0
4945437,0
4945446,0
4945454,0
4945462,5
4945471,0
4945479,5
4945487,0
4945496,5
4945504,0
4945521,0
4945529,5
4945537,0
4945546,5
4945554,0
4945562,5
4945571,0
4945579,5
4945587,0
4945596,5
4945604,5
4945620,5
4945629,5
4945637,0
4945646,5
4945654,5
4945662,5
4945671,5
4945679,5
4945687,5
4945696,5
4945704,5
4945712,5
4945721,5
4945729,5
4945737,5
4945746,5
4945754,5
4945762,5
4945771,5
4945779,5
4945787,5
4945796,5
4945804,5
4945821,5
4945829,5
4945837,5
4945846,5
4945854,5
4945862,5
4945871,5
4946029,5
4946062,5
4946079,5
4946096,5
4946112,5
4946129,5
4946146,5
4946162,5
4946179,4
4946196,5
4946221,5
4946229,5
4946237,5
4946246,5
4946254,5
4946262,5
4946270,5
4946279,5
4946287,5
4946296,5
4946320,5
4946329,5
4946337,5
4946346,5
4946354,5
4946370,5
4946379,5
4946387,5
4946395,5
4946420,5
4946429,5
4946437,5
4946446,5
4946454,5
4946470,5
4946479,5
4946487,5
4946495,5
4946504,5
4946520,5
4946529,5
4946537,5
4946546,5
4946554,5
4946562,5
4946571,5
4946579,5
4946587,5
4946595,5
4946604,5
4946612,5
4946620,5
4946629,5
4946637,5
4946654,5
4946662,5
4946670,5
4946679,5
4946687,5
4946695,5
4946704,5
4946720,5
4946729,5
4946737,5
4946745,5
4946754,0
4946762,5
4946770,0
4946779,5
4946787,0
4946795,1
4946804,0
4946812,1
4946820,0
4946829,1
4946837,0
4946845,1
4946854,0
4946862,5
4946870,0
4946879,5
4946887,0
4946895,5
4946904,0
4946912,1
4946920,0
4946929,1
4946937,5
4946945,2
4946954,5
4946962,5
4946970,5
4946979,4
4946987,5
4946995,5
4947004,5
4947012,5
4947020,5
4947029,5
4947037,5
4947045,5
4947054,5
4947062,1
4947070,5
4947079,5
4947087,5
4947095,1
4947104,5
4947112,5
4947120,5
4947129,5
4947137,5
4947145,5
4947154,0
4947162,1
4947170,0
4947179,5
4947187,5
4947195,1
4947212,5
4947220,5
4947229,5
4947237,5
4947245,5
4947254,0
4947262,5
4947270,0
4947279,4
4947287,0
4947295,5
4947304,4
4947320,5
4947329,5
4947337,5
4947346,5
4947354,5
4947362,5
4947379,5
4947387,5
4947395,5
4947404,1
4947412,5
4947429,5
4947437,1
4947445,5
4947454,5
4947462,5
4947479,5
4947487,1
4947495,5
4947504,2
4947512,5
4947529,5
4947545,5
4947554,5
4947562,5
4947570,5
4947579,5
4947587,5
4947595,5
4947604,5
4947612,5
4947620,5
4947629,5
4947637,5
4947645,5
4947654,5
4947662,5
4947670,5
4947679,5
4947687,5
4947695,5
4947704,5
4947712,5
4947720,5
4947729,5
4947737,5
4947745,5
4947754,5
4947762,5
4947770,5
4947779,5
4947787,5
4947795,5
4947812,5
4947820,5
4947829,5
4947837,5
4947845,5
4947854,5
4947862,5
4947870,5
4947879,5
4947887,5
4947895,5
4947904,5
4947912,5
4947920,5
4947929,5
4947937,5
4947945,5
4947954,5
4947962,5
4947970,5
4947979,5
4947987,5
4947995,5
4948004,5
4948012,5
4948020,5
4948029,5
4948037,5
4948045,5
4948054,5
4948062,5
4948070,5
4948079,5
4948087,5
4948095,5
4948104,5
4948112,5
4948120,5
4948129,5
4948137,5
4948145,5
4948154,5
4948162,5
4948170,5
4948179,5
4948187,5
4948195,5
4948204,5
4948212,5
4948220,5
4948229,5
4948237,5
4948245,5
4948254,5
4948262,5
4948270,5
4948279,5
4948287,5
4948295,5
4948304,5
4948312,5
4948320,5
4948329,5
4948337,5
4948345,5
4948354,5
4948362,5
4948370,5
4948379,5
4948387,5
4948395,5
4948404,5
4948412,5
4948420,5
4948429,5
4948437,5
4948445,5
4948612,5
4948620,5
4948637,5
4948645,3
4948662,5
4948670,5
4948679,5
4948687,5
4948695,5
4948712,5
4948720,5
4948729,5
4948737,5
4948745,5
4948754,5
4948762,5
4948779,5
4948787,5
4948795,5
4948804,5
4948812,5
4948820,5
4948829,5
4948837,5
4948845,5
4948854,5
4948862,5
4948870,5
4948879,5
4948887,5
4948895,5
4948904,5
4948912,5
4948920,5
4948929,5
4948937,5
4948945,5
4948954,5
4948962,5
4948970,5
4948979,5
4948987,5
4948995,5
4949004,5
4949012,5
4949020,5
4949029,5
4949037,5
4949045,5
4949054,5
4949062,5
4949070,5
4949079,5
4949087,5
4949095,5
4949104,5
4949112,5
4949120,5
4949129,5
4949145,5
4949154,5
4949162,5
4949170,5
4949179,5
4949187,5
4949195,5
4949204,5
4949212,5
4949220,5
4949229,5
4949237,5
4949245,5
4949254,5
4949262,5
4949270,5
4949279,5
4949287,5
4949295,5
4949304,5
4949312,5
4949320,5
4949329,5
4949337,5
4949345,5
4949354,5
4949362,5
4949370,5
4949379,5
4949387,5
4949395,5
4949404,5
4949412,5
4949420,5
4949437,1
4949445,1
4949454,1
4949462,1
4949470,1
4949487,1
4949495,5
4949504,5
4949512,5
4949520,5
4949537,5
4949545,5
4949554,5
4949562,5
4949570,5
4949579,5
4949587,5
4949595,5
4949603,5
4949612,5
4949620,5
4949629,5
4949637,5
4949645,5
4949654,5
4949662,5
4949670,5
4949679,1
4949687,1
4949695,1
4949704,5
4949712,5
4949720,5
4949729,5
4949737,5
4949745,5
4949754,5
4949762,5
4949770,5
4949787,5
4949804,5
4949820,5
4949987,1
4950153,5
4950245,5
4950253,5
4950270,5
4950320,5
4950345,5
4950354,5
4950370,5
4950403,5
4950420,5
4950445,5
4950453,5
4950462,5
4950470,5
4950479,5
4950503,5
4950520,5
4950528,5
4950553,5
4950570,5
4950603,5
4950620,5
4950645,5
4950653,5
4950670,5
4950703,5
4950720,5
4950737,5
4950745,4
4950753,5
4950770,5
4950787,5
4950803,5
4950820,5
4950837,5
4950845,1
4950853,5
4950870,5
4950887,5
4950895,1
4950903,5
4950920,5
4950928,1
4950937,5
4950945,1
4950953,5
4950970,5
4950978,1
4950987,5
4950995,1
4951003,5
4951020,5
4951028,1
4951037,5
4951045,5
4951053,5
4951070,5
4951078,5
4951087,5
4951095,1
4951103,5
4951120,5
4951128,1
4951137,5
4951145,5
4951153,5
4951170,5
4951178,5
4951187,5
4951195,5
4951203,5
4951220,5
4951228,1
4951237,5
4951245,5
4951253,5
4951270,5
4951278,5
4951287,5
4951295,5
4951303,5
4951320,5
4951328,5
4951337,5
4951345,5
4951353,5
4951378,5
4951387,5
4951395,5
4951428,5
4951437,5
4951478,5
4951487,5
4951495,5
4951512,5
4951520,5
4951528,6
4951553,5
4951562,6
4951570,5
4951578,5
4951604,5
4951612,5
4951628,5
4951637,5
4951653,5
4951662,5
4951670,5
4951678,5
4951687,5
4951695,5
4951703,5
4951720,5
4951728,5
4951737,5
4951745,5
4951753,5
4951762,5
4951770,5
4951778,5
4951787,5
4951795,5
4951803,5
4951812,5
4951820,5
4951828,5
4951837,5
4951845,5
4951853,5
4951870,5
4951878,5
4951887,5
4951895,5
4951920,5
4951928,5
4951937,5
4951945,5
4951970,5
4951978,5
4951987,5
4951995,5
4952020,5
4952028,5
4952037,5
4952045,5
4952053,5
4952062,5
4952070,5
4952078,5
4952087,5
4952095,5
4952120,5
4952137,5
4952170,5
4952178,5
4952187,5
4952337,1
4952370,2
4952403,5
4952420,5
4952453,5
4952470,5
4952487,5
4952495,5
4952503,5
4952512,1
4952520,5
4952528,5
4952545,5
4952553,5
4952562,5
4952570,5
4952578,5
4952587,5
4952595,5
4952603,5
4952612,5
4952620,5
4952628,5
4952637,5
4952645,5
4952653,5
4952662,5
4952670,5
4952678,5
4952687,5
4952695,5
4952703,5
4952712,5
4952720,5
4952728,5
4952737,5
4952745,5
4952753,5
4952762,5
4952770,5
4952778,5
4952787,5
4952795,5
4952803,5
4952812,5
4952820,5
4952828,5
4952837,5
4952845,5
4952854,5
4952862,5
4952870,5
4952878,5
4952887,5
4952895,5
4952903,5
4952912,5
4952920,5
4952928,5
4952937,5
4952945,5
4952953,5
4952962,5
4952970,5
4952978,5
4952987,5
4952995,5
4953004,5
4953012,5
4953020,5
4953028,5
4953037,5
4953045,5
4953053,5
4953062,5
4953070,5
4953078,5
4953087,5
4953095,5
4953103,5
4953112,5
4953120,5
4953128,5
4953137,5
4953145,5
4953153,5
4953162,5
4953170,5
4953178,5
4953187,5
4953195,5
4953203,5
4953212,5
4953220,5
4953228,5
4953237,5
4953245,5
4953253,5
4953262,5
4953270,5
4953278,5
4953287,5
4953295,5
4953303,5
4953312,5
4953320,5
4953328,5
4953337,5
4953345,5
4953353,5
4953362,5
4953370,5
4953378,5
4953387,5
4953395,5
4953570,5
4953587,5
4953595,3
4953612,3
4953620,5
4953628,5
4953637,5
4953645,5
4953662,5
4953670,5
4953678,5
4953687,5
4953695,5
4953703,5
4953712,5
4953720,5
4953728,5
4953737,5
4953745,5
4953753,5
4953761,5
4953770,5
4953778,5
4953786,5
4953795,5
4953803,5
4953812,5
4953820,5
4953828,5
4953836,5
4953845,5
4953853,5
4953862,5
4953870,5
4953878,5
4953887,5
4953895,5
4953903,5
4953912,5
4953920,5
4953928,5
4953936,5
4953945,5
4953953,5
4953961,5
4953970,5
4953978,5
4953987,5
4953995,5
4954003,5
4954012,5
4954020,5
4954028,5
4954036,5
4954045,5
4954053,5
4954061,5
4954070,5
4954078,5
4954086,5
4954095,5
4954103,5
4954111,5
4954120,1
4954128,1
4954137,5
4954145,1
4954153,5
4954161,5
4954170,5
4954178,5
4954186,5
4954195,5
4954203,5
4954211,5
4954220,5
4954228,5
4954236,5
4954245,5
4954253,5
4954261,5
4954270,5
4954278,5
4954287,5
4954295,5
4954303,5
4954311,5
4954320,5
4954328,5
4954336,5
4954345,5
4954353,5
4954361,5
4954370,5
4954378,1
4954387,1
4954395,1
4954403,5
4954412,5
4954420,5
4954428,5
4954437,5
4954445,5
4954453,5
4954461,5
4954470,5
4954478,5
4954486,5
4954495,5
4954503,5
4954511,5
4954520,5
4954528,5
4954536,5
4954545,5
4954553,5
4954561,5
4954570,5
4954578,5
4954586,1
4954595,1
4954603,1
4954611,5
4954620,5
4954628,5
4954636,5
4954645,5
4954653,5
4954661,5
4954670,5
4954678,5
4954686,5
4954695,5
4954703,5
4954711,5
4954720,5
4954728,5
4954736,5
4954745,5
4954753,5
4954761,5
4954770,5
4954778,5
4954786,5
4954795,5
4954803,5
4954811,5
4954820,5
4954828,5
4954836,5
4954845,5
4954853,5
4954861,5
4954870,5
4954878,5
4954886,5
4954895,5
4954903,5
4954911,5
4954920,5
4954928,5
4954936,5
4954945,5
4954953,5
4954961,5
4954970,5
4954978,5
4954986,5
4954995,5
4955003,5
4955011,5
4955020,5
4955028,5
4955036,5
4955045,5
4955053,5
4955061,5
4955070,5
4955078,5
4955086,5
4955095,5
4955103,5
4955111,5
4955120,5
4955128,5
4955136,5
4955145,1
4955153,1
4955161,5
4955170,5
4955178,5
4955186,5
4955195,5
4955203,5
4955211,5
4955220,5
4955228,1
4955236,1
4955245,1
4955253,1
4955261,1
4955270,1
4955278,1
4955286,1
4955295,1
4955303,1
4955312,1
4955320,1
4955328,1
4955336,1
4955345,1
4955353,1
4955361,1
4955370,1
4955378,1
4955386,1
4955395,1
4955403,1
4955411,1
4955420,1
4955428,1
4955436,1
4955445,1
4955453,1
4955461,1
4955470,5
4955478,5
4955486,5
4955495,5
4955503,5
4955511,5
4955520,5
4955528,5
4955536,5
4955545,5
4955553,5
4955561,5
4955570,5
4955578,5
4955586,5
4955595,5
4955603,5
4955611,5
4955620,5
4955628,5
4955636,5
4955645,5
4955653,5
4955661,5
4955670,5
4955678,5
4955686,5
4955695,5
4955703,5
4955711,5
4955720,5
4955728,5
4955736,5
4955745,5
4955753,5
4955761,5
4955770,5
4955778,5
4955786,5
4955795,5
4955803,5
4955811,5
4955820,5
4955828,5
4955836,5
4955845,5
4955853,5
4955861,5
4955870,5
4955878,5
4955886,5
4955895,5
4955903,5
4955911,5
4955920,5
4955928,5
4955936,5
4955945,5
4955953,5
4955961,5
4955970,5
4955978,5
4955986,5
4955995,5
4956003,5
4956011,5
4956020,5
4956028,5
4956036,5
4956045,5
4956053,5
4956061,5
4956070,5
4956078,5
4956086,5
4956095,5
4956120,5
4956128,5
4956136,5
4956145,5
4956153,5
4956161,5
4956170,5
4956178,5
4956186,5
4956195,5
4956203,5
4956211,5
4956220,5
4956228,5
4956236,5
4956245,5
4956253,5
4956261,5
4956270,5
4956278,5
4956286,5
4956295,5
4956303,5
4956311,5
4956320,5
4956328,5
4956336,5
4956345,5
4956353,5
4956361,5
4956370,5
4956378,5
4956386,5
4956395,5
4956403,5
4956411,5
4956420,5
4956428,5
4956436,5
4956445,5
4956453,5
4956461,5
4956470,5
4956478,5
4956486,5
4956495,5
4956503,5
4956511,5
4956520,5
4956528,5
4956536,5
4956545,5
4956553,5
4956561,5
4956570,5
4956578,5
4956586,5
4956595,5
4956603,5
4956611,5
4956620,5
4956628,5
4956636,5
4956645,5
4956653,5
4956661,5
4956670,5
4956678,5
4956686,5
4956695,5
4956703,5
4956711,5
4956720,5
4956728,5
4956736,5
4956745,5
4956753,5
4956761,5
4956770,5
4956778,5
4956786,5
4956795,5
4956803,5
4956811,5
4956820,5
4956828,5
4956836,5
4956845,5
4956853,5
4956861,5
4956870,5
4956878,5
4956886,5
4956895,5
4956903,5
4956911,5
4956920,5
4956928,5
4956936,5
4956945,5
4956953,5
4956961,5
4956970,5
4956978,5
4956986,5
4956995,5
4957003,5
4957011,5
4957020,5
4957028,5
4957036,5
4957045,5
4957053,5
4957061,5
4957070,5
4957078,5
4957086,5
4957095,5
4957103,5
4957111,5
4957120,5
4957128,5
4957136,5
4957145,5
4957153,5
4957161,5
4957170,5
4957178,5
4957186,5
4957195,5
4957203,5
4957211,5
4957220,5
4957228,5
4957236,5
4957245,5
4957253,5
4957261,5
4957270,5
4957278,5
4957286,5
4957295,5
4957303,5
4957311,5
4957320,5
4957436,5
4957445,5
4957461,5
4957470,5
4957486,5
4957495,5
4957503,5
4957511,5
4957520,5
4957528,5
4957536,5
4957545,5
4957553,5
4957561,5
4957570,5
4957578,5
4957586,5
4957595,5
4957603,5
4957611,5
4957619,5
4957628,5
4957636,5
4957644,5
4957653,5
4957661,5
4957669,5
4957678,5
4957686,5
4957695,5
4957703,5
4957711,5
4957719,5
4957728,5
4957736,5
4957744,5
4957753,5
4957761,5
4957769,5
4957778,5
4957786,5
4957795,5
4957803,5
4957811,5
4957819,5
4957828,5
4957836,5
4957844,5
4957853,5
4957861,5
4957869,5
4957878,5
4957886,5
4957894,5
4957903,5
4957911,5
4957919,5
4957928,5
4957936,5
4957944,5
4957953,5
4957961,5
4957969,5
4957978,5
4957986,5
4957994,5
4958003,5
4958011,5
4958019,5
4958028,5
4958036,5
4958044,5
4958053,5
4958061,5
4958069,5
4958078,5
4958086,5
4958094,5
4958103,5
4958111,5
4958119,5
4958128,5
4958136,5
4958144,5
4958153,5
4958161,5
4958169,5
4958178,5
4958186,5
4958194,5
4958203,5
4958211,5
4958219,5
4958228,5
4958236,5
4958244,5
4958253,5
4958261,5
4958269,5
4958278,5
4958286,5
4958295,5
4958303,5
4958311,5
4958320,5
4958328,5
4958336,5
4958344,5
4958353,5
4958361,5
4958369,5
4958378,5
4958386,5
4958394,5
4958403,5
4958411,5
4958419,5
4958428,5
4958436,5
4958444,5
4958453,5
4958461,5
4958470,5
4958478,5
4958486,5
4958494,5
4958503,5
4958511,5
4958519,5
4958528,5
4958536,5
4958544,5
4958553,5
4958561,5
4958570,5
4958578,5
4958586,5
4958594,5
4958603,5
4958611,5
4958619,5
4958628,5
4958636,5
4958644,5
4958653,5
4958661,5
4958669,5
4958678,5
4958686,5
4958694,5
4958703,5
4958711,5
4958719,5
4958728,5
4958736,5
4958744,5
4958753,5
4958761,5
4958769,5
4958778,5
4958786,5
4958794,5
4958803,5
4958811,5
4958819,5
4958828,5
4958836,5
4958844,5
4958853,5
4958861,5
4958869,5
4958878,5
4958886,5
4958894,5
4958903,5
4958911,5
4958919,5
4958928,5
4958936,5
4958944,5
4958953,5
4958961,5
4958970,5
4958978,5
4958986,5
4958994,5
4959003,5
4959011,5
4959019,5
4959028,5
4959036,5
4959044,5
4959053,5
4959061,5
4959069,5
4959078,5
4959086,5
4959094,5
4959103,5
4959111,5
4959119,5
4959128,5
4959136,5
4959144,5
4959153,5
4959161,5
4959169,5
4959178,5
4959186,5
4959194,5
4959203,5
4959211,5
4959219,5
4959228,5
4959236,5
4959244,5
4959253,5
4959261,5
4959269,5
4959278,5
4959286,5
4959294,5
4959303,5
4959311,5
4959319,5
4959328,5
4959336,5
4959344,5
4959353,5
4959361,5
4959369,5
4959378,5
4959386,5
4959394,5
4959403,5
4959411,5
4959419,5
4959428,5
4959436,5
4959444,5
4959453,5
4959461,5
4959469,5
4959478,5
4959486,5
4959494,5
4959503,5
4959511,5
4959519,5
4959528,5
4959536,5
4959544,5
4959553,5
4959561,5
4959569,5
4959578,5
4959586,5
4959594,5
4959603,5
4959611,5
4959619,5
4959628,5
4959636,5
4959644,5
4959653,5
4959661,5
4959669,5
4959678,5
4959686,5
4959694,5
4959703,5
4959711,5
4959719,5
4959728,5
4959736,5
4959744,5
4959753,5
4959761,5
4959769,5
4959778,5
4959786,5
4959794,5
4959803,5
4959811,5
4959819,5
4959828,5
4959836,5
4959844,5
4959853,5
4959861,5
4959869,5
4959878,5
4959886,5
4959894,5
4959903,5
4959911,5
4959919,5
4959928,5
4959936,5
4959944,5
4959953,5
4959961,5
4959969,5
4959978,5
4959986,5
4959994,5
4960003,5
4960011,5
4960019,5
4960028,5
4960036,5
4960044,5
4960053,5
4960061,5
4960069,5
4960078,5
4960086,5
4960094,5
4960103,5
4960111,5
4960119,5
4960128,5
4960136,5
4960144,5
4960153,5
4960161,5
4960169,5
4960178,5
4960186,5
4960194,5
4960203,5
4960211,5
4960219,5
4960228,5
4960236,5
4960244,5
4960253,5
4960261,5
4960269,5
4960278,5
4960286,5
4960294,5
4960303,5
4960311,5
4960319,5
4960328,5
4960336,5
4960344,5
4960353,5
4960361,5
4960369,5
4960378,5
4960386,5
4960394,5
4960403,5
4960411,5
4960419,5
4960428,5
4960436,5
4960444,5
4960453,5
4960461,5
4960469,5
4960478,5
4960486,5
4960494,5
4960669,5
4960686,5
4960694,5
4960703,5
4960711,5
4960719,5
4960728,5
4960736,5
4960744,5
4960753,5
4960769,5
4960778,5
4960786,5
4960794,5
4960803,5
4960811,5
4960819,5
4960828,5
4960836,5
4960844,5
4960853,5
4960869,5
4960877,5
4960886,5
4960894,5
4960903,5
4960911,5
4960919,5
4960928,5
4960936,5
4960944,5
4960953,5
4960961,5
4960969,5
4960978,5
4960986,5
4960994,5
4961003,5
4961011,5
4961019,5
4961028,5
4961036,5
4961044,5
4961053,5
4961061,5
4961069,5
4961078,5
4961086,5
4961094,5
4961103,5
4961111,5
4961119,5
4961128,5
4961136,5
4961144,5
4961153,5
4961161,5
4961169,5
4961178,5
4961186,5
4961194,5
4961203,5
4961211,5
4961219,5
4961228,5
4961236,5
4961244,5
4961253,5
4961261,5
4961269,5
4961278,5
4961286,5
4961294,5
4961303,5
4961311,5
4961319,5
4961327,5
4961336,5
4961344,5
4961352,5
4961361,5
4961369,5
4961378,5
4961386,5
4961394,5
4961403,5
4961411,5
4961419,5
4961427,5
4961436,5
4961569,5
4961586,5
4961594,1
4961603,1
4961611,1
4961619,5
4961628,5
4961636,5
4961644,5
4961652,5
4961661,5
4961669,5
4961677,5
4961686,5
4961694,5
4961702,5
4961711,5
4961719,5
4961727,5
4961736,5
4961744,5
4961752,5
4961761,5
4961769,5
4961777,5
4961786,5
4961794,5
4961802,5
4961811,5
4961819,5
4961827,5
4961836,5
4961844,5
4961852,5
4961861,5
4961869,5
4961877,5
4961886,5
4961894,5
4961902,5
4961911,5
4961919,5
4961927,5
4961936,5
4961944,5
4961952,5
4961961,5
4961969,5
4961977,5
4961986,5
4961994,5
4962002,5
4962011,5
4962019,5
4962027,5
4962036,5
4962044,5
4962053,5
4962061,5
4962069,5
4962077,5
4962086,5
4962094,5
4962102,5
4962111,5
4962119,5
4962127,5
4962136,5
4962144,5
4962152,5
4962161,5
4962169,5
4962177,5
4962186,5
4962194,5
4962202,5
4962211,5
4962219,5
4962227,5
4962236,5
4962244,5
4962253,5
4962261,5
4962269,5
4962277,5
4962286,5
4962294,5
4962303,5
4962311,5
4962319,5
4962327,5
4962336,5
4962344,5
4962352,5
4962361,5
4962369,5
4962377,5
4962386,5
4962394,5
4962403,5
4962411,5
4962419,5
4962427,5
4962436,5
4962444,5
4962452,5
4962461,5
4962469,5
4962477,5
4962486,5
4962494,5
4962503,5
4962511,5
4962519,5
4962527,5
4962536,5
4962544,5
4962552,5
4962561,5
4962569,5
4962577,5
4962586,5
4962594,5
4962603,5
4962611,5
4962619,5
4962627,5
4962636,5
4962644,5
4962652,5
4962661,5
4962669,5
4962677,5
4962686,5
4962694,5
4962703,5
4962711,5
4962719,5
4962727,5
4962736,5
4962744,5
4962752,5
4962761,5
4962769,5
4962777,5
4962786,5
4962794,5
4962803,5
4962811,5
4962819,5
4962827,5
4962836,5
4962844,5
4962852,5
4962861,5
4962869,5
4962877,5
4962886,5
4962894,5
4962902,5
4962911,5
4962919,5
4962927,5
4962936,5
4962944,1
4962952,1
4962961,1
4962969,1
4962977,1
4962986,1
4962994,1
4963002,1
4963011,1
4963019,1
4963027,1
4963036,1
4963044,1
4963052,1
4963061,1
4963069,1
4963077,1
4963086,1
4963094,5
4963102,5
4963111,5
4963119,5
4963127,5
4963136,1
4963144,1
4963152,1
4963161,1
4963169,1
4963177,1
4963186,1
4963194,1
4963202,1
4963211,1
4963219,1
4963227,1
4963236,1
4963244,1
4963252,1
4963261,1
4963269,1
4963277,1
4963286,1
4963294,1
4963302,1
4963311,1
4963319,5
4963327,5
4963336,5
4963344,5
4963352,5
4963361,5
4963369,5
4963377,5
4963386,5
4963394,5
4963403,5
4963411,5
4963419,5
4963427,5
4963436,5
4963444,5
4963452,5
4963461,5
4963469,5
4963477,5
4963486,5
4963494,5
4963502,5
4963511,5
4963519,5
4963527,5
4963536,5
4963544,5
4963552,5
4963561,5
4963569,5
4963577,5
4963586,5
4963594,5
4963602,5
4963611,5
4963619,5
4963627,5
4963636,5
4963644,5
4963652,5
4963661,5
4963669,5
4963677,5
4963686,5
4963694,5
4963702,5
4963711,5
4963719,5
4963727,5
4963736,5
4963744,5
4963752,5
4963761,5
4963769,5
4963777,5
4963786,5
4963794,5
4963802,5
4963811,5
4963819,5
4963827,5
4963836,5
4963844,5
4963852,5
4963861,5
4963869,5
4963877,5
4963886,5
4963894,5
4963902,5
4963911,5
4963919,5
4963927,5
4963936,5
4963944,5
4963952,5
4963961,5
4963969,5
4963977,5
4963986,5
4963994,5
4964002,5
4964011,5
4964019,5
4964027,5
4964036,5
4964044,5
4964052,5
4964061,5
4964069,5
4964077,5
4964086,5
4964094,5
4964102,5
4964111,5
4964119,5
4964127,5
4964136,5
4964144,5
4964152,5
4964161,5
4964169,5
4964177,5
4964186,5
4964194,5
4964202,5
4964211,5
4964219,5
4964227,5
4964236,5
4964244,5
4964252,5
4964261,5
4964269,5
4964277,5
4964286,5
4964294,5
4964302,5
4964311,5
4964319,5
4964327,5
4964336,5
4964344,5
4964352,5
4964361,5
4964369,5
4964377,5
4964386,5
4964394,5
4964402,5
4964411,5
4964419,5
4964427,5
4964436,5
4964444,5
4964452,5
4964461,5
4964469,5
4964477,5
4964486,5
4964494,5
4964502,5
4964511,5
4964519,5
4964527,5
4964536,5
4964544,5
4964552,5
4964561,5
4964569,5
4964577,5
4964586,5
4964594,5
4964602,5
4964611,5
4964619,5
4964627,5
4964636,5
4964644,5
4964652,5
4964661,5
4964669,5
4964677,5
4964686,5
4964694,5
4964702,5
4964711,5
4964719,5
4964727,5
4964736,5
4964744,5
4964752,5
4964761,5
4964769,5
4964777,5
4964786,5
4964794,5
4964802,5
4964811,5
4964819,5
4964827,5
4964836,5
4964844,5
4964852,5
4964861,5
4964869,5
4964877,5
4964886,5
4964894,5
4964902,5
4964911,5
4964919,5
4964927,5
4964936,5
4964944,5
4964952,5
4964961,5
4964969,5
4964994,5
4965002,5
4965011,5
4965019,5
4965027,5
4965036,5
4965044,5
4965052,5
4965060,5
4965069,5
4965077,5
4965086,5
4965094,5
4965102,5
4965111,5
4965119,5
4965127,5
4965136,5
4965144,5
4965152,5
4965160,5
4965169,5
4965177,5
4965185,5
4965327,1
4965335,5
4965360,5
4965369,2
4965377,2
4965385,5
4965394,1
4965402,1
4965410,1
4965419,5
4965427,5
4965436,5
4965444,5
4965452,5
4965461,5
4965469,5
4965477,5
4965485,5
4965494,5
4965502,5
4965510,5
4965519,5
4965527,5
4965536,5
4965544,5
4965552,5
4965561,5
4965569,5
4965577,5
4965585,5
4965594,5
4965602,5
4965610,5
4965619,5
4965627,5
4965635,5
4965644,5
4965652,5
4965660,5
4965669,5
4965677,5
4965685,5
4965694,5
4965702,5
4965710,5
4965719,5
4965727,5
4965735,5
4965744,5
4965752,5
4965761,5
4965769,5
4965777,5
4965785,5
4965794,5
4965802,5
4965810,5
4965819,5
4965827,5
4965835,5
4965844,5
4965852,5
4965860,5
4965869,5
4965877,5
4965886,5
4965894,5
4965902,5
4965910,5
4965919,5
4965927,5
4965935,5
4965944,5
4965952,5
4965960,5
4965969,5
4965977,5
4965985,5
4965994,5
4966002,5
4966010,5
4966019,5
4966027,5
4966035,5
4966044,5
4966052,5
4966060,5
4966069,5
4966077,5
4966085,5
4966094,5
4966102,5
4966111,5
4966119,5
4966127,5
4966135,5
4966144,5
4966152,5
4966160,5
4966169,5
4966177,5
4966185,5
4966194,5
4966202,5
4966210,5
4966219,5
4966227,5
4966235,5
4966244,5
4966252,5
4966260,5
4966269,5
4966277,5
4966285,5
4966294,5
4966302,5
4966310,5
4966319,5
4966327,5
4966335,5
4966344,5
4966352,5
4966360,5
4966369,5
4966377,5
4966385,5
4966394,5
4966402,5
4966410,5
4966419,5
4966427,5
4966435,5
4966444,5
4966452,5
4966460,5
4966469,5
4966477,5
4966485,5
4966494,5
4966502,5
4966510,5
4966519,5
4966527,5
4966535,5
4966544,5
4966552,5
4966560,5
4966569,5
4966577,5
4966585,5
4966594,1
4966602,1
4966610,1
4966619,1
4966627,1
4966635,1
4966644,5
4966652,5
4966660,5
4966669,1
4966677,1
4966685,1
4966694,1
4966702,1
4966710,1
4966719,1
4966727,1
4966735,5
4966744,5
4966752,5
4966760,5
4966769,5
4966777,5
4966785,5
4966794,1
4966802,1
4966810,1
4966819,1
4966827,1
4966835,1
4966844,1
4966852,1
4966860,1
4966869,1
4966877,1
4966885,1
4966894,1
4966902,1
4966910,1
4966919,1
4966927,1
4966935,1
4966944,1
4966952,1
4966960,1
4966969,1
4966977,1
4966985,1
4966994,1
4967002,1
4967010,2
4967019,2
4967027,2
4967035,2
4967044,2
4967052,1
4967060,1
4967069,1
4967077,1
4967085,1
4967094,1
4967102,1
4967110,1
4967119,1
4967127,1
4967135,1
4967144,1
4967152,1
4967160,1
4967169,1
4967177,1
4967185,1
4967194,1
4967202,1
4967210,1
4967219,5
4967227,5
4967235,5
4967244,5
4967252,5
4967260,5
4967269,5
4967277,5
4967285,5
4967294,5
4967302,5
4967310,5
4967319,5
4967327,5
4967335,5
4967344,5
4967352,5
4967360,5
4967369,5
4967377,5
4967385,5
4967394,5
4967402,5
4967410,5
4967419,5
4967427,5
4967435,5
4967444,5
4967452,5
4967460,5
4967469,5
4967477,5
4967485,5
4967494,5
4967502,5
4967510,5
4967519,5
4967527,5
4967535,5
4967544,5
4967552,5
4967560,5
4967569,5
4967577,5
4967585,5
4967594,5
4967602,5
4967610,5
4967619,5
4967627,5
4967635,5
4967644,5
4967652,5
4967660,5
4967669,5
4967677,5
4967685,5
4967694,5
4967702,5
4967710,5
4967719,5
4967727,5
4967735,5
4967744,5
4967752,5
4967760,5
4967769,5
4967777,5
4967785,5
4967794,5
4967802,5
4967810,5
4967819,5
4967827,5
4967835,5
4967844,5
4967852,5
4967860,5
4967869,5
4967877,5
4967885,5
4967894,5
4967902,5
4967910,5
4967919,5
4967927,5
4967935,5
4967944,5
4967952,5
4967960,5
4967969,5
4967977,5
4967985,5
4967994,5
4968002,5
4968010,5
4968019,5
4968027,5
4968035,5
4968044,5
4968052,5
4968060,5
4968069,5
4968077,5
4968085,5
4968094,5
4968102,5
4968110,5
4968119,5
4968127,5
4968135,5
4968144,5
4968152,5
4968160,5
4968169,5
4968177,5
4968185,5
4968194,5
4968202,5
4968210,5
4968219,5
4968227,5
4968235,5
4968244,5
4968252,5
4968260,5
4968269,5
4968277,5
4968285,5
4968294,5
4968302,5
4968310,5
4968319,5
4968327,5
4968335,5
4968344,5
4968352,5
4968360,5
4968369,5
4968494,1
4968502,1
4968510,1
4968519,5
4968527,5
4968535,5
4968544,5
4968552,2
4968560,5
4968569,1
4968577,1
4968585,5
4968594,5
4968602,5
4968610,5
4968619,5
4968627,5
4968635,5
4968644,5
4968652,5
4968660,5
4968669,5
4968677,5
4968685,5
4968694,5
4968702,5
4968710,5
4968719,5
4968727,5
4968735,5
4968744,5
4968752,5
4968760,5
4968769,5
4968777,5
4968785,5
4968794,5
4968802,5
4968810,5
4968819,5
4968827,5
4968835,5
4968844,5
4968852,5
4968860,5
4968869,5
4968877,5
4968885,5
4968894,5
4968902,5
4968910,5
4968919,5
4968927,5
4968935,5
4968944,5
4968952,5
4968960,5
4968969,5
4968977,5
4968985,5
4968994,5
4969002,5
4969010,5
4969018,5
4969027,5
4969035,5
4969043,5
4969052,5
4969060,5
4969069,5
4969077,5
4969085,5
4969094,5
4969102,5
4969110,5
4969119,5
4969127,5
4969135,5
4969144,5
4969152,5
4969160,5
4969168,5
4969177,5
4969185,5
4969193,5
4969202,5
4969210,5
4969219,5
4969227,5
4969235,5
4969243,5
4969252,5
4969260,5
4969268,5
4969277,5
4969285,5
4969293,5
4969302,5
4969310,5
4969318,5
4969327,5
4969335,5
4969344,5
4969352,5
4969360,5
4969368,5
4969377,5
4969385,5
4969393,5
4969402,5
4969410,5
4969418,5
4969427,5
4969435,5
4969443,5
4969452,5
4969460,5
4969468,5
4969477,5
4969485,5
4969494,5
4969502,5
4969510,5
4969519,5
4969527,5
4969535,5
4969543,5
4969552,5
4969560,5
4969568,5
4969577,5
4969585,5
4969593,5
4969602,5
4969610,5
4969618,5
4969627,5
4969635,5
4969652,5
4969660,1
4969668,1
4969677,1
4969685,5
4969693,5
4969702,5
4969710,5
4969718,5
4969727,5
4969735,5
4969744,5
4969752,5
4969760,5
4969768,5
4969777,5
4969785,5
4969793,5
4969802,5
4969810,5
4969818,5
4969827,5
4969835,5
4969843,5
4969852,5
4969860,5
4969868,5
4969877,5
4969886,5
4969893,5
4969902,5
4969910,5
4969918,5
4969927,5
4969935,5
4969943,5
4969952,5
4969960,5
4969968,5
4969977,5
4969985,5
4969993,5
4970002,5
4970010,5
4970019,5
4970027,5
4970035,5
4970044,5
4970052,5
4970060,5
4970068,5
4970077,5
4970085,5
4970093,5
4970102,5
4970110,5
4970118,5
4970127,5
4970135,5
4970143,5
4970152,5
4970160,5
4970168,5
4970177,5
4970185,5
4970193,5
4970202,5
4970210,5
4970218,5
4970227,5
4970235,5
4970243,5
4970252,5
4970260,5
4970269,5
4970277,5
4970285,5
4970293,5
4970302,5
4970310,5
4970318,5
4970327,5
4970335,5
4970343,5
4970352,5
4970360,5
4970368,5
4970377,5
4970385,5
4970393,5
4970402,5
4970410,5
4970418,5
4970427,5
4970435,5
4970443,5
4970452,5
4970460,5
4970468,5
4970477,5
4970485,5
4970493,5
4970502,5
4970510,5
4970518,5
4970527,5
4970535,5
4970543,5
4970552,5
4970560,5
4970568,5
4970577,5
4970585,5
4970593,5
4970602,5
4970610,5
4970618,5
4970627,5
4970635,5
4970643,5
4970652,5
4970660,5
4970668,5
4970677,5
4970685,5
4970693,5
4970702,5
4970710,5
4970718,5
4970727,5
4970735,5
4970743,5
4970752,5
4970760,5
4970768,5
4970777,5
4970785,5
4970793,5
4970802,5
4970810,5
4970818,5
4970827,5
4970835,5
4970843,5
4970852,5
4970860,5
4970868,5
4970877,5
4970885,5
4970893,5
4970902,5
4970910,5
4970918,5
4970927,5
4970935,5
4970943,5
4970952,5
4970960,5
4970968,5
4970977,5
4970985,5
4970993,5
4971002,5
4971010,5
4971018,5
4971027,5
4971035,5
4971043,5
4971052,5
4971060,5
4971068,5
4971077,5
4971085,5
4971093,5
4971102,5
4971110,5
4971118,5
4971127,5
4971135,5
4971143,5
4971152,5
4971160,5
4971168,5
4971177,5
4971185,5
4971193,5
4971202,5
4971210,5
4971218,5
4971227,5
4971235,5
4971243,5
4971252,5
4971260,5
4971268,5
4971277,5
4971285,5
4971293,5
4971302,5
4971310,5
4971318,5
4971327,5
4971335,5
4971343,5
4971352,5
4971360,5
4971368,5
4971377,5
4971385,5
4971393,5
4971402,5
4971410,5
4971418,5
4971427,5
4971435,5
4971443,5
4971452,5
4971460,5
4971468,5
4971477,5
4971485,1
4971618,1
4971627,1
4971635,1
4971652,5
4971660,1
4971668,5
4971685,5
4971693,1
4971702,5
4971710,5
4971718,5
4971727,1
4971735,1
4971743,1
4971752,5
4971760,5
4971768,5
4971777,5
4971785,5
4971793,5
4971802,5
4971810,5
4971818,5
4971827,5
4971835,5
4971843,5
4971852,5
4971860,5
4971868,5
4971877,5
4971885,5
4971893,5
4971902,5
4971910,5
4971918,5
4971927,5
4971935,5
4971943,5
4971952,5
4971960,5
4971968,5
4971977,5
4971985,5
4971993,5
4972002,5
4972010,5
4972018,5
4972027,5
4972035,5
4972043,5
4972052,5
4972060,5
4972068,5
4972077,5
4972085,5
4972093,5
4972102,5
4972110,5
4972118,5
4972127,5
4972135,5
4972143,5
4972152,5
4972160,5
4972168,5
4972177,5
4972185,5
4972193,5
4972202,5
4972210,5
4972218,5
4972227,5
4972235,5
4972243,5
4972252,5
4972260,5
4972268,5
4972277,5
4972285,5
4972293,5
4972302,5
4972310,5
4972318,5
4972327,5
4972335,1
4972343,1
4972352,1
4972360,1
4972368,1
4972377,2
4972385,2
4972393,2
4972402,2
4972410,2
4972418,2
4972427,2
4972435,2
4972443,2
4972452,2
4972460,2
4972468,2
4972477,2
4972485,2
4972493,2
4972502,2
4972510,2
4972518,2
4972527,2
4972535,2
4972543,2
4972552,2
4972560,3
4972568,3
4972577,3
4972585,3
4972593,3
4972602,3
4972610,3
4972618,3
4972627,3
4972635,3
4972643,3
4972651,3
4972660,3
4972668,3
4972676,3
4972685,3
4972693,3
4972702,3
4972710,3
4972718,3
4972727,3
4972735,3
4972743,3
4972752,3
4972760,3
4972768,3
4972776,3
4972785,3
4972793,3
4972801,3
4972810,3
4972818,3
4972827,2
4972835,2
4972843,2
4972852,2
4972860,2
4972868,2
4972877,2
4972885,2
4972893,2
4972901,2
4972910,2
4972918,2
4972926,2
4972935,2
4972943,2
4972951,2
4972960,2
4972968,2
4972985,3
4973160,5
4973176,5
4973185,5
4973210,5
4973218,5
4973226,5
4973235,5
4973243,5
4973252,5
4973260,5
4973268,5
4973276,5
4973285,5
4973293,5
4973301,5
4973310,5
4973318,5
4973326,5
4973335,5
4973343,5
4973351,5
4973360,5
4973368,5
4973376,5
4973385,5
4973393,5
4973401,5
4973410,5
4973418,5
4973426,5
4973435,5
4973443,5
4973451,5
4973460,5
4973469,5
4973476,5
4973485,5
4973493,5
4973501,5
4973510,5
4973518,5
4973526,5
4973535,5
4973543,5
4973551,5
4973560,5
4973568,5
4973577,5
4973585,5
4973593,5
4973601,5
4973610,5
4973618,5
4973626,5
4973635,5
4973643,5
4973651,5
4973660,5
4973668,5
4973676,5
4973685,5
4973693,5
4973701,5
4973710,5
4973718,5
4973726,5
4973735,5
4973743,5
4973751,5
4973760,5
4974198,5
4974206,5
4974256,5
4974356,5
4974373,5
4974390,0
4974406,0
4974415,0
4974440,0
4974448,4
4974456,0
4974465,4
4974481,5
4974490,0
4974498,0
4974506,0
4974515,0
4974531,0
4974540,0
4974556,0
4974565,0
4974581,0
4974590,0
4974598,0
4974615,5
4974631,5
4974640,5
4974648,5
4974656,4
4974665,5
4974673,5
4974690,5
4974698,5
4974706,5
4974715,5
4974723,5
4974740,5
4974748,5
4974756,4
4974765,5
4974773,5
4974790,5
4974798,5
4974806,5
4974815,5
4974823,5
4974831,5
4974840,5
4974848,5
4974856,5
4974865,5
4974873,5
4974890,5
4974898,5
4974906,5
4974915,5
4974923,5
4974940,5
4974948,5
4974956,5
4974965,5
4974973,5
4974990,5
4974998,5
4975006,5
4975023,5
4975031,0
4975040,0
4975048,0
4975056,0
4975065,0
4975073,5
4975081,5
4975090,5
4975098,5
4975106,5
4975123,5
4975131,5
4975140,5
4975148,0
4975156,0
4975165,0
4975173,5
4975181,5
4975190,5
4975398,1
4975423,5
4975448,5
4975456,5
4975473,5
4975498,3
4975506,5
4975523,5
4975531,5
4975548,5
4975556,5
4975573,5
4975581,2
4975598,2
4975606,2
4975631,2
4975648,5
4975656,5
4975673,1
4975681,1
4975698,1
4975706,1
4975731,1
4975748,5
4975756,5
4975773,2
4975781,2
4975798,2
4975806,2
4975831,3
4975848,3
4975856,3
4975873,3
4975881,3
4975898,3
4975906,3
4975948,3
4975956,5
4975973,5
4975981,2
4975998,2
4976006,1
4976031,1
4976048,1
4976056,1
4976073,5
4976098,5
4976106,5
4976123,1
4976131,1
4976148,5
4976173,5
4976198,5
4976206,5
4976223,5
4976231,5
4976248,5
4976256,5
4976273,5
4976281,5
4976298,5
4976307,5
4976323,5
4976331,5
4976348,5
4976356,5
4976373,5
4976381,5
4976398,5
4976406,5
4976423,5
4976431,5
4976448,5
4976456,5
4976473,5
4976481,5
4976498,5
4976506,5
4976523,5
4976531,1
4976548,1
4976556,1
4976573,1
4976581,1
4976598,1
4976606,1
4976623,1
4976631,1
4976648,1
4976656,1
4976673,1
4976681,1
4976698,1
4976706,1
4976723,1
4976731,1
4976748,1
4976756,1
4976773,1
4976781,1
4976798,1
4976806,1
4976823,1
4976831,1
4976848,1
4976856,5
4976873,5
4976881,5
4976898,5
4976923,5
4976931,5
4976948,5
4976973,5
4976998,5
4977006,5
4977023,5
4977031,5
4977048,5
4977073,5
4977098,5
4977123,5
4977148,5
4977173,5
4977198,5
4977223,5
4977248,5
4977623,1
4977631,1
4977648,5
4977656,5
4977673,5
4977681,5
4977698,5
4977706,5
4977723,5
4977748,5
4977773,5
4977902,1
4977927,2
4977935,2
4977952,2
4977960,1
4977977,1
4977985,1
4978002,1
4978010,1
4978027,1
4978035,1
4978052,1
4978060,2
4978077,2
4978085,1
4978102,1
4978110,1
4978127,1
4978135,1
4978152,1
4978160,1
4978177,1
4978185,1
4978202,1
4978210,1
4978227,1
4978235,1
4978252,1
4978260,1
4978277,1
4978285,5
4978302,5
4978327,5
4978335,5
4978352,5
4978360,5
4978377,5
4978385,5
4978402,5
4978410,5
4978427,5
4978435,5
4978452,5
4978460,5
4978477,5
4978485,5
4978502,5
4978510,5
4978527,5
4978535,5
4978552,5
4978560,5
4978577,5
4978585,5
4978602,5
4978610,5
4978627,5
4978635,5
4978652,5
4978660,5
4978677,5
4978685,5
4978710,5
4978727,5
4978735,5
4978752,5
4978760,5
4978777,5
4978785,5
4978802,5
4978810,5
4978827,5
4978835,5
4978852,5
4978860,5
4980157,4
4980165,3
4980182,3
4980190,3
4980207,3
4980215,3
4980232,3
4980240,3
4980257,3
4980265,3
4980282,3
4980290,3
4980307,3
4980315,3
4980332,3
4980340,3
4980357,4
4980365,3
4980382,4
4980390,3
4980407,3
4980415,3
4980432,3
4980440,3
4980457,4
4980465,3
4980482,4
4980490,3
4980507,4
4980515,4
4980532,4
4980540,3
4980557,3
4980565,3
4980582,4
4980590,4
4980607,4
4980615,4
4980632,4
4980640,3
4980657,4
4980665,4
4980682,4
4980690,4
4980707,4
4980715,4
4980732,4
4980740,3
4980757,4
4980765,3
4980782,4
4980790,3
4980807,4
4980815,4
4980832,4
4980840,4
4980857,4
4980865,4
4980882,4
4980890,4
4980907,4
4980915,4
