5108861,5
5108869,5
5108878,5
5108886,5
5108894,5
5108903,5
5108911,5
5108919,5
5108928,5
5108936,6
5108944,5
5108953,5
5108961,5
5108969,5
5108978,5
5108986,6
5108994,5
5109003,5
5109011,5
5109019,5
5109028,5
5109036,5
5109044,5
5109053,5
5109061,5
5109069,5
5109078,5
5109086,5
5109094,5
5109103,5
5109111,5
5109119,5
5109128,5
5109136,5
5109144,5
5109153,5
5109161,5
5109169,5
5109178,5
5109186,5
5109194,5
5109203,5
5109211,5
5109219,5
5109228,5
5109236,5
5109244,5
5109253,5
5109261,5
5109269,5
5109278,5
5109286,5
5109294,5
5109303,5
5109311,5
5109319,5
5109328,5
5109336,5
5109344,5
5109353,5
5109361,5
5109369,5
5109378,5
5109386,5
5109394,5
5109403,5
5109411,5
5109419,5
5109428,5
5109436,5
5109444,5
5109453,5
5109461,6
5109469,5
5109478,6
5109486,5
5109494,5
5109503,5
5109511,5
5109519,5
5109528,5
5109536,5
5109544,5
5109553,5
5109561,5
5109569,5
5109578,5
5109586,5
5109594,5
5109603,5
5109611,0
5109619,0
5109628,5
5109636,5
5109644,5
5109653,5
5109661,5
5109669,0
5109678,0
5109686,5
5109694,5
5109703,5
5109711,0
5109719,0
5109728,0
5109736,0
5109744,0
5109753,0
5109761,0
5109769,0
5109778,0
5109786,0
5109794,0
5109803,0
5109811,0
5109819,0
5109828,0
5109836,0
5109844,0
5109853,0
5109861,0
5109869,0
5109878,0
5109886,0
5109894,0
5109903,0
5109911,0
5109919,0
5109928,0
5109936,0
5109944,0
5109953,0
5109961,0
5109969,0
5109978,0
5109986,0
5109994,0
5110003,0
5110011,0
5110019,0
5110028,0
5110036,0
5110044,0
5110053,0
5110061,0
5110069,0
5110078,0
5110086,0
5110094,0
5110103,0
5110111,0
5110119,0
5110127,0
5110136,0
5110144,0
5110152,0
5110161,0
5110169,0
5110178,0
5110186,0
5110194,0
5110203,0
5110211,0
5110219,0
5110227,0
5110236,0
5110244,0
5110252,0
5110261,0
5110269,0
5110278,0
5110286,0
5110294,0
5110302,0
5110311,0
5110319,0
5110328,0
5110336,0
5110344,0
5110353,0
5110361,0
5110369,0
5110377,0
5110386,0
5110394,0
5110402,0
5110411,0
5110419,0
5110428,0
5110436,5
5110444,5
5110453,5
5110461,5
5110469,5
5110478,5
5110486,5
5110494,5
5110503,5
5110511,5
5110519,5
5110527,5
5110536,5
5110544,5
5110552,5
5110561,5
5110569,5
5110577,5
5110586,5
5110594,5
5110619,5
5110627,5
5110636,5
5110644,5
5110652,5
5110661,5
5110669,5
5110678,5
5110686,5
5110694,5
5110702,5
5110711,5
5110719,5
5110727,5
5110736,5
5110744,5
5110752,5
5110761,5
5110769,5
5110777,5
5110786,5
5110794,5
5110802,5
5110811,5
5110819,5
5110827,5
5110836,5
5110844,5
5110852,5
5110861,5
5110869,5
5110877,5
5110886,5
5110894,5
5110902,5
5110911,5
5110919,5
5110927,5
5110936,5
5110944,5
5110952,5
5110961,5
5110969,5
5110977,5
5110986,5
5110994,5
5111003,5
5111011,5
5111019,5
5111027,5
5111036,5
5111044,5
5111052,5
5111061,5
5111069,5
5111078,5
5111086,5
5111094,5
5111102,5
5111111,5
5111119,5
5111127,5
5111136,5
5111144,5
5111152,5
5111161,5
5111169,0
5111177,0
5111186,0
5111194,0
5111202,0
5111211,0
5111219,0
5111227,0
5111236,0
5111244,0
5111252,0
5111261,0
5111269,0
5111277,0
5111286,0
5111294,0
5111303,0
5111311,0
5111319,0
5111327,0
5111336,0
5111344,0
5111352,0
5111361,0
5111369,0
5111377,0
5111386,0
5111394,0
5111403,0
5111411,0
5111419,0
5111427,0
5111436,0
5111444,0
5111452,0
5111461,0
5111469,0
5111477,0
5111486,0
5111494,0
5111502,0
5111511,0
5111519,0
5111527,0
5111536,0
5111544,0
5111552,0
5111561,0
5111569,0
5111577,0
5111586,0
5111594,0
5111602,0
5111611,0
5111619,0
5111627,0
5111636,0
5111644,1
5111652,1
5111661,2
5111669,2
5111677,3
5111686,3
5111702,2
5111711,2
5111719,2
5111727,2
5111736,2
5111752,2
5111761,2
5111769,2
5111777,2
5111786,2
5111794,2
5111802,2
5111811,2
5111819,2
5111827,2
5111836,5
5111844,5
5111852,5
5111861,2
5111869,2
5111877,2
5111886,3
5111902,2
5111911,2
5111919,3
5111927,3
5111936,2
5111944,1
5111952,5
5111961,5
5111969,5
5111977,5
5111986,5
5111994,5
5112002,5
5112011,5
5112019,5
5112027,5
5112036,5
5112044,5
5112052,5
5112061,5
5112069,5
5112077,5
5112086,5
5112094,5
5112102,5
5112111,5
5112119,5
5112127,0
5112136,0
5112144,0
5112152,0
5112161,5
5112169,5
5112177,5
5112186,5
5112194,5
5112202,5
5112211,5
5112219,5
5112228,5
5112236,5
5112244,5
5112252,5
5112261,5
5112269,5
5112277,5
5112286,5
5112294,5
5112302,5
5112311,5
5112319,5
5112327,5
5112336,5
5112344,5
5112352,5
5112361,5
5112369,5
5112377,5
5112386,5
5112394,5
5112402,5
5112411,5
5112419,5
5112427,5
5112436,5
5112444,5
5112452,5
5112461,5
5112469,5
5112478,5
5112486,5
5112494,5
5112503,5
5112511,5
5112519,5
5112527,5
5112536,5
5112624,5
5112632,5
5112641,5
5112649,5
5112657,5
5112666,5
5112674,5
5112682,5
5112691,5
5112699,5
5112707,5
5112716,5
5112724,5
5112732,5
5112741,5
5112749,5
5112757,5
5112766,5
5112774,5
5112782,5
5112791,5
5112799,5
5112807,5
5112816,5
5112824,5
5112857,5
5112899,5
5112907,5
5112916,5
5112924,5
5112933,5
5112941,5
5112949,5
5112957,5
5112966,5
5112974,5
5112982,5
5112991,5
5112999,5
5113007,5
5113016,5
5113024,5
5113032,5
5113041,5
5113049,5
5113057,5
5113066,5
5113074,5
5113082,5
5113091,5
5113099,5
5113107,5
5113116,5
5113124,5
5113132,5
5113141,5
5113149,5
5113157,5
5113166,5
5113174,5
5113182,5
5113191,5
5113199,5
5113207,5
5113216,5
5113224,5
5113232,5
5113241,0
5113249,0
5113257,0
5113266,0
5113274,0
5113282,4
5113299,0
5113307,0
5113316,0
5113324,0
5113332,0
5113341,0
5113349,0
5113357,0
5113366,0
5113374,0
5113382,0
5113399,0
5113407,0
5113424,0
5113432,0
5113441,0
5113449,0
5113457,0
5113466,0
5113474,0
5113482,0
5113491,0
5113499,0
5113507,0
5113515,0
5113524,0
5113532,0
5113540,0
5113549,0
5113557,0
5113565,0
5113574,0
5113582,0
5113590,0
5113599,0
5113607,0
5113615,0
5113624,0
5113632,0
5113640,0
5113649,0
5113657,0
5113665,0
5113674,0
5113682,0
5113699,0
5113707,0
5113715,0
5113724,0
5113732,0
5113741,0
5113749,0
5113757,0
5113765,0
5113774,0
5113782,0
5113799,0
5113807,0
5113815,0
5113824,0
5113832,0
5113840,0
5113849,0
5113857,0
5113865,0
5113874,0
5113882,0
5113891,0
5113899,0
5113907,0
5113915,0
5113924,0
5113932,0
5113940,0
5113949,0
5113957,0
5113965,0
5113974,0
5113982,0
5113999,0
5114007,0
5114016,0
5114024,0
5114032,0
5114040,0
5114049,0
5114057,0
5114065,0
5114074,0
5114082,0
5114090,0
5114099,0
5114107,0
5114115,0
5114124,0
5114133,0
5114140,0
5114149,0
5114157,0
5114165,0
5114174,0
5114182,0
5114199,0
5114207,0
5114215,0
5114224,0
5114232,0
5114240,0
5114249,0
5114257,0
5114266,0
5114274,0
5114282,0
5114290,0
5114299,0
5114307,0
5114315,0
5114324,0
5114332,0
5114340,0
5114349,0
5114357,0
5114365,0
5114374,0
5114565,5
5114590,5
5114615,5
5114624,0
5114632,0
5114640,0
5114649,0
5114657,0
5114665,0
5114674,0
5114682,0
5114691,0
5114699,0
5114707,0
5114715,0
5114724,0
5114732,0
5114740,0
5114749,0
5114757,0
5114765,0
5114774,0
5114782,5
5114790,5
5114799,5
5114807,5
5114815,5
5114824,5
5114832,5
5114840,5
5114849,5
5114857,5
5114865,5
5114874,5
5114882,5
5114890,5
5114899,5
5114907,5
5114915,5
5114924,5
5114932,5
5114940,5
5114949,5
5114957,5
5114965,5
5114974,5
5114982,5
5114990,5
5114999,5
5115007,5
5115015,5
5115024,5
5115032,5
5115099,5
5115107,5
5115115,5
5115124,5
5115132,5
5115140,5
5115149,5
5115157,5
5115165,5
5115174,5
5115182,5
5115190,5
5115199,5
5115207,5
5115215,5
5115224,5
5115232,5
5115240,5
5115249,5
5115257,5
5115265,5
5115274,5
5115282,5
5115290,0
5115299,0
5115307,0
5115315,0
5115324,0
5115332,0
5115340,0
5115349,0
5115357,0
5115365,0
5115374,0
5115382,0
5115390,0
5115399,0
5115407,0
5115415,0
5115424,0
5115432,0
5115440,0
5115449,0
5115457,0
5115465,0
5115474,0
5115482,0
5115490,0
5115499,0
5115507,0
5115515,0
5115524,0
5115532,0
5115540,0
5115549,0
5115557,0
5115565,0
5115574,0
5115582,0
5115590,0
5115599,0
5115607,0
5115615,0
5115624,0
5115632,0
5115640,0
5115649,0
5115657,0
5115665,0
5115674,0
5115682,0
5115690,0
5115699,0
5115707,0
5115715,0
5115724,0
5115733,0
5115740,0
5115749,0
5115757,0
5115765,0
5115774,0
5115782,0
5115799,0
5115807,0
5115815,0
5115824,0
5115832,0
5115840,0
5115849,0
5115857,0
5115865,0
5115874,0
5115882,0
5115890,0
5115899,0
5115907,0
5115915,0
5115924,0
5115932,0
5115940,0
5115949,0
5115957,0
5115965,0
5115974,0
5115982,0
5115990,0
5115999,0
5116007,0
5116015,0
5116024,0
5116032,0
5116040,0
5116049,0
5116057,0
5116065,0
5116074,0
5116082,0
5116090,0
5116099,0
5116107,0
5116115,0
5116124,0
5116132,0
5116140,0
5116149,0
5116157,0
5116165,0
5116174,0
5116182,0
5116190,0
5116199,0
5116207,0
5116215,0
5116224,0
5116232,0
5116240,0
5116249,0
5116257,0
5116265,0
5116274,0
5116282,0
5116290,0
5116299,0
5116307,0
5116315,0
5116324,0
5116332,0
5116340,0
5116349,0
5116357,0
5116365,0
5116374,0
5116382,0
5116390,0
5116399,0
5116407,0
5116415,0
5116424,0
5116432,0
5116440,0
5116449,0
5116457,0
5116465,0
5116474,0
5116482,0
5116499,0
5116507,0
5116524,0
5116532,0
5116540,0
5116549,0
5116557,0
5116565,0
5116574,0
5116582,0
5116590,0
5116599,0
5116607,0
5116615,0
5116624,0
5116632,0
5116640,0
5116649,0
5116657,0
5116665,0
5116674,0
5116682,1
5116874,5
5116882,5
5116890,5
5116899,5
5116907,5
5116915,5
5116924,5
5116932,5
5116940,5
5116949,5
5116957,5
5116965,5
5116974,5
5116982,5
5116990,5
5116999,5
5117007,5
5117015,5
5117024,5
5117032,5
5117040,5
5117049,5
5117057,5
5117065,5
5117074,5
5117082,5
5117090,5
5117099,5
5117107,5
5117115,5
5117124,5
5117132,5
5117140,5
5117149,5
5117157,5
5117165,5
5117174,5
5117182,5
5117190,5
5117199,5
5117207,5
5117215,5
5117224,5
5117232,5
5117240,5
5117248,5
5117257,5
5117265,5
5117274,5
5117282,5
5117290,5
5117299,5
5117307,5
5117315,5
5117323,5
5117332,0
5117341,0
5117349,0
5117357,0
5117365,0
5117373,0
5117382,0
5117390,0
5117398,0
5117407,0
5117415,0
5117423,0
5117432,0
5117440,0
5117448,0
5117457,0
5117465,0
5117474,0
5117482,0
5117490,0
5117498,0
5117507,0
5117515,0
5117523,0
5117532,0
5117540,0
5117548,0
5117557,0
5117565,0
5117573,0
5117582,0
5117590,0
5117599,0
5117607,0
5117615,0
5117624,0
5117632,0
5117640,0
5117648,0
5117657,0
5117665,0
5117674,0
5117682,0
5117690,0
5117699,0
5117707,0
5117715,0
5117723,0
5117732,0
5117740,0
5117749,0
5117757,0
5117765,0
5117773,0
5117782,0
5117790,0
5117798,0
5117807,0
5117815,0
5117823,0
5117832,0
5117840,0
5117848,0
5117857,0
5117865,0
5117874,0
5117882,0
5117890,0
5117898,0
5117907,0
5117915,0
5117923,0
5117932,0
5117940,0
5117948,0
5117957,0
5117965,0
5117973,0
5117982,0
5117990,0
5117998,0
5118007,0
5118015,0
5118024,0
5118032,0
5118040,0
5118048,0
5118057,0
5118065,0
5118073,0
5118082,0
5118090,5
5118348,5
5118390,5
5118398,5
5118407,0
5118415,0
5118424,0
5118432,0
5118440,0
5118448,0
5118457,0
5118465,0
5118473,0
5118482,0
5118490,0
5118498,0
5118507,0
5118515,0
5118523,0
5118532,0
5118540,0
5118548,0
5118557,0
5118565,0
5118573,0
5118582,0
5118590,0
5118598,0
5118607,0
5118615,0
5118623,0
5118632,0
5118640,0
5118648,0
5118657,0
5118665,0
5118673,0
5118682,0
5118690,0
5118698,0
5118707,0
5118715,0
5118723,0
5118732,0
5118740,0
5118748,0
5118757,0
5118765,0
5118773,0
5118782,0
5118790,0
5118798,0
5118807,0
5118815,0
5118823,0
5118832,0
5118840,0
5118848,0
5118857,0
5118865,0
5118873,0
5118882,0
5118890,0
5118898,0
5118907,0
5118915,0
5118923,0
5118932,0
5118940,0
5118948,0
5118957,0
5118965,0
5118973,0
5118982,0
5118990,0
5118998,0
5119007,0
5119015,0
5119023,0
5119032,0
5119040,0
5119048,0
5119057,0
5119065,0
5119073,0
5119082,0
5119090,0
5119098,0
5119107,0
5119115,0
5119123,0
5119132,0
5119140,0
5119148,0
5119157,0
5119165,0
5119173,0
5119182,0
5119190,0
5119198,0
5119207,0
5119215,0
5119223,0
5119232,0
5119240,0
5119248,0
5119257,0
5119265,0
5119273,0
5119282,0
5119290,0
5119298,0
5119307,0
5119315,0
5119323,0
5119332,0
5119340,0
5119348,0
5119357,0
5119365,0
5119374,0
5119382,0
5119390,0
5119398,0
5119407,0
5119415,0
5119423,0
5119432,0
5119440,0
5119448,0
5119457,0
5119465,0
5119473,0
5119482,0
5119490,0
5119498,0
5119507,0
5119515,0
5119523,0
5119532,0
5119540,0
5119548,0
5119557,0
5119565,0
5119573,0
5119582,0
5119590,0
5119598,0
5119607,0
5119615,0
5119623,0
5119632,0
5119640,0
5119648,0
5119657,0
5119665,0
5119673,0
5119682,0
5119690,0
5119698,0
5119707,0
5119715,0
5119723,0
5119732,0
5119740,0
5119748,0
5119757,0
5119765,0
5119773,0
5119782,0
5119790,0
5119798,0
5119807,0
5119815,0
5119823,0
5119832,0
5119840,0
5119848,0
5119857,0
5119865,0
5119873,0
5119882,0
5119890,0
5119898,0
5119907,0
5119915,0
5119923,0
5119932,0
5119940,0
5119948,0
5119957,0
5119965,5
5119973,5
5119990,5
5119998,5
5120007,5
5120015,5
5120023,5
5120032,5
5120040,5
5120048,5
5120057,5
5120065,5
5120073,5
5120082,5
5120090,5
5120098,5
5120107,5
5120115,5
5120123,5
5120132,5
5120140,5
5120148,5
5120157,5
5120165,5
5120173,5
5120182,5
5120190,5
5120198,5
5120207,5
5120215,5
5120223,5
5120232,5
5120240,5
5120248,5
5120257,5
5120265,5
5120273,5
5120282,5
5120290,5
5120298,5
5120307,5
5120315,5
5120323,5
5120332,5
5120340,5
5120348,5
5120357,5
5120365,5
5120373,5
5120382,5
5120390,5
5120398,5
5120407,5
5120415,5
5120423,5
5120432,5
5120440,5
5120448,5
5120457,5
5120465,5
5120473,5
5120482,5
5120490,0
5120498,0
5120507,0
5120515,0
5120523,0
5120532,0
5120540,0
5120548,0
5120557,0
5120565,0
5120573,0
5120582,0
5120590,0
5120598,0
5120607,0
5120615,0
5120623,0
5120632,0
5120640,0
5120648,0
5120657,0
5120665,0
5120673,0
5120682,0
5120690,0
5120698,0
5120707,0
5120715,0
5120723,0
5120732,0
5120740,0
5120748,0
5120757,0
5120765,0
5120773,0
5120782,0
5120790,0
5120798,0
5120807,0
5120815,0
5120823,0
5120832,0
5120840,0
5120848,0
5120857,0
5120865,0
5120873,0
5120882,0
5120890,0
5120898,0
5120907,0
5120915,0
5120923,0
5120932,0
5120940,0
5120948,0
5120957,0
5120965,0
5120973,0
5120982,0
5120990,0
5120998,0
5121007,0
5121015,0
5121023,0
5121032,0
5121040,0
5121048,0
5121057,0
5121065,0
5121073,0
5121082,0
5121090,0
5121098,0
5121106,0
5121115,0
5121123,0
5121132,0
5121140,0
5121148,0
5121157,0
5121165,0
5121173,0
5121181,0
5121190,0
5121198,0
5121206,0
5121215,0
5121223,0
5121231,0
5121240,0
5121248,0
5121257,0
5121265,0
5121298,0
5121306,0
5121315,0
5121323,0
5121331,0
5121340,0
5121348,0
5121356,0
5121365,0
5121373,0
5121382,0
5121390,0
5121398,0
5121407,0
5121415,0
5121423,0
5121431,0
5121440,0
5121448,0
5121456,0
5121465,0
5121473,0
5121482,0
5121490,0
5121498,0
5121506,0
5121515,0
5121523,0
5121532,0
5121540,0
5121548,0
5121556,0
5121565,0
5121573,0
5121581,0
5121590,0
5121598,0
5121607,0
5121615,0
5121623,0
5121631,0
5121640,0
5121648,0
5121656,0
5121665,0
5121673,0
5121681,0
5121690,0
5121698,0
5121706,0
5121715,0
5121723,0
5121731,0
5121740,0
5121748,0
5121756,0
5121765,0
5121773,0
5121782,0
5121790,0
5121798,0
5121807,0
5121815,0
5121823,0
5121831,0
5121840,0
5121848,0
5121856,0
5121865,0
5121873,0
5121881,0
5121890,0
5121898,0
5121906,0
5121915,0
5121923,0
5121931,0
5121940,0
5121948,0
5121956,0
5121965,0
5121973,0
5121981,0
5121990,0
5121998,0
5122006,0
5122015,0
5122023,0
5122031,0
5122040,0
5122048,0
5122056,0
5122065,0
5122073,0
5122081,0
5122090,0
5122098,0
5122106,0
5122115,0
5122123,0
5122131,0
5122140,0
5122148,0
5122156,0
5122165,0
5122173,0
5122181,0
5122190,0
5122198,0
5122206,0
5122215,0
5122223,0
5122231,0
5122240,0
5122248,0
5122256,0
5122265,0
5122273,0
5122281,0
5122290,0
5122298,0
5122306,0
5122315,0
5122323,0
5122331,0
5122340,0
5122348,0
5122356,0
5122365,0
5122373,0
5122381,0
5122390,0
5122398,0
5122406,0
5122415,0
5122423,0
5122431,0
5122440,0
5122448,0
5122456,0
5122465,0
5122481,4
5122681,0
5122740,5
5122756,5
5122765,5
5122773,5
5122781,5
5122790,0
5122798,0
5122806,0
5122815,0
5122823,0
5122831,0
5122840,0
5122848,0
5122856,0
5122865,0
5122873,0
5122881,0
5122890,0
5122898,0
5122906,0
5122915,0
5122923,0
5122931,0
5122940,0
5122948,0
5122956,0
5122965,0
5122973,0
5122981,0
5122990,0
5122998,0
5123006,0
5123015,0
5123023,0
5123031,0
5123040,0
5123048,0
5123056,0
5123065,0
5123073,0
5123081,0
5123090,0
5123098,0
5123106,0
5123115,0
5123123,0
5123131,0
5123140,0
5123148,0
5123156,0
5123165,0
5123173,0
5123181,0
5123190,0
5123198,0
5123206,0
5123215,0
5123223,5
5123231,5
5123240,5
5123248,5
5123256,5
5123265,5
5123273,5
5123281,5
5123290,5
5123298,5
5123306,5
5123315,5
5123323,5
5123331,5
5123340,5
5123348,0
5123356,0
5123365,0
5123373,0
5123381,0
5123390,0
5123398,0
5123407,0
5123415,0
5123423,0
5123431,0
5123440,0
5123448,0
5123456,0
5123473,0
5123481,0
5123490,0
5123498,0
5123506,0
5123515,0
5123523,0
5123531,0
5123540,0
5123548,5
5123556,5
5123573,5
5123581,5
5123590,5
5123598,5
5123606,5
5123615,0
5123623,0
5123631,0
5123640,0
5123648,0
5123656,0
5123673,0
5123681,0
5123690,0
5123698,0
5123706,0
5123715,0
5123723,0
5123731,0
5123740,0
5123748,0
5123756,0
5123765,0
5123773,0
5123781,0
5123806,0
5123815,0
5123823,0
5123831,0
5123840,0
5123848,0
5123856,0
5123865,0
5123873,0
5123881,0
5123890,0
5123898,0
5123906,0
5123915,0
5123923,0
5123931,0
5123940,0
5123948,0
5123956,0
5123965,0
5123973,0
5123981,0
5123990,0
5123998,0
5124006,0
5124015,0
5124023,0
5124031,0
5124040,0
5124048,0
5124056,0
5124073,0
5124081,0
5124090,0
5124098,0
5124106,0
5124115,0
5124123,0
5124131,0
5124140,0
5124148,0
5124156,0
5124165,0
5124173,0
5124181,0
5124190,0
5124198,0
5124206,0
5124215,0
5124223,0
5124231,0
5124240,0
5124248,0
5124256,0
5124265,0
5124273,0
5124281,0
5124290,0
5124298,0
5124306,0
5124315,0
5124323,0
5124331,0
5124340,0
5124348,0
5124356,0
5124365,0
5124373,0
5124381,0
5124390,0
5124398,0
5124406,0
5124415,0
5124423,0
5124431,0
5124440,0
5124448,0
5124456,0
5124465,0
5124473,0
5124481,0
5124490,0
5124498,0
5124506,0
5124515,0
5124523,0
5124531,0
5124540,0
5124548,0
5124556,0
5124565,0
5124573,0
5124581,0
5124590,0
5124598,0
5124606,0
5124615,0
5124623,0
5124631,0
5124640,0
5124648,0
5124656,0
5124665,0
5124673,0
5124681,0
5124690,0
5124698,0
5124706,0
5124715,0
5124723,0
5124731,0
5124740,0
5124748,0
5124756,0
5124773,0
5124781,0
5124790,0
5124798,0
5124806,0
5124815,0
5124823,0
5124831,0
5124840,0
5124848,0
5124856,0
5124865,0
5124873,0
5124881,0
5124890,0
5124898,0
5124906,0
5124915,0
5124923,0
5124931,0
5124939,0
5124948,0
5125140,0
5125148,5
5125164,5
5125173,5
5125181,5
5125189,0
5125198,0
5125206,0
5125214,0
5125223,0
5125231,0
5125240,0
5125248,0
5125256,0
5125265,0
5125273,0
5125281,0
5125289,0
5125298,0
5125306,0
5125314,0
5125323,0
5125331,0
5125339,0
5125348,0
5125356,0
5125364,0
5125373,0
5125381,0
5125389,0
5125398,0
5125406,0
5125415,0
5125423,0
5125431,0
5125439,0
5125448,0
5125456,0
5125464,0
5125473,0
5125481,0
5125489,0
5125498,0
5125506,0
5125514,0
5125523,0
5125531,0
5125540,0
5125548,0
5125556,0
5125581,0
5125590,0
5125615,0
5125623,0
5125631,0
5125639,0
5125648,0
5125656,0
5125673,0
5125681,0
5125689,0
5125698,0
5125706,0
5125714,0
5125723,0
5125731,0
5125740,0
5125748,0
5125757,0
5125764,0
5125773,0
5125781,0
5125789,0
5125798,0
5125806,0
5125814,0
5125823,0
5125831,0
5125839,0
5125848,0
5125856,0
5125864,0
5125873,0
5125881,0
5125889,0
5125898,0
5125906,0
5125914,0
5125923,0
5125931,0
5125939,0
5125948,0
5125956,0
5125964,0
5125973,0
5125981,0
5125989,0
5125998,0
5126006,0
5126015,0
5126023,0
5126031,0
5126039,0
5126048,0
5126056,0
5126064,0
5126073,0
5126081,0
5126089,0
5126098,0
5126106,0
5126114,0
5126123,0
5126131,0
5126140,0
5126148,0
5126156,0
5126173,0
5126181,0
5126189,0
5126198,0
5126206,0
5126223,0
5126231,0
5126239,0
5126248,0
5126398,0
5126439,5
5126448,5
5126464,5
5126489,5
5126498,5
5126506,0
5126523,0
5126531,0
5126539,0
5126548,0
5126556,0
5126564,0
5126573,0
5126581,0
5126589,0
5126598,0
5126606,0
5126614,0
5126623,0
5126631,0
5126639,0
5126648,0
5126656,0
5126664,0
5126673,0
5126681,0
5126698,0
5126706,0
5126714,0
5126723,0
5126731,0
5126739,0
5126756,0
5126764,0
5126773,0
5126781,0
5126798,0
5126807,0
5126815,0
5126823,0
5126831,0
5126840,0
5126848,0
5126856,0
5126864,0
5126873,0
5126881,0
5126889,0
5126898,0
5126906,0
5126914,0
5126923,0
5126931,0
5126940,0
5126948,0
5126956,0
5126973,0
5126981,0
5126989,0
5126998,0
5127006,0
5127014,0
5127023,0
5127031,0
5127039,0
5127048,0
5127056,1
5127065,0
5127073,0
5127081,0
5127089,0
5127098,0
5127106,0
5127114,0
5127123,0
5127131,0
5127139,0
5127148,0
5127156,0
5127173,0
5127181,0
5127189,0
5127198,0
5127207,0
5127214,0
5127223,0
5127231,0
5127239,0
5127248,0
5127256,0
5127264,0
5127273,0
5127281,0
5127289,0
5127298,0
5127306,0
5127314,5
5127323,5
5127331,5
5127340,5
5127348,5
5127357,0
5127364,0
5127373,0
5127381,0
5127389,0
5127398,0
5127406,0
5127414,0
5127423,0
5127431,0
5127440,0
5127448,0
5127456,0
5127464,0
5127474,0
5127481,0
5127489,0
5127498,0
5127506,0
5127514,0
5127523,0
5127531,0
5127540,0
5127548,0
5127556,0
5127573,0
5127581,0
5127589,0
5127598,0
5127606,0
5127614,0
5127623,0
5127631,0
5127639,0
5127648,0
5127656,0
5127673,0
5127681,0
5127698,0
5127706,0
5127714,0
5127723,0
5127731,0
5127740,0
5127748,0
5127756,0
5127773,0
5127781,0
5127789,0
5127798,0
5127806,0
5127814,0
5127823,0
5127831,0
5127839,0
5127848,0
5127856,0
5127864,0
5127873,0
5127881,0
5127889,0
5127898,0
5127906,0
5127914,0
5127923,0
5127931,0
5127939,0
5127948,0
5127956,0
5127973,0
5127981,0
5127989,0
5127998,0
5128007,0
5128014,0
5128023,0
5128031,0
5128039,0
5128048,0
5128056,0
5128064,0
5128073,0
5128081,0
5128089,0
5128098,0
5128106,0
5128114,0
5128123,0
5128131,0
5128139,0
5128148,0
5128156,0
5128164,0
5128173,0
5128181,0
5128198,0
5128206,0
5128214,0
5128223,0
5128231,0
5128239,0
5128248,0
5128256,0
5128273,0
5128281,0
5128289,0
5128298,0
5128306,0
5128314,0
5128323,0
5128331,0
5128339,0
5128348,0
5128356,0
5128373,0
5128381,0
5128389,0
5128398,0
5128406,0
5128414,0
5128423,0
5128431,0
5128439,0
5128448,0
5128456,0
5128473,0
5128481,0
5128489,0
5128498,0
5128506,0
5128514,0
5128523,0
5128531,0
5128539,0
5128548,0
5128556,0
5128573,0
5128581,0
5128589,0
5128598,0
5128606,0
5128614,0
5128623,0
5128631,0
5128648,0
5128656,0
5128673,0
5128681,0
5128689,0
5128698,0
5128706,0
5128714,0
5128723,0
5128731,0
5128739,0
5128748,0
5128756,0
5128765,0
5128773,0
5128781,0
5128789,0
5128798,0
5128806,0
5128814,0
5128823,0
5128831,0
5128839,0
5128847,0
5128856,0
5128864,0
5128873,0
5128881,0
5128889,0
5128898,0
5128906,0
5128914,0
5128923,0
5128931,0
5128947,0
5128956,0
5128972,0
5128981,0
5128989,0
5128998,0
5129006,0
5129014,0
5129023,0
5129031,0
5129039,0
5129047,0
5129056,5
5129072,0
5129081,0
5129089,0
5129097,0
5129106,0
5129114,0
5129122,0
5129131,0
5129139,0
5129148,0
5129156,0
5129165,0
5129172,0
5129181,0
5129189,0
5129197,0
5129206,0
5129214,0
5129222,0
5129231,0
5129239,0
5129247,0
5129256,0
5129272,0
5129281,0
5129289,0
5129297,0
5129306,0
5129314,0
5129322,0
5129331,0
5129339,0
5129347,0
5129356,0
5129364,0
5129372,0
5129381,0
5129389,0
5129397,0
5129406,0
5129414,0
5129422,0
5129431,0
5129439,0
5129448,0
5129456,0
5129464,0
5129472,0
5129481,0
5129489,0
5129497,0
5129506,0
5129514,0
5129522,0
5129531,0
5129539,0
5129547,0
5129556,0
5129565,0
5129572,0
5129581,0
5129589,0
5129597,0
5129606,0
5129614,0
5129622,0
5129631,0
5129639,0
5129647,0
5129656,0
5129664,0
5129672,0
5129697,0
5129706,0
5129714,0
5129722,0
5129731,0
5129739,0
5129747,0
5129756,0
5129764,0
5129772,0
5129781,0
5129789,0
5129797,0
5129806,0
5129814,0
5130039,0
5130047,0
5130064,0
5130089,5
5130097,5
5130106,0
5130114,0
5130122,0
5130131,0
5130139,0
5130147,0
5130156,0
5130164,0
5130172,0
5130181,0
5130189,0
5130197,0
5130206,0
5130214,0
5130223,0
5130231,0
5130239,0
5130247,0
5130256,0
5130264,0
5130272,0
5130281,0
5130289,0
5130297,0
5130306,0
5130314,0
5130322,0
5130331,0
5130339,0
5130347,0
5130356,0
5130364,0
5130372,0
5130381,0
5130389,0
5130398,0
5130406,0
5130414,0
5130422,0
5130431,0
5130439,0
5130447,0
5130456,0
5130464,0
5130472,0
5130481,0
5130489,0
5130497,0
5130506,0
5130514,0
5130523,0
5130531,0
5130539,0
5130547,0
5130556,0
5130564,0
5130572,0
5130581,0
5130589,0
5130597,0
5130606,0
5130614,0
5130622,0
5130631,0
5130639,0
5130648,0
5130656,0
5130664,0
5130672,0
5130681,0
5130689,0
5130697,0
5130706,0
5130714,0
5130722,0
5130731,0
5130739,0
5130747,0
5130756,0
5130764,0
5130773,0
5130781,0
5130789,0
5130798,0
5130806,0
5130814,0
5130822,0
5130831,0
5130839,0
5130847,0
5130856,0
5130864,0
5130872,0
5130881,0
5130889,0
5130897,0
5130906,0
5130914,0
5130922,0
5130931,0
5130939,0
5130947,0
5130956,0
5130964,0
5130972,0
5130981,0
5130989,0
5130997,0
5131006,0
5131014,0
5131022,0
5131031,0
5131039,0
5131047,0
5131056,0
5131064,0
5131072,0
5131081,0
5131089,0
5131097,0
5131106,0
5131114,0
5131122,0
5131131,0
5131139,0
5131147,0
5131156,0
5131172,0
5131181,0
5131189,0
5131197,0
5131206,0
5131214,0
5131222,0
5131231,0
5131239,0
5131247,0
5131256,0
5131264,0
5131272,0
5131281,0
5131289,0
5131297,0
5131306,0
5131314,0
5131322,0
5131331,0
5131339,0
5131347,0
5131356,0
5131364,0
5131372,0
5131381,0
5131389,0
5131397,0
5131406,0
5131414,0
5131422,0
5131431,0
5131439,0
5131447,0
5131456,0
5131464,0
5131472,0
5131481,0
5131489,0
5131497,0
5131506,0
5131514,0
5131522,0
5131531,0
5131539,0
5131547,0
5131556,0
5131564,0
5131572,0
5131581,0
5131589,0
5131597,0
5131606,0
5131614,0
5131622,0
5131631,0
5131639,0
5131647,0
5131656,0
5131664,0
5131672,0
5131681,0
5131689,0
5131697,0
5131706,0
5131714,0
5131722,0
5131731,0
5131739,0
5131747,0
5131756,0
5131764,0
5131772,0
5131781,0
5131789,0
5131797,0
5131806,0
5131814,0
5131822,0
5131831,0
5131839,0
5131847,0
5131856,0
5131864,0
5131872,0
5131881,0
5131889,0
5131897,0
5131906,0
5131914,0
5131922,0
5131931,0
5131939,0
5131947,0
5131956,0
5131964,0
5131972,0
5131981,0
5131989,0
5131997,0
5132006,0
5132014,0
5132022,0
5132031,0
5132039,0
5132047,0
5132056,0
5132064,0
5132072,0
5132081,0
5132089,0
5132097,0
5132106,0
5132114,0
5132122,0
5132131,0
5132139,0
5132147,0
5132156,0
5132164,0
5132172,0
5132181,5
5132189,5
5132197,5
5132206,5
5132214,5
5132222,5
5132231,5
5132239,5
5132247,5
5132256,5
5132264,5
5132272,5
5132281,5
5132289,5
5132297,5
5132306,5
5132314,0
5132322,5
5132331,5
5132339,5
5132347,5
5132356,5
5132364,5
5132372,5
5132381,5
5132389,0
5132397,5
5132406,5
5132414,5
5132422,5
5132431,5
5132439,5
5132447,5
5132456,5
5132464,0
5132472,0
5132481,0
5132489,0
5132497,0
5132506,0
5132514,0
5132522,5
5132531,5
5132539,5
5132547,5
5132556,5
5132564,5
5132572,0
5132581,0
5132589,0
5132597,0
5132606,0
5132614,0
5132622,0
5132631,0
5132639,0
5132647,0
5132656,0
5132664,0
5132672,0
5132681,0
5132689,0
5132697,0
5132706,0
5132714,0
5132722,0
5132731,0
5132739,0
5132747,0
5132756,0
5132764,0
5132772,0
5132780,0
5132789,0
5132797,0
5132806,0
5132814,0
5132822,0
5132831,0
5132839,0
5132847,0
5132855,0
5132864,0
5132872,0
5132881,0
5132889,0
5132897,0
5132905,0
5132914,0
5132922,0
5132930,0
5132947,0
5132956,0
5132964,0
5132972,0
5132980,0
5132989,0
5132997,0
5133005,0
5133014,0
5133022,0
5133030,0
5133047,0
5133055,0
5133072,0
5133080,0
5133089,0
5133097,0
5133106,0
5133114,0
5133122,0
5133130,0
5133139,0
5133147,0
5133155,0
5133164,0
5133172,0
5133180,0
5133189,0
5133197,0
5133205,0
5133214,0
5133222,0
5133231,0
5133239,0
5133247,0
5133255,0
5133264,5
5133272,5
5133280,0
5133289,0
5133297,0
5133305,0
5133314,0
5133472,0
5133480,0
5133489,0
5133497,0
5133505,0
5133514,0
5133530,0
5133539,0
5133547,0
5133555,0
5133564,0
5133572,0
5133580,0
5133589,0
5133597,0
5133605,0
5133614,0
5133622,0
5133631,0
5133639,0
5133647,0
5133655,0
5133664,0
5133672,0
5133680,0
5133689,0
5133697,0
5133705,0
5133714,0
5133722,0
5133730,0
5133739,0
5133747,0
5133755,0
5133764,0
5133772,0
5133781,0
5133797,0
5133805,0
5133814,0
5133822,0
5133830,0
5133839,0
5133847,0
5133855,0
5133864,0
5133872,0
5133889,0
5133897,0
5134114,2
5134139,1
5134155,0
5134164,5
5134222,0
5134230,0
5134239,0
5134247,0
5134255,0
5134264,0
5134272,0
5134280,0
5134289,0
5134297,0
5134305,0
5134314,0
5134322,0
5134330,0
5134339,0
5134347,0
5134355,0
5134364,0
5134372,0
5134380,0
5134389,0
5134397,0
5134405,0
5134414,0
5134422,0
5134430,0
5134439,0
5134447,0
5134455,0
5134464,0
5134472,0
5134480,0
5134489,0
5134497,0
5134505,0
5134514,0
5134522,0
5134530,0
5134539,0
5134547,0
5134555,0
5134564,0
5134572,0
5134581,0
5134589,0
5134597,0
5134605,0
5134614,0
5134622,0
5134630,0
5134639,0
5134647,0
5134655,0
5134664,0
5134672,0
5134680,0
5134689,0
5134697,0
5134705,0
5134714,0
5134722,0
5134730,0
5134739,0
5134747,0
5134755,0
5134764,0
5134772,0
5134780,0
5134797,0
5134805,0
5134814,0
5134822,0
5134830,0
5134839,0
5134847,0
5134856,0
5134864,0
5134872,0
5134880,0
5134897,0
5134905,0
5134914,0
5134922,0
5134930,0
5134939,0
5134947,0
5134955,0
5134964,0
5134972,0
5134981,0
5134989,0
5134997,0
5135005,0
5135022,0
5135030,0
5135039,0
5135047,0
5135055,0
5135064,0
5135072,0
5135080,0
5135089,0
5135097,0
5135105,0
5135114,0
5135122,0
5135130,0
5135139,0
5135147,0
5135155,0
5135164,0
5135172,0
5135180,0
5135189,0
5135197,0
5135205,0
5135214,0
5135222,0
5135230,0
5135239,0
5135247,0
5135255,0
5135264,0
5135272,0
5135280,0
5135289,0
5135297,0
5135305,0
5135314,0
5135322,0
5135330,0
5135339,0
5135347,0
5135355,0
5135364,0
5135372,0
5135380,0
5135389,0
5135397,0
5135405,0
5135414,0
5135422,0
5135430,0
5135439,0
5135447,0
5135455,0
5135464,0
5135472,0
5135480,0
5135489,0
5135497,0
5135505,0
5135514,0
5135522,0
5135530,0
5135539,0
5135547,0
5135555,0
5135564,0
5135572,0
5135580,0
5135589,0
5135597,0
5135605,0
5135614,0
5135622,0
5135630,0
5135639,0
5135647,0
5135655,0
5135664,0
5135672,0
5135680,0
5135689,0
5135697,0
5135705,0
5135714,0
5135722,0
5135730,0
5135739,0
5135747,0
5135755,0
5135764,0
5135772,5
5135780,5
5135789,5
5135797,5
5135805,5
5135822,5
5135830,5
5135839,5
5135847,5
5135855,5
5135864,0
5135872,5
5135880,5
5135889,5
5135897,5
5135905,5
5135914,5
5135922,5
5135930,5
5135939,5
5135947,5
5135955,5
5135964,5
5135972,5
5135980,5
5135997,5
5136005,5
5136014,5
5136022,5
5136030,5
5136039,5
5136047,5
5136055,5
5136064,5
5136072,5
5136080,5
5136089,5
5136097,5
5136105,5
5136114,5
5136122,5
5136130,5
5136139,5
5136147,5
5136155,5
5136164,5
5136172,5
5136180,5
5136189,5
5136197,5
5136205,5
5136214,5
5136222,5
5136230,5
5136239,5
5136247,5
5136255,5
5136264,5
5136272,5
5136280,5
5136289,5
5136297,5
5136305,5
5136314,5
5136322,5
5136330,5
5136339,5
5136347,5
5136355,5
5136364,5
5136372,5
5136380,5
5136389,5
5136397,5
5136405,1
5136414,1
5136422,1
5136430,1
5136439,5
5136447,5
5136455,5
5136464,0
5136472,0
5136480,0
5136489,0
5136497,0
5136505,0
5136514,0
5136522,0
5136530,0
5136539,0
5136547,0
5136555,0
5136564,0
5136572,0
5136580,0
5136597,0
5136605,0
5136614,0
5136622,0
5136630,0
5136639,0
5136647,0
5136655,0
5136664,0
5136672,0
5136680,0
5136688,0
5136697,0
5136705,0
5136714,0
5136722,0
5136730,0
5136739,0
5136747,0
5136755,0
5136764,0
5136772,0
5136780,0
5136788,0
5136797,0
5136805,0
5136813,0
5136822,0
5136830,0
5136838,0
5136847,0
5136855,0
5136864,0
5136872,0
5136880,0
5136897,0
5136905,0
5136913,0
5136922,5
5136930,5
5136938,1
5136947,5
5136955,5
5136963,5
5136972,5
5136980,5
5136988,5
5136997,5
5137005,5
5137014,5
5137022,1
5137030,1
5137038,1
5137047,5
5137055,5
5137063,5
5137072,5
5137080,5
5137088,5
5137097,5
5137105,5
5137113,5
5137122,5
5137130,5
5137139,5
5137147,5
5137155,5
5137164,5
5137172,5
5137180,5
5137188,5
5137197,0
5137205,0
5137213,0
5137222,0
5137230,0
5137238,0
5137247,0
5137255,0
5137263,0
5137272,0
5137280,0
5137289,0
5137297,0
5137305,0
5137313,0
5137322,0
5137330,0
5137338,0
5137347,0
5137355,0
5137363,0
5137372,0
5137380,0
5137388,0
5137397,0
5137405,0
5137414,0
5137422,0
5137430,0
5137438,0
5137447,0
5137455,0
5137463,0
5137472,0
5137480,0
5137488,0
5137497,0
5137505,0
5137513,0
5137522,0
5137530,0
5137538,0
5137547,0
5137555,0
5137564,0
5137572,0
5137580,5
5137588,5
5137597,5
5137605,5
5137613,5
5137622,5
5137630,5
5137638,5
5137647,5
5137655,5
5137663,5
5137672,5
5137680,5
5137688,5
5137697,5
5137705,5
5137713,5
5137722,5
5137730,5
5137738,5
5137747,5
5137755,5
5137763,5
5137772,5
5137780,5
5137788,5
5137797,5
5137805,5
5137814,5
5137822,5
5137830,5
5137838,5
5137847,5
5137855,1
5137863,5
5137872,5
5137880,1
5137888,1
5137897,1
5137905,1
5137913,1
5137922,1
5137930,1
5137938,1
5137947,1
5137955,1
5137964,1
5137972,1
5137980,5
5137988,5
5137997,5
5138005,1
5138013,5
5138022,5
5138030,5
5138038,5
5138047,1
5138055,5
5138063,5
5138072,5
5138080,5
5138088,5
5138097,1
5138105,1
5138113,1
5138122,1
5138130,5
5138138,5
5138147,1
5138155,1
5138163,1
5138172,1
5138180,1
5138188,1
5138197,1
5138205,1
5138213,1
5138222,1
5138230,1
5138238,1
5138247,1
5138255,1
5138263,1
5138272,1
5138280,1
5138288,1
5138297,1
5138305,1
5138313,1
5138322,1
5138330,1
5138338,1
5138347,1
5138355,1
5138363,1
5138372,1
5138380,1
5138388,1
5138397,1
5138405,1
5138413,1
5138422,1
5138438,1
5138597,0
5138638,5
5138647,5
5138655,5
5138663,1
5138672,3
5138680,3
5138688,1
5138697,2
5138705,2
5138713,2
5138722,2
5138730,1
5138738,1
5138747,1
5138755,1
5138763,1
5138772,1
5138780,1
5138788,1
5138797,1
5138805,1
5138813,1
5138822,1
5138830,1
5138838,5
5138847,1
5138855,5
5138863,5
5138872,5
5138880,5
5138889,5
5138897,5
5138905,5
5138913,5
5138922,1
5138930,1
5138938,1
5138947,5
5138955,5
5138963,5
5138972,1
5138980,5
5138988,5
5138997,5
5139005,5
5139013,1
5139022,1
5139030,5
5139038,1
5139047,1
5139055,5
5139063,5
5139072,5
5139080,5
5139088,5
5139097,5
5139105,5
5139113,5
5139122,5
5139130,5
5139138,5
5139147,5
5139155,5
5139163,5
5139172,5
5139180,5
5139188,5
5139197,5
5139205,5
5139213,5
5139222,5
5139230,5
5139238,5
5139247,5
5139255,5
5139263,5
5139272,5
5139280,5
5139288,5
5139297,5
5139305,5
5139313,5
5139322,5
5139330,5
5139338,5
5139347,5
5139355,5
5139363,5
5139372,5
5139380,5
5139388,0
5139397,5
5139405,5
5139413,5
5139422,5
5139430,5
5139438,5
5139447,5
5139455,5
5139463,5
5139472,5
5139480,5
5139488,5
5139497,5
5139505,5
5139513,5
5139522,5
5139530,5
5139538,5
5139547,5
5139555,5
5139563,5
5139572,5
5139580,5
5139588,5
5139597,5
5139605,5
5139613,5
5139622,5
5139630,5
5139638,5
5139647,5
5139672,5
5139680,5
5139688,5
5139697,5
5139705,5
5139713,5
5139722,5
5139730,5
5139738,5
5139747,5
5139755,5
5139763,5
5139772,5
5139780,5
5139788,5
5139797,5
5139805,5
5139813,5
5139822,5
5139830,5
5139838,5
5139847,5
5139855,5
5139863,5
5139872,5
5139880,5
5139888,5
5139897,5
5139905,5
5139913,5
5139922,5
5139930,5
5139938,5
5139947,5
5139955,5
5139963,5
5139972,5
5139980,5
5139997,5
5140005,5
5140013,0
5140022,0
5140030,0
5140038,0
5140047,0
5140055,0
5140063,0
5140072,0
5140080,0
5140088,0
5140097,0
5140105,0
5140113,0
5140122,0
5140130,0
5140138,0
5140147,0
5140155,0
5140163,0
5140172,0
5140180,0
5140188,0
5140197,0
5140205,0
5140213,0
5140222,0
5140230,0
5140238,0
5140247,0
5140255,0
5140263,0
5140272,0
5140280,0
5140297,0
5140305,0
5140313,0
5140322,0
5140330,0
5140338,0
5140347,0
5140355,0
5140363,0
5140372,0
5140380,0
5140388,0
5140397,0
5140405,0
5140413,0
5140421,0
5140430,0
5140438,0
5140447,0
5140455,0
5140463,0
5140472,0
5140480,0
5140488,0
5140497,0
5140505,0
5140513,0
5140521,0
5140530,0
5140538,0
5140547,0
5140555,0
5140563,0
5140571,0
5140580,0
5140588,0
5140597,0
5140605,0
5140613,0
5140622,0
5140630,0
5140638,0
5140646,0
5140655,0
5140663,0
5140671,0
5140680,0
5140688,0
5140696,0
5140705,0
5140713,0
5140721,0
5140730,0
5140738,0
5140746,0
5140755,0
5140763,0
5140771,0
5140780,0
5140788,0
5140796,0
5140805,0
5140813,0
5140821,0
5140830,0
5140846,0
5140855,0
5140863,0
5140872,0
5140880,0
5140888,0
5140896,0
5140905,0
5140913,0
5140921,0
5140930,0
5140938,0
5140946,0
5140955,0
5140963,0
5140971,0
5140980,0
5140988,0
5140996,0
5141005,0
5141013,0
5141021,0
5141030,0
5141038,0
5141046,0
5141055,0
5141063,0
5141071,0
5141080,0
5141088,0
5141096,0
5141105,0
5141113,0
5141121,0
5141130,0
5141147,0
5141155,0
5141163,0
5141171,0
5141180,0
5141188,0
5141196,0
5141205,0
5141213,0
5141221,0
5141230,0
5141246,0
5141255,0
5141263,0
5141271,0
5141280,0
5141288,0
5141296,0
5141305,0
5141313,0
5141321,0
5141330,0
5141346,0
5141355,0
5141363,0
5141371,0
5141380,0
5141388,0
5141396,0
5141405,0
5141413,0
5141421,0
5141430,0
5141438,0
5141446,0
5141455,0
5141463,0
5141471,0
5141480,0
5141488,0
5141496,0
5141505,0
5141513,0
5141521,0
5141530,0
5141546,0
5141555,0
5141563,0
5141571,0
5141580,0
5141588,0
5141596,0
5141605,0
5141613,0
5141621,0
5141630,0
5141638,0
5141646,0
5141655,0
5141663,0
5141671,0
5141680,0
5141688,0
5141696,0
5141705,0
5141713,0
5141721,0
5141730,0
5141738,0
5141746,0
5141755,0
5141763,0
5141771,0
5141780,0
5141788,0
5141796,0
5141805,0
5141813,0
5141821,0
5141830,0
5141846,0
5141855,0
5141863,0
5141871,0
5141880,0
5141888,0
5141896,0
5141905,0
5141913,0
5141921,0
5141930,0
5141946,0
5141955,0
5141963,0
5141971,0
5141980,0
5141988,0
5141996,0
5142163,5
5142171,5
5142188,1
5142213,5
5142238,1
5142246,0
5142255,0
5142263,0
5142271,0
5142280,0
5142288,0
5142296,0
5142305,0
5142313,0
5142321,0
5142330,0
5142346,0
5142355,0
5142363,0
5142371,0
5142380,0
5142388,0
5142396,0
5142405,0
5142413,0
5142421,0
5142430,0
5142438,0
5142446,0
5142455,0
5142463,0
5142471,0
5142480,0
5142488,0
5142496,0
5142505,0
5142513,0
5142521,0
5142530,0
5142538,0
5142546,0
5142555,0
5142563,0
5142571,0
5142580,0
5142588,0
5142596,0
5142605,0
5142613,0
5142621,0
5142630,0
5142646,0
5142655,0
5142663,0
5142671,0
5142680,0
5142688,0
5142696,0
5142705,0
5142713,0
5142721,0
5142730,0
5142746,0
5142755,0
5142763,0
5142771,0
5142780,0
5142788,0
5142796,0
5142805,0
5142813,0
5142821,0
5142830,0
5142846,0
5142855,0
5142863,0
5142871,0
5142880,0
5142888,0
5142896,0
5142905,0
5142913,0
5142921,0
5142930,0
5142946,0
5142955,0
5142963,0
5142971,0
5142980,0
5142988,0
5142996,0
5143005,0
5143013,0
5143021,0
5143030,0
5143046,0
5143055,0
5143063,0
5143071,0
5143080,0
5143088,0
5143096,0
5143105,0
5143113,0
5143121,0
5143130,0
5143146,0
5143155,0
5143163,0
5143171,0
5143180,0
5143188,0
5143196,0
5143205,0
5143213,0
5143221,0
5143230,0
5143238,0
5143246,0
5143255,0
5143263,0
5143271,0
5143280,0
5143288,0
5143296,0
5143305,0
5143313,0
5143321,0
5143330,0
5143346,0
5143355,0
5143363,0
5143371,0
5143380,0
5143388,0
5143396,0
5143405,0
5143413,0
5143421,0
5143430,0
5143446,0
5143455,0
5143463,0
5143471,0
5143480,0
5143488,0
5143496,0
5143505,0
5143513,0
5143521,0
5143530,0
5143538,0
5143546,0
5143555,0
5143563,0
5143571,0
5143580,0
5143588,0
5143596,0
5143605,0
5143613,0
5143621,0
5143630,0
5143638,0
5143646,0
5143655,0
5143663,0
5143671,0
5143680,0
5143688,0
5143696,0
5143705,0
5143713,0
5143721,0
5143730,0
5143738,0
5143746,0
5143763,0
5143955,0
5143963,0
5143988,0
5144013,5
5144021,5
5144030,5
5144038,0
5144046,0
5144055,0
5144063,0
5144071,0
5144080,0
5144088,0
5144096,0
5144105,0
5144113,0
5144121,0
5144130,0
5144138,0
5144146,0
5144155,0
5144163,0
5144171,0
5144180,0
5144188,0
5144196,0
5144205,0
5144213,0
5144230,0
5144238,0
5144247,0
5144254,0
5144263,0
5144271,0
5144280,0
5144288,0
5144296,0
5144305,0
5144313,0
5144321,0
5144330,0
5144346,0
5144355,0
5144371,0
5144380,0
5144388,0
5144396,0
5144404,0
5144413,0
5144421,0
5144429,0
5144438,0
5144446,0
5144454,0
5144463,0
5144471,0
5144479,0
5144488,0
5144496,0
5144505,0
5144513,0
5144521,0
5144530,0
5144538,0
5144546,0
5144554,0
5144563,0
5144571,0
5144579,0
5144588,0
5144596,0
5144604,0
5144613,0
5144621,0
5144630,0
5144638,0
5144921,5
5144929,5
5144938,5
5144946,5
5144954,5
5144963,5
5144971,5
5144980,5
5144988,5
5144996,5
5145004,5
5145013,5
5145021,5
5145029,5
5145038,5
5145046,5
5145054,5
5145063,5
5145071,5
5145079,5
5145088,5
5145096,5
5145104,5
5145113,5
5145121,5
5145129,5
5145138,5
5145146,5
5145154,5
5145163,5
5145171,5
5145179,5
5145188,5
5145196,5
5145204,5
5145213,5
5145221,5
5145229,5
5145238,0
5145246,0
5145254,0
5145263,0
5145271,0
5145280,0
5145288,0
5145296,0
5145304,0
5145313,0
5145321,0
5145329,0
5145338,0
5145346,0
5145354,0
5145363,0
5145371,0
5145379,0
5145388,0
5145396,5
5145404,5
5145413,5
5145421,5
5145429,5
5145438,5
5145446,5
5145454,5
5145463,5
5145471,5
5145479,5
5145488,5
5145496,5
5145504,5
5145513,5
5145521,5
5145529,5
5145538,5
5145546,5
5145554,5
5145563,5
5145571,5
5145579,5
5145588,5
5145596,5
5145604,5
5145613,5
5145621,5
5145629,5
5145646,5
5145654,5
5145663,5
5145671,5
5145679,5
5145688,5
5145696,5
5145704,5
5145713,5
5145721,5
5145729,5
5145738,5
5145746,5
5145754,0
5145763,0
5145771,0
5145779,0
5145788,0
5145796,0
5145804,0
5145813,0
5145821,0
5145829,0
5145838,0
5145846,0
5145854,0
5145863,0
5145871,0
5145879,0
5145888,0
5145896,0
5145904,0
5145913,0
5145921,0
5145929,0
5145938,0
5145946,0
5145954,0
5145963,0
5145971,0
5145980,0
5145988,0
5145996,0
5146004,0
5146013,0
5146021,0
5146029,0
5146038,0
5146046,0
5146054,0
5146063,0
5146071,0
5146079,0
5146088,0
5146096,0
5146104,0
5146113,0
5146121,0
5146129,0
5146138,0
5146146,0
5146154,0
5146163,0
5146171,0
5146179,0
5146188,0
5146196,0
5146204,0
5146213,0
5146221,0
5146229,0
5146238,0
5146246,0
5146254,0
5146263,0
5146271,0
5146279,0
5146288,0
5146296,0
5146304,0
5146313,0
5146321,0
5146329,0
5146338,0
5146346,0
5146354,0
5146363,0
5146371,0
5146379,0
5146388,0
5146396,0
5146404,0
5146413,0
5146421,0
5146429,0
5146438,0
5146446,0
5146454,0
5146463,0
5146471,0
5146479,0
5146488,0
5146496,0
5146504,0
5146513,0
5146521,5
5146529,5
5146538,5
5146546,5
5146554,5
5146563,5
5146571,5
5146579,5
5146588,5
5146596,5
5146604,6
5146613,6
5146621,5
5146629,6
5146638,5
5146646,5
5146654,5
5146663,5
5146671,5
5146679,5
5146688,5
5146696,5
5146704,5
5146713,5
5146721,5
5146729,6
5146738,6
5146746,5
5146754,5
5146763,5
5146771,5
5146779,6
5146788,6
5146796,6
5146804,0
5146813,0
5146821,5
5146829,5
5146838,5
5146846,5
5146854,5
5146863,5
5146871,5
5146879,5
5146888,5
5146896,5
5146904,5
5146913,5
5146921,5
5146929,5
5146938,5
5146946,5
5146954,5
5146963,5
5146971,5
5146979,5
5146988,5
5146996,5
5147004,5
5147013,5
5147021,5
5147029,5
5147038,5
5147046,5
5147054,5
5147063,5
5147071,5
5147079,5
5147088,5
5147096,5
5147104,5
5147113,5
5147121,5
5147129,5
5147138,5
5147146,5
5147154,5
5147163,5
5147171,5
5147179,5
5147188,5
5147196,5
5147204,5
5147213,5
5147221,5
5147229,5
5147238,5
5147246,5
5147254,5
5147263,5
5147271,5
5147279,5
5147288,5
5147296,5
5147304,5
5147313,5
5147321,5
5147329,5
5147338,5
5147346,5
5147354,5
5147363,0
5147371,0
5147379,0
5147388,0
5147396,0
5147404,0
5147413,0
5147421,0
5147429,0
5147438,0
5147446,0
5147454,0
5147463,0
5147471,0
5147479,0
5147488,0
5147496,0
5147504,0
5147513,0
5147521,0
5147529,0
5147538,0
5147546,0
5147554,0
5147563,0
5147571,0
5147580,0
5147588,0
5147596,0
5147604,0
5147613,0
5147621,0
5147629,0
5147638,0
5147646,0
5147654,0
5147663,0
5147671,0
5147679,0
5147688,0
5147696,0
5147704,0
5147713,0
5147721,0
5147729,0
5147738,0
5147746,0
5147754,0
5147763,0
5147771,0
5147779,0
5147788,0
5147796,0
5147804,0
5147813,0
5147821,0
5147829,0
5147838,0
5147846,0
5147854,0
5147863,0
5147871,0
5147879,0
5147888,0
5147896,0
5147904,0
5147913,0
5147921,0
5147929,0
5147938,0
5147946,0
5147954,0
5147963,0
5147971,0
5147979,0
5147988,0
5147996,0
5148004,0
5148013,0
5148021,0
5148029,0
5148038,0
5148046,0
5148054,0
5148071,0
5148079,0
5148088,0
5148096,0
5148104,0
5148113,0
5148121,0
5148129,0
5148138,0
5148146,0
5148154,0
5148163,0
5148496,5
5148504,5
5148512,0
5148521,0
5148529,5
5148546,0
5148554,0
5148562,0
5148571,0
5148579,0
5148587,0
5148596,0
5148604,0
5148612,0
5148621,0
5148629,0
5148638,0
5148646,0
5148654,0
5148662,0
5148671,0
5148679,0
5148687,0
5148696,0
5148704,0
5148712,0
5148721,0
5148729,0
5148737,0
5148746,0
5148754,0
5148762,0
5148771,0
5148779,0
5148787,0
5148796,0
5148804,0
5148812,0
5148821,0
5148829,0
5148837,0
5148846,0
5148854,0
5148862,0
5148871,0
5148879,0
5148887,0
5148896,0
5148904,0
5148913,0
5148921,0
5148929,0
5148937,0
5148946,0
5148954,0
5148962,0
5148971,0
5148979,0
5148987,0
5148996,0
5149004,0
5149012,0
5149021,0
5149029,0
5149037,0
5149046,0
5149054,0
5149062,0
5149071,0
5149079,0
5149087,0
5149096,0
5149104,0
5149112,0
5149121,0
5149129,0
5149137,0
5149146,0
5149154,0
5149162,0
5149171,0
5149179,0
5149187,0
5149196,0
5149204,0
5149212,0
5149221,0
5149229,0
5149237,0
5149246,5
5149254,5
5149271,5
5149279,5
5149287,5
5149296,5
5149304,5
5149312,5
5149321,5
5149329,5
5149346,5
5149354,5
5149362,5
5149371,5
5149379,5
5149387,5
5149396,5
5149404,5
5149412,5
5149421,5
5149429,5
5149437,5
5149446,5
5149454,5
5149462,5
5149471,5
5149479,5
5149487,5
5149496,5
5149504,5
5149512,5
5149521,5
5149529,5
5149537,5
5149546,5
5149554,5
5149563,5
5149571,5
5149579,5
5149588,5
5149596,5
5149604,5
5149612,5
5149621,5
5149629,5
5149637,5
5149646,5
5149654,5
5149662,5
5149671,5
5149679,5
5149687,5
5149696,5
5149704,5
5149713,0
5149721,0
5149729,0
5149737,0
5149746,0
5149754,0
5149762,0
5149771,0
5149779,0
5149787,0
5149796,0
5149804,0
5149812,0
5149821,0
5149829,0
5149837,0
5149846,0
5149854,0
5149862,0
5149871,0
5149879,0
5149887,0
5149896,0
5149904,0
5149912,0
5149921,0
5149929,0
5149937,0
5149946,0
5149954,0
5149962,0
5149971,0
5149979,0
5149987,0
5149996,0
5150004,0
5150012,0
5150021,0
5150029,0
5150037,0
5150046,0
5150054,0
5150062,0
5150071,0
5150079,0
5150087,0
5150096,0
5150104,0
5150112,0
5150121,0
5150129,0
5150137,0
5150146,0
5150154,0
5150162,0
5150171,0
5150179,0
5150187,0
5150196,0
5150204,0
5150212,0
5150221,0
5150229,0
5150237,0
5150246,0
5150254,0
5150262,0
5150271,0
5150279,0
5150287,0
5150296,0
5150304,0
5150312,0
5150321,0
5150329,0
5150337,0
5150346,0
5150354,0
5150363,0
5150371,0
5150379,0
5150387,0
5150396,0
5150404,0
5150412,0
5150421,0
5150429,0
5150437,0
5150446,0
5150454,0
5150462,0
5150471,0
5150479,0
5150487,0
5150496,0
5150504,0
5150512,0
5150521,0
5150529,0
5150537,0
5150546,0
5150554,0
5150562,0
5150571,0
5150579,0
5150587,0
5150596,0
5150604,0
5150612,0
5150621,0
5150629,0
5150637,0
5150646,0
5150654,0
5150662,0
5150671,0
5150679,0
5150687,0
5150696,0
5150704,0
5150712,0
5150721,0
5150729,0
5150737,0
5150746,0
5150754,0
5150762,0
5150771,0
5150779,0
5150787,0
5150796,0
5150804,0
5150812,0
5150821,0
5150829,0
5150837,0
5150846,0
5150854,0
5150862,0
5150871,0
5150879,0
5150887,0
5150896,0
5150904,0
5150912,0
5150921,0
5150929,0
5150937,0
5150946,0
5150954,0
5150962,0
5150971,0
5150979,0
5150987,0
5150996,0
5151004,0
5151012,0
5151021,0
5151029,0
5151037,0
5151046,0
5151054,0
5151062,0
5151071,0
5151079,0
5151087,0
5151096,0
5151104,0
5151112,0
5151121,0
5151129,0
5151137,0
5151146,0
5151154,0
5151162,0
5151171,0
5151179,0
5151187,0
5151196,0
5151204,0
5151212,0
5151221,0
5151229,0
5151237,0
5151246,0
5151254,0
5151262,0
5151271,0
5151279,0
5151287,0
5151296,0
5151304,0
5151312,0
5151321,0
5151329,0
5151337,0
5151346,0
5151354,0
5151362,0
5151371,0
5151379,0
5151387,0
5151396,0
5151404,0
5151412,0
5151421,0
5151429,0
5151437,0
5151446,0
5151454,0
5151462,0
5151471,0
5151479,0
5151487,0
5151496,0
5151504,0
5151512,0
5151521,0
5151529,0
5151537,0
5151546,0
5151554,0
5151562,0
5151571,0
5151579,0
5151587,0
5151596,0
5151604,0
5151612,0
5151621,0
5151629,0
5151637,0
5151646,0
5151654,0
5151662,5
5151671,5
5151679,5
5151687,5
5151696,5
5151704,5
5151712,5
5151721,5
5151729,5
5151737,5
5151746,5
5151754,5
5151762,5
5151771,5
5151779,5
5151787,5
5151796,5
5151804,5
5151812,5
5151821,5
5151829,5
5151837,5
5151846,5
5151854,5
5151862,5
5151871,5
5151879,5
5151887,5
5151896,5
5151904,5
5151912,5
5151920,5
5151929,5
5151937,5
5151946,5
5151954,5
5151962,0
5151971,5
5151979,5
5151987,5
5151996,5
5152004,5
5152012,5
5152021,5
5152029,5
5152037,5
5152045,5
5152054,5
5152062,5
5152071,5
5152079,5
5152087,0
5152095,0
5152104,0
5152112,0
5152120,0
5152129,0
5152137,0
5152146,0
5152154,0
5152162,0
5152170,0
5152179,0
5152187,0
5152195,0
5152204,0
5152212,0
5152220,0
5152229,0
5152237,0
5152245,0
5152254,0
5152262,0
5152271,0
5152279,0
5152287,0
5152295,0
5152304,0
5152312,0
5152320,0
5152329,0
5152337,0
5152345,0
5152354,0
5152362,0
5152370,0
5152379,0
5152387,0
5152396,0
5152404,0
5152412,0
5152421,0
5152429,0
5152437,0
5152445,0
5152454,0
5152462,0
5152470,0
5152479,0
5152487,0
5152495,0
5152504,0
5152512,0
5152520,0
5152529,0
5152537,0
5152545,0
5152554,0
5152562,0
5152570,0
5152579,0
5152587,0
5152595,0
5152604,0
5152612,0
5152620,0
5152629,0
5152637,0
5152645,0
5152654,0
5152662,0
5152670,0
5152679,0
5152687,0
5152695,0
5152704,0
5152712,0
5152720,0
5152729,0
5152737,0
5152745,0
5152754,0
5152762,0
5152770,0
5152779,0
5152787,0
5152796,0
5152804,0
5152813,0
5152820,0
5152829,0
5152837,0
5152845,0
5152854,0
5152862,0
5152870,0
5152879,0
5152887,0
5152895,0
5152904,0
5152912,0
5152920,0
5152929,0
5152937,0
5152946,0
5152954,0
5152962,0
5152970,0
5152979,0
5152987,0
5152995,0
5153004,0
5153012,0
5153020,0
5153029,0
5153037,0
5153045,0
5153054,0
5153062,0
5153070,0
5153295,0
5153312,0
5153329,0
5153337,0
5153345,0
5153354,0
5153362,0
5153370,0
5153379,0
5153387,0
5153395,0
5153404,0
5153412,0
5153420,0
5153429,0
5153437,0
5153445,0
5153454,0
5153462,0
5153471,0
5153479,0
5153487,0
5153495,0
5153504,0
5153512,0
5153520,0
5153529,0
5153537,0
5153545,0
5153554,0
5153562,0
5153570,0
5153579,0
5153587,0
5153595,0
5153604,0
5153612,0
5153620,0
5153629,0
5153637,0
5153645,0
5153654,0
5153662,0
5153670,0
5153679,0
5153687,0
5153695,0
5153704,0
5153712,0
5153720,0
5153729,0
5153737,0
5153745,0
5153754,0
5153762,0
5153770,0
5153779,0
5153787,0
5153795,0
5153804,0
5153812,0
5153820,0
5153829,0
5153837,0
5153845,0
5153854,0
5153862,0
5153870,0
5153879,0
5153887,0
5153895,0
5153904,0
5153912,0
5153920,0
5153929,0
5153937,0
5153945,0
5153954,0
5153962,0
5153970,0
5153979,0
5153987,0
5153995,0
5154004,0
5154012,0
5154020,0
5154029,0
5154037,0
5154045,0
5154054,0
5154062,0
5154070,0
5154079,0
5154087,0
5154095,0
5154104,0
5154112,0
5154120,0
5154129,0
5154137,0
5154145,0
5154154,0
5154162,0
5154170,0
5154179,0
5154187,0
5154195,0
5154204,0
5154212,0
5154220,0
5154229,0
5154237,0
5154245,0
5154254,0
5154262,0
5154271,0
5154279,0
5154287,0
5154295,0
5154304,0
5154312,0
5154320,0
5154329,0
5154337,0
5154345,0
5154354,0
5154362,0
5154370,0
5154379,0
5154387,0
5154395,0
5154404,0
5154412,0
5154420,0
5154429,0
5154437,0
5154445,0
5154454,0
5154462,0
5154470,0
5154479,0
5154487,0
5154495,0
5154504,0
5154512,0
5154520,0
5154529,0
5154537,0
5154545,0
5154554,0
5154562,0
5154570,0
5154579,0
5154587,0
5154595,0
5154604,0
5154612,0
5154620,0
5154629,0
5154637,0
5154645,0
5154654,0
5154662,0
5154670,0
5154679,0
5154687,0
5154695,0
5154704,0
5154712,0
5154720,0
5154729,0
5154737,0
5154745,0
5154754,0
5154762,0
5154770,0
5154779,0
5154787,0
5154795,0
5154804,0
5154812,0
5154820,0
5154829,0
5154837,0
5154845,0
5154854,0
5154862,0
5154870,0
5154879,0
5154887,0
5154895,0
5154904,0
5154912,0
5154920,0
5154929,0
5154937,0
5154945,0
5154954,0
5154962,0
5154970,0
5154979,0
5154987,0
5154995,0
5155004,0
5155012,0
5155020,0
5155029,0
5155037,0
5155045,0
5155054,0
5155062,0
5155070,0
5155079,0
5155087,0
5155095,0
5155104,0
5155112,0
5155120,0
5155129,0
5155137,0
5155145,0
5155154,0
5155162,0
5155170,0
5155179,0
5155187,0
5155195,0
5155204,0
5155212,0
5155220,0
5155229,0
5155237,0
5155245,0
5155254,0
5155262,0
5155270,0
5155279,0
5155287,0
5155295,0
5155304,0
5155312,0
5155320,0
5155329,0
5155337,0
5155345,0
5155354,0
5155362,0
5155370,0
5155379,0
5155387,0
5155395,0
5155404,0
5155412,0
5155420,0
5155429,0
5155437,0
5155445,0
5155454,0
5155462,0
5155470,0
5155479,0
5155488,0
5155495,0
5155504,0
5155512,0
5155520,0
5155529,0
5155537,0
5155545,0
5155554,0
5155562,0
5155570,0
5155579,0
5155587,0
5155595,0
5155604,0
5155612,0
5155620,0
5155629,0
5155637,0
5155645,0
5155654,0
5155662,0
5155670,0
5155679,0
5155687,0
5155695,0
5155704,0
5155712,0
5155720,0
5155728,0
5155737,0
5155745,0
5155754,0
5155762,0
5155770,0
5155779,0
5155787,0
5155795,0
5155804,0
5155812,0
5155820,0
5155828,0
5155837,0
5155845,0
5155854,0
5155862,0
5155870,0
5155879,0
5155887,0
5155895,0
5155904,0
5155912,0
5155920,0
5155928,0
5155937,0
5155945,0
5155954,0
5155962,0
5155970,0
5155978,0
5155987,0
5155995,0
5156003,0
5156012,0
5156021,0
5156029,0
5156037,0
5156045,0
5156053,0
5156062,0
5156070,0
5156078,0
5156087,0
5156095,0
5156103,0
5156112,0
5156120,0
5156129,0
5156137,0
5156145,0
5156154,0
5156162,0
5156170,0
5156178,0
5156187,0
5156195,0
5156203,0
5156212,0
5156220,0
5156228,0
5156237,0
5156245,0
5156253,0
5156262,0
5156270,0
5156279,0
5156287,0
5156295,0
5156303,0
5156312,0
5156320,0
5156328,0
5156337,0
5156345,0
5156353,0
5156362,0
5156370,0
5156378,0
5156387,0
5156395,0
5156404,0
5156412,0
5156420,0
5156428,0
5156437,0
5156445,0
5156453,0
5156462,0
5156470,0
5156478,0
5156487,0
5156495,0
5156795,0
5156803,0
5156812,5
5156820,5
5156828,0
5156837,0
5156845,0
5156853,0
5156862,0
5156870,0
5156878,0
5156887,0
5156895,0
5156903,0
5156912,0
5156920,0
5156928,0
5156937,0
5156945,0
5156953,0
5156962,0
5156970,0
5156978,0
5156987,0
5156995,0
5157003,0
5157012,0
5157020,0
5157028,0
5157037,0
5157045,0
5157054,0
5157062,0
5157070,0
5157078,0
5157087,0
5157095,0
5157103,0
5157112,0
5157120,0
5157128,0
5157137,0
5157145,0
5157153,0
5157162,0
5157170,0
5157178,0
5157187,0
5157195,0
5157203,0
5157212,0
5157220,0
5157228,0
5157237,0
5157245,0
5157253,0
5157262,0
5157270,0
5157278,0
5157287,0
5157295,0
5157303,0
5157312,0
5157320,0
5157328,0
5157337,0
5157345,0
5157353,0
5157362,0
5157370,0
5157378,0
5157387,0
5157395,0
5157403,0
5157412,0
5157420,0
5157428,0
5157437,0
5157445,0
5157454,0
5157462,0
5157470,0
5157478,0
5157487,0
5157495,0
5157503,0
5157512,0
5157520,0
5157528,0
5157537,0
5157545,0
5157553,0
5157562,0
5157570,0
5157578,0
5157587,0
5157595,0
5157603,0
5157612,0
5157620,0
5157628,0
5157637,0
5157645,0
5157653,0
5157662,0
5157670,0
5157678,0
5157687,0
5157695,0
5157703,0
5157712,0
5157720,0
5157728,0
5157737,0
5157745,0
5157753,0
5157762,0
5157770,0
5157778,0
5157787,0
5157795,0
5157803,0
5157812,0
5157820,0
5157828,0
5157837,0
5157845,0
5157853,0
5157862,0
5157870,0
5157878,0
5157887,0
5157895,0
5157903,0
5157912,0
5157920,0
5157928,0
5157937,0
5157945,0
5157953,0
5157962,0
5157970,0
5157978,0
5157987,0
5157995,0
5158003,0
5158012,0
5158020,0
5158028,0
5158037,0
5158045,0
5158053,0
5158062,0
5158070,0
5158078,0
5158087,0
5158095,0
5158103,0
5158112,0
5158120,0
5158128,0
5158137,0
5158145,0
5158153,0
5158162,0
5158170,0
5158178,0
5158187,0
5158195,0
5158203,0
5158212,0
5158220,0
5158228,0
5158237,0
5158245,0
5158253,0
5158262,0
5158270,0
5158278,0
5158287,0
5158295,0
5158303,0
5158312,0
5158320,0
5158328,0
5158337,0
5158345,0
5158353,0
5158362,0
5158370,0
5158378,0
5158387,0
5158395,0
5158403,0
5158412,0
5158420,0
5158428,0
5158437,0
5158445,0
5158453,0
5158462,0
5158470,0
5158478,0
5158487,0
5158495,0
5158503,0
5158512,0
5158520,0
5158528,0
5158537,0
5158545,0
5158553,0
5158562,0
5158570,0
5158578,0
5158587,0
5158595,0
5158603,0
5158612,0
5158620,0
5158628,0
5158637,0
5158645,0
5158653,0
5158662,0
5158670,0
5158678,0
5158687,0
5158695,0
5158703,0
5158720,0
5158728,0
5158737,0
5158745,0
5158753,0
5158762,0
5158770,0
5158778,0
5158787,0
5158795,0
5158803,0
5158812,0
5158820,0
5158828,0
5158837,0
5158845,0
5158853,0
5158862,0
5158878,0
5158887,0
5158895,0
5158903,0
5158920,0
5158928,0
5158937,0
5158945,0
5158953,0
5158962,0
5158970,0
5158978,0
5158987,0
5158995,0
5159003,0
5159020,0
5159028,0
5159037,0
5159045,0
5159053,0
5159062,0
5159070,0
5159078,0
5159087,0
5159095,0
5159103,0
5159112,0
5159120,0
5159128,0
5159137,0
5159145,0
5159153,0
5159162,0
5159170,0
5159178,0
5159187,0
5159195,0
5159203,0
5159212,0
5159220,0
5159228,0
5159237,0
5159245,0
5159253,0
5159262,0
5159270,0
5159278,0
5159287,0
5159295,0
5159303,0
5159312,0
5159320,0
5159328,0
5159337,0
5159345,0
5159353,0
5159362,0
5159370,0
5159378,0
5159387,0
5159395,0
5159403,0
5159412,0
5159420,0
5159428,0
5159437,0
5159445,0
5159453,0
5159462,0
5159470,0
5159478,0
5159487,0
5159495,0
5159503,0
5159520,0
5159528,0
5159537,0
5159545,0
5159553,0
5159562,0
5159570,0
5159578,0
5159603,0
5159620,0
5159628,0
5159637,0
5159645,0
5159653,0
5159662,0
5159670,0
5159678,0
5159686,0
5159695,0
5159703,0
5159711,0
5159720,0
5159728,0
5159737,0
5159745,0
5159753,0
5159761,0
5159770,0
5159778,0
5159786,0
5159795,0
5159803,0
5159812,0
5159820,0
5159828,0
5159836,0
5159845,0
5159853,0
5159862,0
5159870,0
5159878,0
5159887,0
5159895,0
5159903,0
5159911,0
5159920,0
5159928,0
5159936,0
5159945,0
5159953,0
5159961,0
5159970,0
5159978,0
5159986,0
5159995,0
5160003,0
5160011,0
5160021,0
5160028,0
5160036,0
5160045,0
5160370,0
5160378,0
5160386,0
5160395,0
5160403,0
5160411,0
5160420,0
5160428,0
5160436,0
5160445,0
5160453,0
5160461,0
5160470,0
5160478,0
5160486,0
5160495,0
5160503,0
5160511,0
5160520,0
5160528,0
5160536,0
5160553,0
5160561,0
5160570,0
5160578,0
5160586,0
5160595,0
5160603,0
5160611,0
5160620,0
5160628,0
5160636,0
5160645,0
5160653,0
5160661,0
5160670,0
5160678,0
5160686,0
5160695,0
5160703,0
5160711,0
5160720,0
5160728,0
5160736,0
5160745,0
5160753,0
5160761,0
5160770,0
5160778,0
5160786,0
5160795,0
5160803,0
5160820,0
5160828,0
5160836,0
5160845,0
5160853,0
5160861,0
5160870,0
5160878,0
5160886,0
5160895,0
5160903,0
5160911,0
5160920,0
5160928,0
5160936,0
5160945,0
5160953,0
5160961,0
5160970,0
5160978,0
5160986,0
5160995,0
5161003,0
5161020,0
5161028,0
5161036,0
5161045,0
5161053,0
5161061,0
5161070,0
5161078,0
5161087,0
5161095,0
5161103,0
5161120,0
5161128,0
5161136,0
5161145,0
5161153,0
5161161,0
5161170,0
5161178,0
5161186,0
5161195,0
5161203,0
5161220,0
5161228,0
5161236,0
5161245,0
5161253,0
5161261,0
5161270,0
5161278,0
5161286,0
5161295,0
5161303,0
5161311,0
5161320,0
5161328,0
5161336,0
5161345,0
5161353,0
5161361,0
5161370,0
5161378,0
5161386,0
5161395,0
5161403,0
5161411,0
5161420,0
5161428,0
5161436,0
5161445,0
5161453,0
5161461,0
5161470,0
5161478,0
5161486,0
5161495,0
5161503,0
5161511,0
5161520,0
5161528,0
5161536,0
5161545,0
5161553,0
5161561,0
5161570,0
5161578,0
5161586,0
5161595,0
5161611,0
5161636,0
5161661,5
5161670,0
5161686,0
5161695,0
5161711,0
5161762,0
5161786,0
5161803,0
5161811,0
5161836,5
5161861,0
5161870,5
5161887,5
5161895,5
5161903,5
5161920,0
5161928,0
5161936,0
5161945,0
5161953,0
5161961,0
5161970,0
5161978,0
5161986,0
5161995,0
5162003,5
5162020,0
5162028,0
5162036,0
5162045,0
5162053,0
5162061,0
5162070,0
5162078,0
5162086,0
5162095,0
5162103,4
5162120,0
5162128,0
5162136,0
5162145,0
5162153,0
5162161,0
5162170,0
5162178,0
5162186,0
5162195,0
5162203,4
5162220,0
5162228,0
5162236,0
5162245,0
5162253,0
5162261,0
5162270,0
5162278,0
5162287,0
5162295,0
5162303,0
5162311,0
5162320,0
5162328,0
5162345,0
5162353,0
5162361,0
5162370,0
5162378,0
5162387,0
5162395,0
5162403,0
5162428,0
5162436,0
5162445,0
5162453,0
5162461,0
5162478,0
5162486,0
5162495,0
5162503,4
5162511,4
5162520,0
5162528,0
5162545,0
5162578,0
5162636,0
5162645,0
5162653,0
5162686,0
5162695,0
5162703,0
5162720,0
5162728,0
5162736,0
5162745,0
5162795,0
5162803,0
5162820,0
5162828,0
5162878,0
5162991,0
5162999,0
5163007,0
5163016,0
5163032,0
5163041,0
5163049,0
5163057,0
5163066,0
5163074,0
5163082,0
5163091,0
5163099,0
5163107,0
5163116,0
5163124,0
5163132,2
5163141,2
5163149,0
5163157,0
5163166,0
5163174,0
5163182,0
5163191,0
5163199,0
5163207,0
5163216,0
5163224,0
5163232,0
5163241,0
5163249,0
5163257,0
5163266,0
5163274,0
5163282,0
5163291,0
5163299,0
5163307,0
5163316,0
5163324,0
5163333,0
5163341,0
5163349,0
5163357,0
5163366,0
5163374,0
5163382,0
5163391,0
5163399,0
5163407,0
5163416,0
5163424,0
5163432,0
5163441,0
5163449,0
5163458,0
5163466,0
5163474,0
5163482,0
5163491,0
5163499,0
5163507,0
5163516,0
5163524,0
5163532,0
5163541,0
5163549,0
5163557,0
5163566,0
5163574,0
5163582,0
5163591,0
5163608,0
5163616,0
5163624,0
5163632,0
5163641,0
5163649,0
5163657,0
5163666,0
5163674,0
5163682,0
5163741,0
5163749,0
5163757,0
5163766,0
5163782,0
5163832,0
5163857,0
5163866,0
5163949,2
5163957,2
5164070,5
5164079,5
5164095,0
5164104,5
5164170,5
5164179,5
5164195,5
5164204,5
5164220,0
5164229,0
5164245,0
5164254,0
5164270,5
5164279,5
5164295,5
5164320,0
5164345,0
5164354,0
5164370,5
5164379,5
5164395,0
5164421,0
5164429,0
5164445,0
5164479,0
5164487,0
5164495,0
5164504,0
5164512,0
5164520,0
5164529,0
5164545,0
5164554,0
5164562,0
5164570,0
5164579,0
5164595,0
5164604,0
5164620,0
5164929,5
5164945,5
5164954,0
5164970,0
5164995,0
5165004,0
5165021,0
5165029,0
5165037,0
5165046,0
5165054,0
5165062,0
5165070,0
5165079,0
5165087,0
5165095,0
5165104,0
5165112,0
5165120,0
5165129,0
5165137,0
5165145,0
5165154,0
5165162,0
5165170,0
5165179,0
5165187,0
5165195,0
5165204,0
5165212,0
5165220,0
5165229,0
5165237,0
5165245,0
5165254,0
5165262,0
5165270,0
5165279,0
5165287,0
5165295,0
5165304,0
5165312,0
5165320,0
5165329,0
5165337,0
5165345,0
5165354,0
5165362,0
5165370,0
5165379,0
5165387,0
5165395,0
5165404,0
5165412,0
5165420,0
5165429,0
5165437,0
5165445,0
5165454,0
5165462,0
5165470,0
5165479,0
5165487,0
5165495,0
5165504,0
5165512,0
5165520,0
5165529,0
5165537,0
5165545,0
5165554,0
5165562,0
5165570,0
5165579,0
5165587,0
5165595,0
5165604,0
5165613,0
5165620,0
5165629,0
5165637,0
5165645,0
5165654,0
5165662,0
5165670,0
5165679,0
5165687,0
5165695,0
5165704,0
5165712,0
5165720,0
5165729,0
5165737,0
5165745,0
5165754,0
5165762,0
5165770,0
5165779,0
5165787,0
5165795,0
5165804,0
5165812,0
5165820,0
5165829,0
5165837,0
5165845,0
5165854,0
5165862,0
5165870,0
5165879,0
5165887,0
5165895,0
5165904,0
5165912,0
5165920,0
5165929,0
5165937,0
5165945,0
5165954,0
5165962,0
5165970,0
5165979,0
5165987,0
5165995,0
5166004,0
5166012,0
5166020,0
5166029,0
5166037,0
5166045,0
5166054,0
5166062,0
5166070,0
5166079,0
5166087,0
5166095,0
5166104,0
5166112,0
5166120,0
5166129,0
5166137,0
5166145,0
5166154,0
5166162,0
5166170,0
5166179,0
5166187,0
5166195,0
5166204,0
5166212,0
5166220,0
5166229,0
5166237,0
5166245,0
5166254,0
5166262,0
5166270,0
5166279,0
5166287,0
5166295,0
5166304,0
5166312,0
5166320,0
5166329,0
5166337,0
5166345,0
5166354,0
5166362,0
5166370,0
5166379,0
5166387,0
5166395,0
5166404,0
5166412,0
5166420,0
5166429,0
5166437,0
5166445,0
5166454,0
5166462,0
5166470,0
5166479,0
5166487,0
5166495,0
5166503,0
5166512,0
5166520,0
5166529,0
5166537,0
5166545,0
5166554,0
5166562,0
5166570,0
5166578,0
5166587,0
5166595,0
5166603,0
5166612,0
5166620,0
5166628,0
5166637,0
5166645,0
5166654,0
5166662,0
5166670,0
5166679,0
5166687,0
5166695,0
5166703,0
5166712,0
5166720,0
5166728,0
5166737,0
5166745,0
5166753,0
5166762,0
5166770,0
5166778,0
5166787,0
5166795,0
5166804,0
5166812,0
5166821,0
5166829,0
5166837,0
5166845,0
5166853,0
5166862,0
5166870,0
5166878,0
5166887,0
5166895,0
5166903,0
5166912,0
5166920,0
5166929,0
5166937,0
5166945,0
5166954,0
5166962,0
5166970,0
5166978,0
5166987,0
5166995,0
5167003,0
5167012,0
5167020,0
5167028,0
5167037,0
5167045,0
5167053,0
5167062,0
5167070,0
5167079,0
5167087,0
5167095,0
5167103,0
5167112,0
5167120,0
5167128,0
5167137,0
5167145,0
5167153,0
5167162,0
5167170,0
5167178,0
5167187,0
5167195,0
5167204,0
5167212,0
5167220,0
5167345,0
5167353,5
5167362,5
5167387,5
5167395,0
5167412,0
5167437,0
5167445,0
5167454,0
5167462,0
5167470,5
5167478,0
5167487,0
5167495,0
5167503,4
5167512,0
5167520,0
5167528,0
5167537,0
5167545,0
5167553,0
5167562,0
5167570,0
5167578,0
5167587,0
5167595,0
5167604,0
5167612,0
5167620,0
5167628,0
5167637,0
5167653,0
5167662,0
5167670,0
5167678,0
5167687,0
5167695,0
5167703,0
5167712,0
5167720,0
5167729,0
5167737,0
5167745,0
5167753,0
5167762,0
5167770,0
5167778,0
5167787,0
5167795,0
5167803,0
5167812,0
5167820,0
5167828,0
5167837,0
5167845,0
5167853,0
5167862,0
5167870,0
5167878,0
5167887,0
5167895,0
5167903,0
5167912,0
5167920,0
5167928,0
5167937,0
5167945,0
5167953,0
5167962,0
5167970,0
5167979,0
5167987,0
5167995,0
5168003,0
5168012,0
5168020,0
5168028,0
5168037,0
5168045,0
5168053,0
5168062,0
5168070,0
5168078,0
5168087,0
5168095,0
5168103,0
5168112,0
5168120,0
5168129,0
5168137,0
5168145,0
5168153,0
5168162,0
5168170,0
5168178,0
5168187,0
5168195,0
5168203,0
5168212,0
5168220,0
5168228,0
5168237,0
5168245,0
5168253,0
5168262,0
5168270,0
5168278,0
5168287,0
5168295,0
5168303,0
5168312,0
5168320,0
5168328,0
5168337,0
5168345,0
5168353,0
5168362,0
5168370,0
5168378,0
5168387,0
5168395,0
5168403,0
5168412,0
5168420,0
5168428,0
5168437,0
5168445,0
5168453,0
5168462,0
5168470,0
5168478,0
5168487,0
5168495,0
5168503,0
5168520,0
5168529,0
5168537,0
5168545,0
5168553,0
5168562,0
5168570,0
5168578,0
5168587,0
5168595,0
5168603,0
5168612,0
5168620,0
5168628,0
5168637,0
5168645,0
5168653,0
5168662,0
5168670,0
5168678,0
5168687,0
5168695,0
5168703,0
5168712,0
5168720,0
5168728,0
5168737,0
5168745,0
5168753,0
5168762,0
5168770,0
5168778,0
5168787,0
5168795,0
5168803,0
5168812,0
5168820,0
5168828,0
5168837,0
5168845,0
5168853,0
5168862,0
5168870,0
5168878,0
5168887,0
5168895,0
5168903,0
5168912,0
5168920,0
5168928,0
5168937,0
5168945,0
5168953,0
5168962,0
5168970,0
5168978,0
5168987,0
5168995,0
5169003,0
5169012,0
5169020,0
5169028,0
5169037,0
5169045,0
5169053,0
5169062,0
5169070,0
5169078,0
5169087,0
5169095,0
5169103,0
5169112,0
5169120,0
5169128,0
5169137,0
5169145,0
5169153,0
5169162,0
5169170,0
5169395,0
5169412,0
5169437,0
5169462,0
5169487,0
5169503,0
5169512,0
5169520,0
5169528,0
5169537,0
5169545,0
5169553,0
5169562,0
5169570,0
5169578,0
5169587,0
5169595,0
5169603,0
5169612,0
5169620,0
5169628,0
5169637,0
5169645,0
5169653,0
5169662,0
5169670,0
5169678,0
5169687,0
5169695,0
5169703,0
5169712,0
5169720,0
5169728,0
5169737,0
5169745,0
5169753,0
5169762,0
5169770,0
5169778,0
5169787,0
5169795,0
5169803,0
5169812,0
5169820,0
5169828,0
5169837,0
5169845,0
5169853,0
5169862,0
5169870,0
5169878,0
5169887,0
5169895,0
5169903,0
5169912,0
5169920,0
5169928,0
5169937,0
5169945,0
5169953,0
5169962,0
5169970,0
5169978,0
5169987,0
5169995,0
5170003,0
5170012,0
5170020,0
5170028,0
5170037,0
5170045,0
5170053,0
5170062,0
5170070,0
5170078,0
5170087,0
5170095,0
5170103,0
5170112,0
5170120,0
5170128,0
5170137,0
5170153,0
5170162,0
5170187,0
5170195,5
5170203,5
5170212,5
5170220,5
5170237,5
5170245,5
5170253,0
5170262,0
5170270,0
5170278,0
5170287,0
5170295,0
5170303,0
5170312,0
5170320,0
5170328,0
5170337,0
5170345,0
5170353,0
5170362,0
5170370,0
5170378,0
5170387,0
5170395,0
5170403,0
5170411,0
5170420,0
5170428,0
5170437,0
5170445,0
5170453,0
5170462,0
5170470,0
5170478,0
5170495,0
5170503,0
5170511,0
5170520,0
5170528,0
5170536,0
5170545,0
5170553,0
5170561,0
5170570,0
5170578,5
5170587,5
5170595,5
5170603,5
5170620,5
5170628,5
5170636,5
5170645,5
5170653,5
5170661,0
5170670,0
5170678,0
5170686,0
5170695,0
5170703,0
5170711,0
5170720,0
5170728,0
5170745,0
5170753,0
5170778,0
5170795,0
5170803,0
5170820,0
5170828,0
5170836,0
5170845,0
5170853,0
5170861,0
5170878,0
5170886,0
5170895,0
5170903,0
5170911,0
5170920,0
5170928,0
5170936,0
5170945,0
5170953,0
5170970,0
5170978,0
5170986,0
5170995,0
5171003,0
5171012,0
5171020,0
5171028,0
5171036,0
5171045,0
5171053,0
5171070,0
5171078,0
5171086,0
5171095,0
5171103,0
5171111,0
5171120,0
5171128,0
5171137,0
5171145,0
5171153,0
5171161,0
5171257,5
5171266,5
5171483,0
5171491,0
5171499,0
5171507,0
5171516,0
5171533,0
5171541,0
5171558,0
5171599,0
5171658,0
5171666,0
5171674,0
5171691,0
5171699,0
5171707,0
5171716,0
5171724,0
5171732,0
5171741,0
5171749,0
5171757,0
5171766,0
5171774,0
5171782,0
5171791,0
5171799,0
5171808,0
5171816,0
5171824,0
5171832,0
5171841,0
5171849,0
5171857,0
5171866,0
5171874,0
5171882,0
5171891,0
5171899,0
5171907,0
5171916,0
5171925,0
5171932,0
5171941,0
5171949,0
5171957,0
5171966,0
5171974,0
5171982,0
5171991,0
5171999,0
5172007,0
5172016,0
5172024,0
5172032,0
5172041,0
5172049,0
5172057,0
5172066,0
5172074,0
5172082,0
5172091,0
5172099,0
5172107,0
5172124,0
5172132,0
5172141,0
5172149,0
5172157,0
5172166,0
5172174,0
5172182,0
5172199,0
5172207,0
5172216,0
5172224,0
5172232,0
5172241,0
5172249,0
5172257,0
5172274,0
5172282,0
5172291,0
5172299,0
5172307,0
5172325,0
5172333,0
5172341,0
5172349,0
5172358,0
5172374,0
5172382,0
5172391,0
5172399,0
5172407,0
5172416,0
5172424,0
5172432,0
5172441,0
5172449,0
5172458,0
5172466,0
5172474,0
5172483,0
5172491,0
5172499,0
5172507,0
5172516,0
5172524,0
5172532,0
5172541,0
5172549,0
5172557,0
5172566,0
5172574,0
5172582,0
5172591,0
5172599,0
5172607,0
5172616,0
5172624,0
5172632,0
5172641,0
5172649,0
5172657,0
5172666,0
5172674,0
5172682,0
5172691,0
5172699,5
5172707,5
5172716,5
5172725,5
5172732,5
5172741,5
5172749,5
5172758,5
5172766,5
5172774,5
5172782,5
5172791,5
5172799,5
5172807,5
5172816,5
5172824,5
5172832,5
5172841,5
5172849,5
5172857,5
5172866,5
5172874,5
5172882,5
5172891,5
5172899,5
5172907,1
5172924,1
5172932,1
5172941,1
5172949,5
5172957,1
5172966,5
5172974,5
5172982,5
5172991,5
5173016,5
5173024,5
5173032,5
5173041,5
5173049,5
5173057,5
5173066,5
5173074,1
5173082,1
5173091,5
5173099,1
5173107,1
5173116,1
5173125,5
5173132,5
5173141,0
5173149,0
5173158,0
5173166,0
5173174,0
5173182,0
5173191,0
5173199,0
5173207,0
5173216,0
5173224,0
5173232,0
5173241,0
5173249,0
5173258,0
5173266,0
5173274,0
5173282,0
5173291,0
5173299,0
5173307,0
5173316,0
5173324,0
5173332,0
5173341,0
5173349,0
5173357,0
5173366,0
5173374,0
5173382,0
5173391,0
5173399,0
5173407,0
5173416,0
5173424,0
5173432,0
5173441,0
5173449,0
5173457,0
5173466,0
5173474,0
5173482,0
5173491,0
5173499,0
5173507,0
5173516,0
5173525,0
5173532,0
5173541,0
5173549,0
5173558,0
5173566,0
5173574,0
5173582,0
5173591,0
5173599,0
5173607,0
5173616,0
5173624,0
5173632,0
5173641,0
5173649,0
5173657,0
5173666,0
5173674,0
5173682,0
5173691,0
5173699,0
5173707,0
5173716,0
5173724,0
5173732,0
5173741,0
5173749,0
5173757,0
5173766,0
5173774,0
5173782,0
5173791,0
5173799,0
5173807,0
5173816,0
5173824,0
5173832,0
5173841,0
5173849,0
5173857,0
5173866,0
5173874,0
5173882,0
5173891,0
5173899,0
5173907,0
5173916,0
5173925,0
5173933,0
5173941,0
5173949,0
5173957,0
5173966,0
5173974,0
5173982,0
5173991,0
5173999,0
5174007,0
5174016,0
5174024,0
5174032,0
5174041,0
5174049,0
5174057,0
5174066,0
5174074,0
5174082,0
5174091,0
5174099,0
5174107,0
5174116,0
5174124,0
5174132,0
5174141,0
5174149,0
5174157,0
5174166,0
5174174,0
5174182,0
5174191,0
5174199,0
5174207,0
5174216,0
5174224,0
5174232,0
5174241,0
5174249,0
5174257,0
5174266,0
5174274,0
5174282,0
5174291,0
5174299,0
5174307,0
5174316,0
5174324,0
5174332,0
5174341,0
5174349,0
5174357,0
5174366,0
5174374,0
5174382,0
5174391,0
5174399,0
5174407,0
5174416,0
5174424,0
5174432,0
5174441,0
5174449,0
5174457,0
5174466,0
5174474,0
5174482,0
5174491,0
5174499,0
5174507,0
5174516,0
5174524,0
5174532,0
5174541,0
5174549,0
5174557,0
5174566,0
5174574,0
5174582,0
5174591,0
5174599,0
5174607,0
5174616,0
5174624,0
5174632,0
5174641,0
5174649,0
5174657,0
5174666,0
5174674,0
5174682,0
5174691,0
5174699,0
5174707,0
5174716,0
5174724,0
5174732,0
5174741,0
5174749,0
5174757,0
5174766,0
5174774,0
5174782,0
5174791,0
5174799,0
5174807,0
5174816,0
5174824,0
5174832,0
5174841,0
5174849,0
5174857,0
5174866,0
5174874,0
5174882,0
5174891,0
5174899,0
5174907,0
5174916,0
5174924,0
5174932,0
5174941,0
5174949,0
5174957,0
5174966,0
5174974,0
5174982,0
5174991,0
5174999,0
5175007,0
5175016,0
5175024,0
5175032,0
5175041,0
5175049,0
5175057,0
5175066,0
5175074,0
5175082,0
5175091,0
5175099,0
5175107,0
5175116,0
5175124,0
5175132,0
5175141,0
5175149,0
5175157,0
5175166,0
5175174,0
5175182,0
5175190,0
5175199,0
5175207,0
5175215,0
5175224,0
5175232,0
5175240,0
5175249,0
5175257,0
5175266,0
5175274,0
5175282,0
5175291,0
5175299,0
5175307,0
5175315,0
5175324,0
5175332,0
5175341,0
5175349,0
5175357,0
5175366,0
5175374,0
5175382,0
5175390,0
5175399,0
5175407,0
5175416,0
5175424,0
5175432,0
5175440,0
5175449,0
5175457,0
5175465,0
5175474,0
5175482,0
5175490,0
5175499,0
5175507,0
5175524,0
5175532,0
5175540,0
5175549,0
5175557,0
5175565,0
5175574,0
5175582,0
5175590,0
5175599,0
5175607,0
5175615,0
5175624,0
5175632,0
5175640,0
5175649,0
5175657,0
5175665,0
5175674,0
5175682,0
5175690,0
5175699,0
5175707,0
5175715,0
5175724,0
5175732,0
5175740,0
5175749,0
5175757,0
5175766,0
5175774,0
5175782,0
5175791,0
5175799,0
5175807,0
5175815,0
5175824,0
5175832,0
5175840,0
5175849,0
5175857,0
5175865,0
5175874,0
5175882,0
5175890,0
5175899,0
5175907,0
5175915,0
5175924,0
5175932,0
5175940,0
5175949,0
5175957,0
5175965,0
5175974,0
5175982,0
5175990,0
5175999,0
5176007,0
5176015,0
5176024,0
5176032,0
5176040,0
5176049,0
5176057,0
5176066,0
5176074,0
5176082,0
5176099,0
5176107,0
5176115,0
5176124,0
5176132,0
5176140,0
5176149,0
5176157,0
5176166,0
5176174,0
5176182,0
5176190,0
5176199,0
5176207,0
5176215,0
5176224,0
5176232,0
5176240,0
5176249,0
5176257,0
5176265,0
5176274,0
5176282,0
5176290,0
5176299,0
5176307,0
5176315,0
5176324,0
5176365,0
5176374,0
5176382,0
5176390,0
5176399,0
5176407,0
5176416,0
5176424,0
5176432,0
5176440,0
5176682,0
5176690,0
5176699,5
5176707,0
5176716,0
5176724,0
5176732,0
5176740,0
5176749,0
5176757,0
5176765,0
5176774,0
5176782,0
5176799,0
5176807,0
5176815,0
5176824,0
5176832,0
5176840,0
5176849,0
5176857,0
5176865,0
5176874,0
5176882,0
5176899,0
5176907,0
5176915,0
5176924,0
5176932,0
5176940,0
5176949,0
5176957,0
5176965,0
5176974,0
5176982,0
5176999,0
5177007,0
5177015,0
5177024,0
5177032,0
5177040,0
5177049,0
5177057,0
5177065,0
5177074,0
5177082,0
5177090,0
5177099,0
5177107,0
5177116,0
5177124,0
5177132,0
5177140,0
5177149,0
5177157,0
5177165,0
5177174,0
5177182,0
5177190,0
5177199,0
5177207,0
5177224,0
5177232,0
5177240,0
5177249,0
5177257,0
5177265,0
5177274,0
5177282,0
5177290,0
5177299,0
5177307,0
5177315,0
5177324,0
5177332,0
5177340,0
5177349,0
5177357,0
5177365,0
5177374,0
5177382,0
5177390,0
5177399,0
5177407,0
5177415,0
5177424,0
5177432,0
5177440,0
5177449,0
5177457,0
5177465,0
5177474,0
5177482,0
5177490,0
5177499,0
5177507,0
5177515,0
5177524,0
5177532,0
5177540,0
5177549,0
5177557,0
5177565,0
5177574,0
5177582,0
5177590,0
5177599,0
5177607,0
5177615,0
5177624,0
5177632,0
5177640,0
5177649,0
5177657,0
5177665,0
5177674,0
5177682,0
5177690,0
5177699,0
5177707,0
5177715,0
5177724,0
5177732,0
5177740,0
5177749,0
5177757,0
5177765,0
5177774,0
5177782,0
5177790,0
5177799,0
5177807,0
5177815,0
5177824,0
5177832,0
5177840,0
5177849,0
5177857,0
5177865,0
5177874,0
5177882,0
5177890,0
5177899,0
5177907,0
5177916,0
5177924,0
5177932,0
5177940,0
5177949,0
5177957,0
5177965,0
5177974,0
5177982,0
5177990,0
5177999,0
5178007,0
5178015,0
5178024,0
5178032,0
5178040,0
5178057,0
5178065,0
5178082,0
5178099,0
5178107,0
5178115,0
5178124,0
5178132,0
5178140,0
5178149,0
5178157,0
5178165,0
5178174,0
5178182,0
5178199,0
5178207,0
5178215,0
5178224,0
5178232,0
5178240,0
5178249,0
5178257,0
5178265,0
5178274,0
5178282,0
5178290,0
5178324,0
5178332,0
5178340,0
5178349,0
5178357,0
5178365,0
5178374,0
5178382,0
5178390,0
5178399,0
5178407,0
5178415,0
5178424,0
5178432,0
5178440,0
5178449,0
5178457,0
5178465,0
5178474,0
5178482,0
5178499,0
5178507,0
5178524,0
5178532,0
5178541,0
5178549,0
5178557,0
5178565,0
5178574,0
5178582,0
5178590,0
5178599,0
5178607,0
5178615,0
5178624,0
5178632,0
5178640,0
5178649,0
5178657,0
5178665,0
5178674,0
5178690,0
5178907,0
5178915,0
5178932,0
5178940,0
5178949,0
5178957,0
5178965,0
5178973,0
5178982,0
5178990,0
5178999,0
5179007,0
5179015,0
5179024,0
5179032,0
5179040,0
5179048,0
5179057,0
5179065,0
5179074,0
5179082,0
5179090,0
5179098,0
5179107,0
5179115,0
5179123,0
5179132,0
5179140,0
5179148,0
5179157,0
5179165,0
5179174,0
5179182,0
5179190,0
5179199,0
5179207,0
5179215,0
5179224,0
5179232,0
5179240,0
5179249,0
5179257,0
5179265,0
5179273,0
5179282,0
5179290,0
5179298,0
5179307,0
5179315,0
5179323,0
5179332,0
5179340,0
5179348,0
5179357,0
5179365,0
5179373,0
5179382,0
5179398,0
5179407,0
5179415,0
5179423,0
5179432,0
5179440,0
5179448,0
5179457,0
5179465,0
5179473,0
5179482,0
5179490,0
5179498,0
5179507,0
5179515,0
5179523,0
5179532,0
5179540,0
5179548,0
5179557,0
5179565,0
5179573,0
5179582,0
5179590,0
5179599,0
5179607,0
5179615,0
5179623,0
5179632,0
5179640,0
5179648,0
5179657,0
5179665,0
5179673,0
5179682,0
5179690,0
5179698,0
5179707,0
5179715,0
5179724,0
5179732,0
5179740,0
5179748,0
5179757,0
5179765,0
5179773,0
5179782,0
5179790,0
5179798,0
5179807,0
5179815,0
5179823,0
5179832,0
5179840,0
5179848,0
5179857,0
5179865,0
5179873,0
5179882,0
5179890,0
5179898,0
5179907,0
5179915,0
5179923,0
5179932,0
5179940,0
5179948,0
5179957,0
5179965,0
5179973,0
5179982,0
5179990,0
5179998,0
5180007,0
5180015,0
5180023,0
5180032,0
5180040,0
5180048,0
5180057,0
5180065,0
5180073,0
5180082,0
5180090,0
5180098,0
5180107,0
5180115,0
5180124,0
5180132,0
5180141,0
5180148,0
5180157,0
5180165,0
5180173,0
5180182,0
5180190,0
5180198,0
5180207,0
5180215,0
5180223,0
5180232,0
5180240,0
5180248,0
5180257,0
5180265,0
5180274,0
5180282,0
5180290,0
5180298,0
5180307,0
5180315,0
5180323,0
5180332,0
5180340,0
5180348,0
5180357,0
5180365,0
5180373,0
5180382,0
5180390,0
5180399,0
5180407,0
5180415,0
5180423,0
5180432,0
5180440,0
5180448,0
5180457,0
5180465,0
5180473,0
5180482,0
5180490,0
5180498,0
5180507,0
5180515,0
5180523,0
5180532,0
5180540,0
5180548,0
5180557,0
5180565,0
5180573,0
5180582,0
5180590,0
5180598,0
5180607,0
5180623,0
5180632,0
5180640,0
5180648,0
5180657,0
5180665,0
5180673,0
5180682,0
5180690,0
5180698,0
5180707,0
5180715,0
5180723,0
5180732,0
5180740,0
5180748,0
5180757,0
5180765,0
5180773,0
5180782,0
5180790,0
5180798,0
5180807,0
5180823,0
5180832,0
5180840,0
5180848,0
5180857,0
5180865,0
5180873,0
5180890,0
5180898,0
5180907,0
5180915,0
5180923,0
5180932,0
5180940,0
5180948,0
5180957,0
5180965,0
5180973,0
5180982,0
5180990,0
5180998,0
5181007,0
5181023,0
5181032,0
5181040,0
5181048,0
5181057,0
5181065,0
5181074,0
5181082,0
5181090,0
5181098,0
5181107,0
5181123,0
5181132,0
5181140,0
5181148,0
5181157,0
5181165,0
5181173,0
5181182,0
5181190,0
5181198,0
5181207,0
5181215,0
5181224,0
5181232,0
5181240,0
5181248,0
5181257,0
5181265,0
5181273,0
5181282,0
5181290,0
5181298,0
5181307,0
5181315,0
5181323,0
5181332,0
5181340,0
5181348,0
5181357,0
5181365,0
5181373,0
5181382,0
5181390,0
5181398,0
5181407,0
5181415,0
5181423,0
5181432,0
5181440,0
5181448,0
5181457,0
5181465,0
5181473,0
5181482,0
5181490,0
5181498,0
5181507,0
5181523,0
5181532,0
5181540,0
5181548,0
5181557,0
5181565,0
5181573,0
5181582,0
5181598,0
5181607,0
5181615,0
5181623,0
5181632,0
5181640,0
5181648,0
5181657,0
5181665,0
5181673,0
5181682,0
5181698,0
5181707,0
5181715,0
5181723,0
5181732,0
5181740,0
5181748,0
5181757,0
5181765,0
5181773,0
5181782,0
5181790,0
5181798,0
5181807,0
5181823,0
5181832,0
5181848,0
5181857,0
5181865,0
5181873,0
5181882,0
5181890,0
5181898,0
5181907,0
5181915,0
5181923,0
5181932,0
5181940,0
5181948,0
5181957,0
5181965,0
5181973,5
5181982,5
5181990,0
5181998,5
5182007,5
5182015,5
5182023,5
5182032,5
5182040,5
5182048,5
5182057,0
5182065,0
5182073,0
5182082,0
5182090,0
5182098,0
5182107,5
5182115,5
5182123,5
5182132,0
5182140,5
5182148,5
5182157,5
5182165,1
5182173,5
5182182,5
5182190,5
5182198,5
5182207,2
5182215,1
5182223,1
5182232,1
5182240,2
5182248,1
5182257,2
5182265,3
5182273,3
5182290,2
5182298,3
5182315,3
5182323,3
5182340,3
5182348,3
5182365,3
5182390,2
5182398,2
5182407,3
5182415,3
5182423,2
5182432,3
5182440,3
5182448,3
5182465,3
5182473,1
5182490,3
5182498,5
5182507,3
5182515,3
5182523,1
5182532,3
5182540,3
5182548,2
5182557,3
5182565,3
5182573,3
5182582,3
5182590,3
5182598,4
5182615,4
5182623,4
5182640,4
5182648,4
5182657,4
5182673,4
5182690,4
5182715,4
5182740,4
5182765,4
5182790,3
5182798,5
5182806,3
5182815,3
5182823,4
5182832,4
5182840,4
5182848,4
5182857,4
5182865,4
5182873,4
5182881,4
5182890,4
5182898,4
5182906,4
5182915,3
5182923,2
5182931,5
5182940,5
5182948,5
5182957,5
5182965,5
5182973,5
5182981,5
5182990,2
5182998,5
5183006,2
5183015,2
5183023,5
5183031,5
5183040,5
5183048,5
5183056,5
5183065,5
5183073,5
5183081,5
5183090,5
5183098,5
5183106,5
5183115,5
5183123,5
5183131,5
5183148,5
5183156,5
5183165,5
5183173,5
5183181,5
5183190,5
5183198,5
5183207,5
5183215,5
5183223,5
5183232,5
5183248,5
5183256,5
5183273,5
5183281,5
5183290,5
5183298,5
5183306,5
5183315,5
5183323,5
5183331,5
5183349,5
5183356,5
5183373,5
5183381,5
5183398,0
5183406,0
5183423,0
5183431,0
5183456,0
5183473,5
5183482,0
5183490,0
5183498,0
5183506,0
5183523,0
5183531,0
5183540,0
5183548,0
5183556,0
5183565,0
5183573,0
5183581,0
5183590,0
5183598,0
5183606,0
5183615,0
5183623,0
5183631,0
5183640,0
5183648,0
5183657,0
5183665,0
5183673,0
5183681,0
5183690,0
5183698,0
5183706,0
5183715,0
5183723,0
5183731,0
5183748,0
5183756,0
5183765,0
5183773,0
5183781,0
5183790,0
5183798,0
5183807,0
5183815,0
5183823,0
5183831,0
5183848,0
5183856,0
5183873,0
5183881,0
5183906,0
5183915,0
5183931,0
5183956,0
5183981,0
5184006,0
5184356,0
5184373,0
5184381,0
5184398,0
5184406,0
5184415,0
5184423,0
5184431,0
5184456,0
5184481,0
5184498,0
5184506,0
5184515,0
5184523,0
5184531,0
5184548,0
5184556,0
5184565,0
5184573,0
5184581,0
5184598,0
5184606,0
5184623,0
5184632,0
5184648,0
5184656,0
5184665,0
5184673,0
5184681,0
5184698,0
5184706,0
5184723,0
5184731,0
5184740,0
5184748,0
5184756,0
5184773,0
5184781,0
5184798,0
5184806,0
5184823,0
5184831,0
5184848,0
5184856,0
5184873,0
5184906,0
5184923,0
5184931,0
5184948,0
5184956,0
5184973,0
5184981,0
5184998,0
5185006,0
5185023,0
5185031,0
5185048,0
5185056,0
5185073,0
5185081,0
5185098,0
5185106,0
5185123,0
5185131,0
5185148,0
5185156,0
5185173,0
5185181,0
5185198,0
5185206,0
5185423,0
5185506,1
5185523,1
5185531,1
5185548,1
5185556,2
5185573,2
5185581,2
5185598,2
5185606,1
5185623,1
5185631,1
5185648,1
5185656,1
5185673,1
5185681,1
5185698,1
5185706,1
5185723,1
5185731,1
5185748,1
5185756,1
5185773,1
5185781,1
5185798,1
5185806,1
5185815,1
5185823,1
5185831,1
5185848,1
5185856,1
5185873,1
5185881,1
5185890,1
5185898,1
5185906,1
5185923,1
5185931,1
5185948,1
5185956,1
5185965,1
5185973,5
5185981,5
5185998,1
5186006,1
5186023,1
5186031,5
5186048,5
5186056,5
5186073,5
5186081,5
5186098,5
5186106,5
5186123,5
5186131,5
5186148,5
5186156,5
5186165,5
5186173,5
5186181,5
5186198,5
5186206,5
5186223,5
5186231,5
5186248,5
5186256,5
5186273,5
5186281,5
5186298,5
5186306,5
5186323,5
5186331,5
5186348,5
5186356,5
5186365,5
5186373,1
5186381,1
5186390,2
5186398,5
5186406,5
5186423,5
5186431,5
5186448,5
5186456,5
5186481,5
5186498,5
5186506,5
5186523,5
5186531,5
5186548,5
5186556,5
5186573,5
5186581,5
5186598,5
5186606,5
5186623,5
5186631,5
5186656,5
5186681,5
5186698,5
5186706,5
5186723,5
5186731,5
5186748,5
5186756,5
5186781,5
5186798,5
5186806,5
5186823,5
5186831,5
5186848,5
5186856,5
5186873,0
5186881,5
5186898,0
5186906,5
5186923,0
5186931,0
5186948,5
5186956,0
5186973,0
5186981,0
5186998,0
5187006,0
5187023,0
5187031,0
5187048,0
5187056,0
5187073,0
5187081,0
5187098,0
5187106,0
5187123,0
5187131,0
5187148,0
5187156,0
5187173,0
5187181,0
5187189,0
5187198,0
5187206,0
5187223,0
5187231,0
5187248,0
5187256,0
5187273,0
5187281,0
5187298,0
5187306,0
5187323,0
5187331,0
5187348,0
5187356,0
5187373,0
5187381,2
5187398,5
5187406,5
5187423,0
5187431,0
5187448,0
5187456,0
5187473,0
5187481,5
5187498,0
5187506,0
5187523,0
5187531,0
5187548,0
5187556,0
5187564,0
5187573,0
5187581,0
5187598,0
5187606,0
5187623,0
5187631,0
5187648,0
5187656,0
5187665,0
5187673,0
5187681,0
5187698,0
5187706,0
5187723,0
5187731,0
5187748,0
5187756,0
5187798,0
5187806,0
5188048,0
5188164,5
5188173,0
5188189,0
5188198,0
5188206,0
5188214,0
5188223,0
5188231,0
5188239,0
5188248,0
5188256,0
5188264,0
5188273,0
5188281,0
5188289,0
5188298,0
5188306,0
5188314,0
5188323,0
5188331,0
5188339,0
5188348,0
5188356,0
5188364,0
5188373,0
5188381,0
5188389,0
5188398,0
5188406,0
5188414,0
5188423,0
5188431,0
5188439,0
5188448,0
5188456,0
5188465,0
5188481,0
5188489,0
5188498,0
5188506,0
5188514,0
5188523,0
5188531,0
5188539,0
5188548,0
5188556,0
5188564,0
5188573,0
5188581,0
5188589,0
5188598,0
5188606,0
5188614,0
5188623,0
5188631,0
5188639,0
5188648,0
5188656,0
5188664,0
5188673,0
5188681,0
5188689,0
5188698,0
5188706,0
5188714,0
5188723,0
5188731,0
5188739,0
5188748,0
5188756,0
5188764,0
5188773,0
5188781,0
5188789,0
5188798,0
5188806,0
5188814,0
5188823,0
5188831,0
5188839,0
5188848,0
5188856,0
5188864,0
5188873,0
5188881,0
5188889,0
5188898,0
5188906,0
5188914,0
5188923,0
5188931,0
5188939,0
5188948,0
5188956,0
5188964,0
5188973,0
5188981,0
5188989,0
5188998,0
5189006,0
5189014,0
5189023,0
5189031,0
5189040,0
5189048,0
5189056,0
5189064,0
5189073,0
5189081,0
5189089,0
5189098,0
5189106,0
5189114,0
5189123,0
5189131,0
5189139,0
5189148,0
5189156,0
5189164,0
5189173,0
5189181,4
5189198,0
5189206,0
5189214,0
5189223,0
5189231,0
5189239,0
5189248,0
5189256,0
5189264,0
5189273,0
5189281,0
5189289,0
5189298,0
5189306,0
5189314,0
5189323,0
5189331,0
5189339,0
5189348,0
5189356,0
5189364,0
5189373,0
5189381,0
5189389,0
5189398,0
5189406,0
5189414,0
5189423,0
5189431,0
5189439,0
5189448,0
5189456,0
5189464,0
5189473,0
5189481,0
5189489,0
5189498,0
5189506,0
5189514,0
5189523,0
5189531,0
5189539,0
5189548,0
5189556,0
5189564,0
5189581,0
5189589,0
5189598,0
5189606,0
5189614,0
5189623,0
5189631,0
5189639,0
5189648,0
5189656,0
5189664,0
5189673,0
5189681,0
5189689,0
5189698,0
5189706,0
5189715,0
5189723,0
5189731,0
5189739,0
5189748,0
5189756,0
5189764,0
5189773,0
5189781,0
5189789,0
5189798,0
5189806,0
5189814,0
5189823,0
5189831,0
5189839,0
5189848,0
5189856,0
5189865,0
5189873,0
5189881,0
5189889,0
5189898,0
5189906,0
5189914,0
5189923,0
5189931,0
5189939,0
5189948,0
5189956,0
5189964,0
5189973,0
5189981,0
5189989,0
5189998,0
5190006,0
5190015,0
5190023,0
5190031,0
5190039,0
5190048,0
5190056,0
5190064,0
5190073,0
5190081,0
5190089,0
5190098,0
5190114,0
5190123,0
5190132,0
5190139,0
5190148,0
5190156,0
5190165,0
5190173,0
5190181,0
5190189,0
5190198,0
5190206,0
5190214,0
5190223,0
5190231,0
5190239,0
5190248,0
5190256,0
5190264,0
5190273,0
5190281,0
5190289,0
5190298,0
5190306,0
5190314,0
5190323,0
5190331,0
5190339,0
5190348,0
5190356,0
5190364,0
5190373,0
5190381,0
5190389,0
5190398,0
5190406,0
5190414,0
5190423,0
5190431,0
5190439,0
5190448,0
5190456,0
5190464,0
5190473,0
5190481,0
5190489,0
5190498,0
5190514,0
5190523,0
5190531,0
5190539,0
5190547,0
5190556,0
5190565,0
5190573,0
5190581,0
5190589,0
5190598,0
5190606,0
5190614,0
5190622,0
5190631,0
5190639,0
5190647,0
5190656,0
5190664,0
5190672,0
5190681,0
5190689,0
5190699,0
5190706,0
5190714,0
5190723,0
5190731,0
5190739,0
5191156,0
5191164,0
5191172,0
5191181,0
5191189,0
5191198,0
5191206,0
5191214,0
5191222,0
5191231,0
5191239,0
5191247,0
5191256,0
5191264,0
5191272,0
5191281,0
5191289,0
5191298,0
5191306,0
5191314,0
5191322,0
5191331,0
5191339,0
5191347,0
5191356,0
5191364,0
5191372,0
5191381,0
5191389,0
5191398,0
5191406,0
5191414,0
5191422,0
5191431,0
5191439,0
5191447,0
5191456,0
5191464,0
5191472,0
5191481,0
5191489,0
5191498,0
5191506,0
5191514,0
5191522,0
5191531,0
5191539,0
5191547,0
5191556,0
5191564,0
5191572,0
5191581,0
5191589,0
5191598,0
5191606,0
5191614,0
5191622,0
5191631,0
5191639,0
5191647,0
5191656,0
5191664,0
5191672,0
5191681,0
5191689,0
5191697,0
5191706,0
5191714,0
5191722,0
5191731,0
5191739,0
5191747,0
5191756,0
5191764,0
5191773,0
5191781,0
5191789,0
5191797,0
5191806,0
5191822,0
5191831,0
5191839,0
5191847,0
5191856,0
5191864,0
5191872,0
5191881,0
5191889,0
5191897,0
5191906,0
5191914,0
5191922,0
5191931,0
5191939,0
5191947,0
5191956,0
5191964,0
5191972,0
5191981,0
5191989,0
5191997,0
5192006,0
5192014,0
5192022,0
5192031,0
5192039,0
5192047,0
5192056,0
5192064,0
5192072,0
5192081,0
5192089,0
5192097,0
5192106,0
5192114,0
5192122,0
5192131,0
5192139,0
5192147,0
5192156,0
5192164,0
5192172,0
5192181,0
5192189,0
5192197,0
5192206,0
5192214,0
5192222,0
5192231,0
5192239,0
5192247,0
5192256,0
5192264,0
5192272,0
5192281,0
5192289,0
5192297,0
5192306,0
5192314,0
5192322,0
5192331,0
5192339,0
5192348,0
5192356,0
5192364,0
5192372,0
5192381,0
5192389,0
5192397,0
5192406,0
5192414,0
5192422,0
5192431,0
5192439,0
5192447,0
5192456,0
5192464,0
5192472,0
5192481,0
5192489,0
5192497,0
5192506,0
5192514,0
5192522,0
5192531,0
5192539,0
5192547,0
5192556,0
5192564,0
5192572,0
5192581,0
5192589,0
5192597,0
5192606,0
5192614,0
5192623,0
5192631,0
5192639,0
5192647,0
5192656,0
5192664,0
5192672,0
5192681,0
5192689,0
5192697,0
5192706,0
5192714,0
5192722,0
5192731,0
5192739,0
5192747,0
5192756,0
5192764,0
5192772,0
5192781,0
5192789,0
5192797,0
5192806,0
5192814,0
5192822,0
5192831,0
5192839,0
5192847,0
5192856,0
5192864,0
5192872,0
5192881,0
5192889,0
5192897,0
5192906,0
5192914,0
5192922,0
5192931,0
5192939,0
5192947,0
5192956,0
5192964,0
5192972,0
5192981,0
5192989,0
5192997,0
5193006,0
5193014,0
5193022,0
5193031,0
5193039,0
5193047,0
5193056,0
5193064,0
5193072,0
5193081,0
5193089,0
5193106,0
5193122,0
5193131,0
5193139,0
5193147,0
5193156,0
5193164,0
5193172,0
5193181,0
5193189,0
5193198,0
5193206,0
5193214,0
5193222,0
5193231,0
5193239,0
5193247,0
5193256,0
5193264,0
5193272,0
5193281,0
5193289,0
5193297,0
5193306,0
5193314,0
5193322,0
5193331,0
5193339,0
5193347,0
5193356,0
5193364,0
5193372,0
5193381,0
5193389,0
5193397,0
5193406,0
5193414,0
5193422,0
5193431,0
5193439,0
5193447,0
5193456,0
5193464,0
5193472,0
5193481,0
5193489,0
5193497,0
5193506,0
5193514,0
5193522,0
5193531,0
5193539,0
5193547,0
5193556,0
5193564,0
5193572,0
5193581,0
5193589,0
5193597,0
5193606,0
5193614,0
5193622,0
5193631,0
5193639,0
5193647,0
5193656,0
5193664,0
5193672,0
5193681,0
5193689,0
5193697,0
5193706,0
5193714,0
5193722,0
5193731,0
5193739,0
5193747,0
5193756,0
5193764,0
5193781,0
5193789,0
5193797,0
5193806,0
5193814,0
5193947,0
5193972,0
5193989,5
5194014,5
5194039,5
5194064,5
5194072,0
5194081,0
5194089,0
5194097,0
5194106,0
5194114,0
5194122,0
5194131,0
5194139,0
5194147,0
5194156,0
5194164,0
5194172,0
5194181,5
5194189,5
5194197,5
5194214,5
5194222,5
5194231,5
5194239,5
5194247,5
5194256,5
5194264,5
5194289,0
5194297,0
5194306,0
5194314,0
5194322,5
5194331,5
5194339,0
5194347,0
5194356,0
5194364,0
5194372,0
5194381,0
5194389,0
5194397,0
5194406,0
5194414,0
5194422,0
5194431,0
5194439,0
5194447,0
5194455,0
5194464,0
5194472,0
5194480,0
5194489,0
5194497,0
5194505,0
5194514,0
5194522,0
5194530,0
5194539,0
5194547,0
5194564,0
5194572,0
5194581,0
5194589,0
5194597,0
5194605,0
5194614,0
5194622,0
5194631,0
5194639,0
5194647,0
5194655,0
5194664,0
5194672,0
5194680,0
5194689,0
5194697,0
5194706,0
5194714,0
5194722,0
5194730,0
5194739,0
5194747,0
5194755,0
5194764,0
5194772,0
5194780,0
5194789,0
5194797,0
5194805,0
5194814,0
5194822,0
5194831,0
5194839,0
5194847,0
5194856,0
5194864,0
5194872,0
5194880,0
5194889,0
5194897,0
5194905,0
5194914,0
5194922,0
5194930,0
5194939,0
5194947,0
5194955,0
5194964,0
5194972,0
5194980,0
5194989,0
5194997,0
5195005,0
5195014,0
5195022,0
5195030,0
5195039,0
5195047,0
5195055,0
5195064,0
5195072,0
5195080,4
5195097,0
5195105,0
5195114,0
5195122,0
5195130,0
5195139,0
5195147,0
5195155,0
5195164,0
5195172,0
5195180,0
5195189,0
5195197,0
5195205,0
5195214,0
5195222,0
5195230,0
5195239,0
5195247,0
5195255,0
5195264,0
5195272,0
5195280,0
5195289,0
5195297,0
5195305,0
5195314,0
5195322,0
5195330,0
5195339,0
5195347,0
5195355,0
5195364,0
5195373,0
5195380,0
5195389,0
5195397,0
5195405,0
5195414,0
5195422,0
5195430,0
5195439,0
5195447,0
5195455,0
5195464,0
5195472,0
5195480,0
5195489,0
5195497,0
5195505,0
5195514,0
5195522,0
5195530,0
5195539,0
5195547,0
5195555,0
5195564,0
5195572,0
5195580,0
5195589,0
5195597,0
5195605,0
5195614,0
5195622,0
5195630,0
5195639,0
5195647,0
5195656,0
5195664,0
5195672,0
5195680,0
5195689,0
5195722,0
5195939,0
5195964,1
5195989,5
5196014,5
5196022,0
5196030,0
5196039,0
5196047,0
5196055,0
5196064,0
5196072,0
5196080,0
5196089,0
5196097,0
5196105,0
5196114,0
5196122,0
5196130,0
5196139,0
5196147,0
5196155,0
5196164,0
5196172,0
5196180,0
5196189,0
5196197,0
5196205,0
5196214,0
5196222,0
5196230,0
5196239,0
5196247,0
5196255,0
5196264,0
5196272,0
5196280,0
5196289,0
5196297,0
5196305,0
5196314,0
5196322,0
5196330,0
5196339,0
5196347,0
5196355,0
5196364,0
5196372,0
5196380,0
5196389,0
5196397,0
5196405,0
5196414,0
5196422,0
5196430,0
5196439,0
5196447,0
5196455,0
5196464,0
5196472,0
5196480,0
5196489,0
5196497,0
5196505,0
5196514,0
5196522,0
5196530,0
5196539,0
5196547,0
5196555,0
5196564,0
5196572,0
5196580,0
5196589,0
5196597,0
5196605,0
5196614,0
5196622,0
5196630,0
5196639,0
5196647,0
5196655,0
5196664,0
5196672,0
5196680,0
5196689,0
5196697,0
5196705,0
5196714,0
5196722,0
5196730,0
5196739,0
5196747,0
5196755,0
5196764,0
5196772,0
5196780,0
5196789,0
5196797,0
5196805,0
5196814,0
5196822,0
5196830,0
5196839,0
5196847,0
5196855,0
5196864,0
5196872,0
5196880,0
5196889,0
5196897,0
5196905,0
5196914,0
5196922,0
5196930,0
5196939,0
5196947,0
5196955,0
5196964,0
5196972,0
5196980,0
5196989,0
5196997,0
5197005,0
5197014,0
5197022,0
5197030,0
5197039,0
5197047,0
5197055,0
5197064,0
5197072,0
5197080,0
5197089,0
5197097,0
5197105,0
5197114,0
5197122,0
5197130,0
5197139,0
5197147,0
5197155,0
5197164,0
5197173,0
5197189,0
5197397,0
5197414,0
5197422,0
5197439,0
5197464,0
5197472,0
5197480,0
5197489,5
5197497,0
5197505,0
5197514,0
5197522,0
5197530,0
5197539,0
5197547,0
5197555,0
5197564,0
5197572,0
5197580,0
5197589,0
5197597,0
5197605,0
5197614,0
5197622,0
5197630,0
5197639,0
5197647,0
5197655,0
5197664,0
5197672,0
5197680,0
5197689,0
5197697,0
5197705,0
5197714,0
5197722,0
5197730,0
5197739,0
5197747,0
5197755,0
5197764,0
5197772,0
5197789,0
5197797,0
5197805,0
5197814,0
5197822,0
5197830,0
5197839,0
5197847,0
5197855,0
5197864,0
5197872,0
5197880,0
5197889,0
5197897,0
5197905,0
5197914,0
5197922,0
5197930,0
5197939,0
5197947,0
5197955,0
5197964,0
5197972,0
5197980,0
5197989,0
5197997,0
5198005,0
5198014,0
5198022,0
5198030,0
5198039,0
5198047,0
5198055,0
5198064,0
5198072,0
5198080,0
5198089,0
5198097,0
5198105,0
5198114,0
5198122,0
5198130,0
5198139,0
5198147,0
5198155,0
5198164,0
5198172,0
5198180,0
5198188,0
5198197,0
5198205,0
5198214,0
5198222,0
5198230,0
5198238,0
5198247,0
5198255,0
5198264,0
5198272,0
5198280,0
5198289,0
5198297,0
5198305,0
5198314,0
5198322,0
5198330,0
5198338,0
5198347,0
5198355,0
5198363,0
5198372,0
5198380,0
5198388,0
5198397,0
5198405,0
5198414,0
5198422,0
5198430,0
5198438,0
5198447,0
5198455,0
5198463,0
5198472,0
5198480,0
5198488,0
5198497,0
5198505,0
5198513,0
5198522,0
5198530,0
5198538,0
5198547,0
5198555,0
5198564,0
5198572,0
5198580,0
5198588,0
5198597,0
5198605,0
5198613,0
5198622,0
5198630,0
5198638,0
5198647,0
5198655,0
5198663,0
5198672,0
5198680,0
5198689,0
5198697,0
5198705,0
5198713,0
5198722,0
5198730,0
5198738,0
5198747,0
5198755,0
5198763,0
5198772,0
5198780,0
5198788,0
5198797,0
5198805,0
5198813,0
5198822,0
5198830,0
5198839,0
5198847,0
5198855,0
5198863,0
5198872,0
5198880,0
5198888,0
5198897,0
5198905,0
5198913,0
5198922,0
5198930,0
5198938,0
5198947,0
5198955,0
5198964,0
5198972,0
5198980,0
5198988,0
5198997,0
5199005,0
5199013,0
5199022,0
5199030,0
5199038,0
5199047,0
5199055,0
5199063,0
5199072,0
5199080,0
5199088,0
5199097,0
5199105,0
5199113,0
5199122,0
5199130,0
5199138,0
5199147,0
5199155,0
5199163,0
5199172,0
5199180,0
5199188,0
5199197,0
5199205,0
5199213,0
5199222,0
5199230,0
5199238,0
5199247,0
5199255,0
5199263,5
5199272,5
5199280,5
5199288,5
5199297,5
5199305,5
5199313,5
5199322,5
5199330,1
5199338,1
5199347,2
5199355,1
5199363,1
5199372,1
5199380,1
5199388,1
5199397,1
5199405,1
5199413,5
5199422,1
5199430,1
5199438,1
5199447,1
5199455,1
5199463,1
5199472,1
5199480,1
5199488,1
5199497,1
5199505,5
5199513,5
5199522,5
5199530,5
5199538,5
5199547,5
5199555,5
5199563,5
5199572,5
5199580,5
5199588,1
5199597,1
5199605,5
5199613,5
5199622,5
5199630,1
5199638,1
5199647,1
5199655,1
5199663,1
5199672,1
5199680,1
5199688,1
5199697,1
5199705,1
5199713,5
5199722,5
5199730,5
5199738,1
5199747,1
5199755,5
5199763,1
5199772,1
5199780,1
5199788,1
5199797,1
5199805,1
5199814,1
5199822,5
5199830,5
5199838,5
5199847,1
5199855,1
5199863,4
5199880,1
5199888,2
5199905,3
5199913,1
5199930,1
5199938,1
5199955,1
5199963,2
5199980,4
5199988,5
5200005,5
5200013,1
5200030,1
5200038,1
5200055,1
5200063,1
5200080,1
5200088,1
5200105,1
5200113,5
5200130,5
5200138,1
5200147,1
5200155,1
5200163,1
5200180,5
5200188,5
5200205,5
5200213,5
5200230,5
5200238,5
5200255,5
5200263,5
5200280,1
5200305,1
5200313,1
5200330,1
5200338,1
5200347,1
5200355,1
5200363,1
5200380,1
5200388,1
5200405,1
5200413,1
5200430,1
5200438,1
5200455,1
5200463,1
5200480,1
5200488,1
5200505,1
5200513,1
5200530,1
5200538,1
5200547,5
5200555,1
5200563,1
5200580,3
5200605,1
5200613,1
5200630,1
5200638,1
5200647,5
5200655,1
5200663,1
5200680,1
5200688,1
5200697,1
5200705,1
5200713,1
5200722,5
5200730,5
5200738,5
5200747,5
5200755,5
5200763,5
5200772,5
5200780,5
5200788,5
5200797,5
5200805,5
5200813,5
5200822,5
5200830,5
5200838,5
5200847,5
5200855,5
5200863,5
5200872,5
5200880,5
5200888,5
5200897,5
5200905,5
5200914,5
5200922,5
5200930,5
5200938,5
5200947,5
5200955,5
5200963,5
5200972,5
5200980,5
5200988,5
5200997,5
5201005,5
5201013,5
5201022,5
5201030,5
5201038,5
5201047,5
5201055,5
5201063,5
5201072,5
5201080,2
5201088,5
5201097,5
5201105,2
5201122,5
5201138,5
5201147,5
5201163,5
5201172,5
5201188,5
5201197,5
5201213,5
5201222,5
5201238,5
5201247,1
5201255,1
5201263,1
5201272,1
5201280,5
5201288,5
5201297,5
5201305,1
5201313,5
5201322,5
5201330,1
5201338,1
5201347,1
5201355,1
5201363,1
5201372,1
5201380,1
5201388,1
5201397,1
5201405,5
5201413,5
5201422,5
5201430,1
5201438,1
5201447,1
5201455,1
5201463,1
5201472,1
5201480,1
5201488,1
5201497,1
5201505,1
5201513,1
5201522,1
5201530,1
5201538,1
5201547,1
5201555,1
5201563,1
5201572,1
5201580,1
5201588,1
5201597,1
5201605,1
5201613,1
5201622,1
5201630,5
5201638,5
5201647,1
5201655,1
5201663,1
5201672,1
5201680,5
5201688,5
5201697,5
5201705,5
5201713,5
5201722,5
5201730,5
5201738,5
5201747,5
5201755,1
5201763,1
5201772,1
5201780,1
5201788,1
5201797,1
5201805,1
5201813,1
5201822,1
5201830,5
5201838,5
5201847,1
5201855,1
5201863,1
5201888,5
5201897,5
5201905,5
5201913,5
5201922,1
5201930,1
5201938,1
5201947,1
5201955,1
5201963,1
5201972,5
5201980,5
5201988,5
5201997,5
5202005,1
5202013,1
5202022,1
5202030,3
5202038,3
5202047,3
5202527,4
5202535,5
5202560,4
5202577,5
5202627,5
5202635,5
5202652,5
5202660,5
5202685,5
5202710,2
5202735,5
5202760,5
5202777,6
5202785,6
5202810,6
5202835,5
5202843,0
5202860,0
5202885,0
5202902,5
5202910,5
5202918,5
5202927,5
5202935,5
5202960,0
5202985,0
5203002,0
5203010,0
5203018,0
5203027,0
5203035,0
5203043,0
5203052,0
5203060,0
5203068,0
5203077,0
5203085,0
5203093,0
5203102,0
5203110,0
5203118,0
5203127,0
5203135,0
5203143,0
5203151,0
5203160,0
5203168,0
5203177,0
5203185,0
5203193,0
5203202,0
5203210,5
5203218,5
5203227,5
5203235,5
5203243,5
5203251,5
5203260,5
5203268,5
5203276,5
5203285,5
5203293,5
5203301,5
5203310,5
5203318,5
5203326,5
5203335,5
5203360,5
