5339449,2
5339458,2
5339466,2
5339474,1
5339483,1
5339491,1
5339499,1
5339508,1
5339516,1
5339524,1
5339533,2
5339541,2
5339549,2
5339558,2
5339566,2
5339574,2
5339583,2
5339591,2
5339599,1
5339608,1
5339616,1
5339625,1
5339633,1
5339641,1
5339649,1
5339658,1
5339666,2
5339674,2
5339683,2
5339691,1
5339699,1
5339708,1
5339716,1
5339724,1
5339733,1
5339749,1
5339758,1
5339766,1
5339774,1
5339783,1
5339791,1
5339799,1
5339808,1
5339816,3
5339824,5
5339833,3
5339849,5
5339899,5
5339908,5
5339924,5
5339933,5
5339949,5
5339958,5
5339983,5
5340008,5
5340024,5
5340033,5
5340049,5
5340058,5
5340099,5
5340108,5
5340124,5
5340133,3
5340149,3
5340174,5
5340183,5
5340199,5
5340208,5
5340224,5
5340233,4
5340249,5
5340258,5
5340274,5
5340283,5
5340299,4
5340324,5
5340349,5
5340358,5
5340374,5
5340383,5
5340399,4
5340408,5
5340424,5
5340433,5
5340449,5
5340458,5
5340474,5
5340483,5
5340499,5
5340508,5
5340524,5
5340549,5
5340558,5
5340574,5
5340583,5
5340599,5
5340624,5
5340633,5
5340649,5
5340674,5
5340683,5
5340699,5
5340724,5
5340749,5
5340774,5
5340799,5
5340808,5
5340824,5
5340833,5
5340849,5
5340857,5
5340874,5
5341008,5
5341024,5
5341049,5
5341057,5
5341074,5
5341083,5
5341099,5
5341107,5
5341124,5
5341132,5
5341149,5
5341157,5
5341174,5
5341199,5
5341207,5
5341224,5
5341232,5
5341249,5
5341257,5
5341274,5
5341282,5
5341299,5
5341307,5
5341324,5
5341332,5
5341349,5
5341357,5
5341374,5
5341382,5
5341399,5
5341407,5
5341424,5
5341432,5
5341449,5
5341457,5
5341474,5
5341499,5
5341524,5
5341549,5
5341557,5
5341574,5
5341599,5
5341607,5
5341624,5
5341649,5
5341657,5
5341674,5
5341682,5
5341699,5
5341724,5
5341749,5
5341774,5
5341782,5
5341799,5
5341807,5
5341824,5
5341832,5
5341849,5
5341857,5
5341866,5
5341874,5
5341899,5
5341924,5
5341932,5
5341949,5
5341974,5
5341982,5
5341999,5
5342024,5
5342032,5
5342049,5
5342057,5
5342074,5
5342082,5
5342099,5
5342107,5
5342124,5
5342132,5
5342149,5
5342324,5
5342349,5
5342357,5
5342374,5
5342382,5
5342399,5
5342407,5
5342416,5
5342424,5
5342449,5
5342474,5
5342482,5
5342824,5
5342849,5
5342857,5
5342874,5
5342882,5
5342899,5
5342924,5
5342949,5
5342957,5
5342974,5
5342982,5
5342999,5
5343007,5
5343024,5
5343049,5
5343057,5
5343074,5
5343099,5
5343116,5
5343124,5
5343149,5
5343157,5
5343174,5
5343182,5
5343199,5
5343224,5
5343232,5
5343249,5
5343291,5
5343299,5
5343324,5
5343349,5
5343357,5
5343374,5
5343382,5
5343399,5
5343424,5
5343449,5
5343457,5
5343474,5
5343499,5
5343588,5
5343596,5
5343612,5
5343621,5
5343762,5
5343821,5
5343837,5
5343846,5
5343862,5
5343887,5
5343895,5
5343912,5
5343921,5
5343937,5
5343946,5
5343962,5
5343987,5
5343996,5
5344012,5
5344020,5
5344037,5
5344046,5
5344062,5
5344087,5
5344095,5
5344113,5
5344120,5
5344137,5
5344145,5
5344162,5
5344170,5
5344187,5
5344195,5
5344212,5
5344220,5
5344237,5
5344245,5
5344254,5
5344262,5
5344287,5
5344295,5
5344312,5
5344321,5
5344337,5
5344345,5
5344362,5
5344387,5
5344395,5
5344412,5
5344420,5
5344437,5
5344446,5
5344462,5
5344487,5
5344495,5
5344512,5
5344520,5
5344537,5
5344545,5
5344562,5
5344570,5
5344587,5
5344595,5
5344612,5
5344620,5
5344637,5
5344645,5
5344662,5
5344687,5
5344695,5
5344712,5
5344720,5
5344737,5
5344745,5
5344754,5
5344762,5
5344787,5
5344795,5
5344812,5
5344820,0
5344837,0
5344845,0
5344862,0
5344870,5
5344879,0
5344887,5
5344895,0
5344904,0
5344912,0
5344920,0
5344929,0
5344937,5
5344945,5
5344954,0
5344962,0
5344970,5
5344979,0
5344987,5
5344995,0
5345004,0
5345012,0
5345020,0
5345029,0
5345037,5
5345045,5
5345054,0
5345062,0
5345070,5
5345079,5
5345087,5
5345095,0
5345112,0
5345120,5
5345129,5
5345137,5
5345145,5
5345154,5
5345162,5
5345179,5
5345187,5
5345195,5
5345204,5
5345212,5
5345220,5
5345229,5
5345237,5
5345245,5
5345254,5
5345262,5
5345287,5
5345295,5
5345312,5
5345320,5
5345337,5
5345345,5
5345354,5
5345362,5
5345370,5
5345379,5
5345387,5
5345395,5
5345412,5
5345420,5
5345429,5
5345437,5
5345445,5
5345454,5
5345462,5
5345479,5
5345487,5
5345495,5
5345512,5
5345520,5
5345529,5
5345537,5
5345545,5
5345562,5
5345587,5
5345596,5
5345612,5
5345620,5
5345629,5
5345637,5
5345645,5
5345670,5
5345687,1
5345695,1
5345712,1
5345720,1
5345745,1
5345762,5
5345787,5
5345795,0
5345804,0
5345812,5
5345820,5
5345829,5
5345837,5
5345845,5
5345987,5
5345995,5
5346012,5
5346020,5
5346029,5
5346037,5
5346045,5
5346054,0
5346062,0
5346070,0
5346079,0
5346087,0
5346095,0
5346104,0
5346112,0
5346120,0
5346129,0
5346145,4
5346162,0
5346170,0
5346179,5
5346187,0
5346195,0
5346204,0
5346212,0
5346220,0
5346229,0
5346237,0
5346245,4
5346262,0
5346270,0
5346279,0
5346287,0
5346295,0
5346312,0
5346320,0
5346329,0
5346337,0
5346345,5
5346362,0
5346370,0
5346387,0
5346395,0
5346412,0
5346420,0
5346429,0
5346445,4
5346462,0
5346470,0
5346479,0
5346487,0
5346495,0
5346512,0
5346520,0
5346529,4
5346537,5
5346545,5
5346562,5
5346570,5
5346579,5
5346587,5
5346595,0
5346612,5
5346620,5
5346629,0
5346637,5
5346645,5
5346662,5
5346670,0
5346687,0
5346695,0
5346704,0
5346712,5
5346720,3
5346729,2
5346745,5
5346762,5
5346770,0
5346779,0
5346787,0
5346795,0
5346812,5
5346820,5
5346829,0
5346837,5
5346845,5
5346862,5
5346870,5
5346887,5
5346895,0
5346912,5
5346920,5
5346929,0
5346937,0
5346945,5
5346962,0
5346970,0
5346987,0
5346995,0
5347012,0
5347020,0
5347037,0
5347045,5
5347062,0
5347070,0
5347087,0
5347095,0
5347112,0
5347120,0
5347129,0
5347137,0
5347145,5
5347162,0
5347171,0
5347179,0
5347187,5
5347195,5
5347204,5
5347212,5
5347220,5
5347228,5
5347237,5
5347245,5
5347262,5
5347278,5
5347287,5
5347295,5
5347304,5
5347312,5
5347320,5
5347329,5
5347337,5
5347353,5
5347362,5
5347370,5
5347387,5
5347395,5
5347404,5
5347412,5
5347420,5
5347429,5
5347437,5
5347445,5
5347462,5
5347479,5
5347487,5
5347495,5
5347504,5
5347512,5
5347520,5
5347528,5
5347537,5
5347545,5
5347554,5
5347562,5
5347570,5
5347578,5
5347587,5
5347595,5
5347604,5
5347612,5
5347620,5
5347628,5
5347637,5
5347645,5
5347654,5
5347662,5
5347670,5
5347679,5
5347687,5
5347695,5
5347704,5
5347712,5
5347720,5
5347737,5
5347745,5
5347762,5
5347770,5
5347778,5
5347787,5
5347795,5
5347804,5
5347812,5
5347820,5
5347828,5
5347837,5
5347845,5
5347862,5
5347870,0
5348045,2
5348062,5
5348070,5
5348087,5
5348095,5
5348112,5
5348120,0
5348128,0
5348137,0
5348145,5
5348162,0
5348170,0
5348178,0
5348187,0
5348195,0
5348203,0
5348212,0
5348220,0
5348228,0
5348237,0
5348245,4
5348262,0
5348270,0
5348278,0
5348287,0
5348295,0
5348312,0
5348320,0
5348328,0
5348337,0
5348345,0
5348353,0
5348362,0
5348370,0
5348378,0
5348387,0
5348395,0
5348403,0
5348412,0
5348420,0
5348428,0
5348437,0
5348445,0
5348453,0
5348462,0
5348470,0
5348478,0
5348487,0
5348495,0
5348503,0
5348512,0
5348520,0
5348528,0
5348537,0
5348545,0
5348553,0
5348562,0
5348570,0
5348578,0
5348587,0
5348595,0
5348603,0
5348612,0
5348620,0
5348628,0
5348637,0
5348645,0
5348653,0
5348662,0
5348670,0
5348678,0
5348687,0
5348695,0
5348703,0
5348712,0
5348720,0
5348728,0
5348737,0
5348745,0
5348754,0
5348762,0
5348770,0
5348787,0
5348795,0
5348803,0
5348812,0
5348820,0
5348828,0
5348837,0
5348845,0
5348853,0
5348862,0
5348870,0
5348878,0
5348887,0
5348895,0
5348903,0
5348912,0
5348920,0
5348928,0
5348937,0
5348945,5
5348962,0
5348970,0
5348978,0
5348995,0
5349003,0
5349012,0
5349020,0
5349028,0
5349037,0
5349045,4
5349062,0
5349070,0
5349078,0
5349087,0
5349095,0
5349103,0
5349112,0
5349120,0
5349128,0
5349137,0
5349145,4
5349162,0
5349170,0
5349178,0
5349187,0
5349195,5
5349203,5
5349212,5
5349220,5
5349228,0
5349237,0
5349245,4
5349262,0
5349270,0
5349278,0
5349287,0
5349295,0
5349303,0
5349312,0
5349320,0
5349328,0
5349337,0
5349345,4
5349362,0
5349370,0
5349378,0
5349387,0
5349395,0
5349403,0
5349412,0
5349420,0
5349428,0
5349437,0
5349445,5
5349462,0
5349470,0
5349478,0
5349487,0
5349495,0
5349504,0
5349512,0
5349520,0
5349529,0
5349545,4
5349562,5
5349570,5
5349578,5
5349587,0
5349595,0
5349603,0
5349612,0
5349620,0
5349628,5
5349637,5
5349645,5
5349662,5
5349670,5
5349678,5
5349687,5
5349695,5
5349703,5
5349712,5
5349720,5
5349728,5
5349737,5
5349745,5
5349762,5
5349770,5
5349778,5
5349787,5
5349795,5
5349803,5
5349812,5
5349820,5
5349828,5
5349837,5
5349845,5
5349862,5
5349870,5
5349878,5
5349887,5
5349895,5
5349903,5
5349912,5
5349920,5
5349928,5
5349937,5
5349945,5
5349953,5
5349962,5
5349970,5
5349978,5
5349987,5
5349995,5
5350003,5
5350012,5
5350020,5
5350028,5
5350037,5
5350045,5
5350053,5
5350062,5
5350078,5
5350087,5
5350095,5
5350103,5
5350112,5
5350120,5
5350129,5
5350137,5
5350145,5
5350153,5
5350162,5
5350295,5
5350320,1
5350337,1
5350345,1
5350353,0
5350362,5
5350370,5
5350378,5
5350387,5
5350395,5
5350403,5
5350412,5
5350420,5
5350428,5
5350437,0
5350445,0
5350453,0
5350462,0
5350470,0
5350487,0
5350495,0
5350503,0
5350512,0
5350520,0
5350528,0
5350545,5
5350562,0
5350570,0
5350578,0
5350587,0
5350595,0
5350603,0
5350612,0
5350620,0
5350628,0
5350637,0
5350645,0
5350653,0
5350662,0
5350670,0
5350678,0
5350687,0
5350695,0
5350703,0
5350712,0
5350720,0
5350728,0
5350737,0
5350745,0
5350753,0
5350762,0
5350770,0
5350778,0
5350787,0
5350795,0
5350803,0
5350812,0
5350820,0
5350828,0
5350837,0
5350845,0
5350853,0
5350862,0
5350870,0
5350878,0
5350887,0
5350895,0
5350912,5
5350920,5
5350928,0
5350945,4
5350962,0
5350970,0
5350978,0
5350987,0
5350995,0
5351003,0
5351012,0
5351020,0
5351028,0
5351037,0
5351045,0
5351053,0
5351062,0
5351070,0
5351078,0
5351087,0
5351095,0
5351103,0
5351112,0
5351120,0
5351128,0
5351137,0
5351145,0
5351153,0
5351162,0
5351170,0
5351178,0
5351187,0
5351195,0
5351203,0
5351212,0
5351220,0
5351228,0
5351237,0
5351245,0
5351253,0
5351262,0
5351270,0
5351278,0
5351287,0
5351295,0
5351303,0
5351311,0
5351320,0
5351328,0
5351336,0
5351345,0
5351353,0
5351362,0
5351370,0
5351378,0
5351386,0
5351395,0
5351403,0
5351411,0
5351420,0
5351428,0
5351436,0
5351445,4
5351462,0
5351470,0
5351478,0
5351486,0
5351495,0
5351503,0
5351511,0
5351520,0
5351528,0
5351536,0
5351545,4
5351561,0
5351570,0
5351578,2
5351595,0
5351603,0
5351611,5
5351620,5
5351628,0
5351645,4
5351661,0
5351670,0
5351678,0
5351686,0
5351695,0
5351704,0
5351711,0
5351720,0
5351728,0
5351745,0
5351753,0
5351761,0
5351770,0
5351778,0
5351786,0
5351795,0
5351803,0
5351811,0
5351820,0
5351828,0
5351836,0
5351845,0
5351853,0
5351862,0
5351870,0
5351878,0
5351886,0
5351895,0
5351903,0
5351911,0
5351920,0
5351928,0
5351937,0
5351945,0
5351953,0
5351961,0
5351970,0
5351978,0
5351986,0
5351995,0
5352003,0
5352011,0
5352020,0
5352028,0
5352036,0
5352045,4
5352061,0
5352070,0
5352078,0
5352086,0
5352095,0
5352103,0
5352111,0
5352120,0
5352128,0
5352136,0
5352145,0
5352153,0
5352161,0
5352170,0
5352178,0
5352186,0
5352195,0
5352203,0
5352211,0
5352220,0
5352228,0
5352245,4
5352261,0
5352270,0
5352278,0
5352286,0
5352295,0
5352303,0
5352311,0
5352320,0
5352328,0
5352345,4
5352361,0
5352370,0
5352378,0
5352386,0
5352395,0
5352403,0
5352411,0
5352420,0
5352428,0
5352445,4
5352461,0
5352470,0
5352478,0
5352486,0
5352495,0
5352503,0
5352511,0
5352520,0
5352528,0
5352545,4
5352561,0
5352570,0
5352586,0
5352595,5
5352720,5
5352736,5
5352745,5
5352753,5
5352762,5
5352770,5
5352786,5
5352795,5
5352812,5
5352820,5
5352828,5
5352836,5
5352845,5
5352853,5
5352861,5
5352870,5
5352878,5
5352886,5
5352895,5
5352911,5
5352920,5
5352936,5
5352945,5
5352961,5
5352970,5
5352986,5
5352995,5
5353011,5
5353020,5
5353028,5
5353036,5
5353045,5
5353061,5
5353070,5
5353086,5
5353095,5
5353111,5
5353120,5
5353136,5
5353145,5
5353153,5
5353161,5
5353170,5
5353186,5
5353195,5
5353211,5
5353220,5
5353228,5
5353236,5
5353253,5
5353261,5
5353286,5
5353295,5
5353311,5
5353320,5
5353328,5
5353336,5
5353353,5
5353361,5
5353370,5
5353386,5
5353395,5
5353411,5
5353420,5
5353428,5
5353436,5
5353453,5
5353461,5
5353470,5
5353486,5
5353495,5
5353511,5
5353520,5
5353528,5
5353561,5
5353578,4
5353586,5
5353595,5
5353611,5
5353620,5
5353636,5
5353645,5
5353661,5
5353670,5
5353686,5
5353695,5
5353711,5
5353720,5
5353736,5
5353745,5
5353761,5
5353770,5
5353786,5
5353945,1
5353961,5
5353970,0
5353986,0
5353995,0
5354011,5
5354020,0
5354036,0
5354045,4
5354061,5
5354070,0
5354086,5
5354095,0
5354111,5
5354120,5
5354136,0
5354145,0
5354161,0
5354170,0
5354186,0
5354195,0
5354203,0
5354211,0
5354220,0
5354236,0
5354245,5
5354261,0
5354270,0
5354286,0
5354295,0
5354303,0
5354311,0
5354320,0
5354336,0
5354345,5
5354361,0
5354370,0
5354386,0
5354395,0
5354411,0
5354420,0
5354436,0
5354445,4
5354461,0
5354470,0
5354486,0
5354494,0
5354511,0
5354520,0
5354536,0
5354545,4
5354561,5
5354570,5
5354586,5
5354595,5
5354603,5
5354611,5
5354620,5
5354628,5
5354636,5
5354645,5
5354653,5
5354661,5
5354670,5
5354686,5
5354695,5
5354711,5
5354720,5
5354736,5
5354745,5
5354761,5
5354770,5
5354786,5
5354795,5
5354811,5
5354820,5
5354836,5
5354845,5
5354861,5
5354870,5
5354886,5
5354895,5
5354911,5
5354919,5
5354936,5
5354961,5
5354986,5
5354995,5
5355011,5
5355019,5
5355036,5
5355045,5
5355061,5
5355070,5
5355086,5
5355094,5
5355111,5
5355119,5
5355136,5
5355144,5
5355161,5
5355169,5
5355186,5
5355195,5
5355211,5
5355219,5
5355236,5
5355244,5
5355261,5
5355269,5
5355286,5
5355294,5
5355311,5
5355319,5
5355336,5
5355344,5
5355361,5
5355369,0
5355386,0
5355394,0
5355411,0
5355419,0
5355436,0
5355444,0
5355461,0
5355469,0
5355486,0
5355494,0
5355511,0
5355519,0
5355528,0
5355536,0
5355544,0
5355553,0
5355561,0
5355569,0
5355586,0
5355594,0
5355611,0
5355619,0
5355636,0
5355644,0
5355661,0
5355669,0
5355686,0
5355694,0
5355711,0
5355719,0
5355736,0
5355744,0
5355761,0
5355769,0
5355786,0
5355794,0
5355811,0
5355819,0
5355836,0
5355844,0
5355861,0
5355869,0
5355886,0
5355894,0
5355911,0
5355919,0
5355936,0
5355944,4
5355961,0
5355969,0
5355986,0
5355994,0
5356011,0
5356019,0
5356036,5
5356044,5
5356061,5
5356069,5
5356086,5
5356094,5
5356111,5
5356119,5
5356136,5
5356161,5
5356169,5
5356186,5
5356194,5
5356211,5
5356219,5
5356236,5
5356261,5
5356269,5
5356286,5
5356294,5
5356311,5
5356319,5
5356336,5
5356361,5
5356369,5
5356386,5
5356394,5
5356411,5
5356419,5
5356436,5
5356444,5
5356461,5
5356469,5
5356486,5
5356494,5
5356519,5
5356536,5
5356544,5
5356561,5
5356569,5
5356586,5
5356594,5
5356611,5
5356619,5
5356636,5
5356644,5
5356736,1
5356744,1
5356761,5
5356769,5
5356786,0
5356794,0
5356811,0
5356819,0
5356836,0
5356844,0
5356861,0
5356869,0
5356886,0
5356894,0
5356911,0
5356919,0
5356936,0
5356945,0
5356961,0
5356969,0
5356986,0
5356994,0
5357011,0
5357019,0
5357036,0
5357044,0
5357061,0
5357069,0
5357086,0
5357094,0
5357111,0
5357119,0
5357136,0
5357144,0
5357161,0
5357169,0
5357186,0
5357194,0
5357211,0
5357219,0
5357236,0
5357244,0
5357261,0
5357269,0
5357286,0
5357294,0
5357311,0
5357319,0
5357336,0
5357344,0
5357361,0
5357369,0
5357386,0
5357395,0
5357411,0
5357419,0
5357436,0
5357444,0
5357461,0
5357469,0
5357486,0
5357494,0
5357511,0
5357519,0
5357536,0
5357544,0
5357561,5
5357569,5
5357586,5
5357594,5
5357611,5
5357619,5
5357628,5
5357636,5
5357653,5
5357661,5
5357669,5
5357686,5
5357694,5
5357703,5
5357711,5
5357719,5
5357728,5
5357736,5
5357753,5
5357761,5
5357769,5
5357786,5
5357794,5
5357811,5
5357819,5
5357828,5
5357836,5
5357844,5
5357853,5
5357861,5
5357869,5
5357878,5
5357886,5
5357894,5
5357903,5
5357911,5
5357919,5
5357928,5
5357936,5
5357944,5
5357953,5
5357961,5
5357969,5
5357978,5
5357986,5
5357994,5
5358003,5
5358011,5
5358019,5
5358144,3
5358161,1
5358169,5
5358186,5
5358194,0
5358211,0
5358219,0
5358236,0
5358244,0
5358261,0
5358269,0
5358286,0
5358294,0
5358311,0
5358319,0
5358336,0
5358344,0
5358361,0
5358369,0
5358386,0
5358394,0
5358411,0
5358419,0
5358436,0
5358444,0
5358461,0
5358469,0
5358486,0
5358494,0
5358511,0
5358519,0
5358536,0
5358544,0
5358561,0
5358569,0
5358586,0
5358594,0
5358611,0
5358619,0
5358636,0
5358644,0
5358661,0
5358669,0
5358686,0
5358694,0
5358711,0
5358719,0
5358736,0
5358744,0
5358761,0
5358769,0
5358786,0
5358794,0
5358811,0
5358819,0
5358836,0
5358844,0
5358861,0
5358869,0
5358886,0
5358894,0
5358911,0
5358919,0
5358936,0
5358944,0
5358961,0
5358969,0
5358986,0
5358994,0
5359011,0
5359019,0
5359036,0
5359044,0
5359061,0
5359069,0
5359086,0
5359094,0
5359111,0
5359119,0
5359136,0
5359144,0
5359161,0
5359169,0
5359186,0
5359194,0
5359211,0
5359219,0
5359236,0
5359244,0
5359261,0
5359269,0
5359286,0
5359294,0
5359311,0
5359319,0
5359336,0
5359344,0
5359361,0
5359369,0
5359386,0
5359394,0
5359411,0
5359419,0
5359436,0
5359444,0
5359461,0
5359469,0
5359486,0
5359494,0
5359511,0
5359519,0
5359536,0
5359544,0
5359561,0
5359569,0
5359686,5
5359694,5
5359711,5
5359719,5
5359736,5
5359744,5
5359761,5
5359769,5
5359786,5
5359794,5
5359811,5
5359819,5
5359827,2
5359836,5
5359844,5
5359852,5
5359861,5
5359869,5
5359886,5
5359894,5
5359902,5
5359911,5
5359919,5
5359927,3
5359936,5
5359961,5
5359969,5
5359986,5
5359994,5
5360011,5
5360019,5
5360027,5
5360036,5
5360044,5
5360061,5
5360069,5
5360086,5
5360094,5
5360102,5
5360111,5
5360119,5
5360136,5
5360144,5
5360161,5
5360169,5
5360186,5
5360194,5
5360211,5
5360219,5
5360227,5
5360236,5
5360244,5
5360252,5
5360261,5
5360269,5
5360286,5
5360294,5
5360311,5
5360319,5
5360336,5
5360352,5
5360361,5
5360369,5
5360386,5
5360394,5
5360402,5
5360411,5
5360419,5
5360436,5
5360444,5
5360461,5
5360469,5
5360486,5
5360494,5
5360502,5
5360511,5
5360519,5
5360536,5
5360561,5
5360569,5
5360586,5
5360594,5
5360611,5
5360619,5
5360636,5
5360644,5
5360661,5
5360669,5
5360686,5
5360694,5
5360711,5
5360719,5
5360736,5
5360744,5
5360761,5
5360769,5
5360786,5
5360794,5
5360811,5
5360819,5
5360836,5
5360844,5
5360861,5
5360869,5
5360886,5
5360894,5
5360911,5
5360919,5
5360936,5
5360944,5
5360952,5
5360961,5
5360969,5
5360986,5
5360994,5
5361011,5
5361019,5
5361036,5
5361044,5
5361061,5
5361069,5
5361086,5
5361094,5
5361111,5
5361119,5
5361136,5
5361161,5
5361169,5
5361186,5
5361194,5
5361211,5
5361219,5
5361236,5
5361261,5
5361269,5
5361286,5
5361294,5
5361302,5
5361311,0
5361319,5
5361336,5
5361361,0
5361386,0
5361394,0
5361411,0
5361419,0
5361436,0
5361444,0
5361461,0
5361469,0
5361486,0
5361494,0
5361511,0
5361519,0
5361536,0
5361544,0
5361561,0
5361569,0
5361586,0
5361594,0
5361611,0
5361619,0
5361627,0
5361636,0
5361644,0
5361652,0
5361661,0
5361669,0
5361686,0
5361694,0
5361702,0
5361711,0
5361719,0
5361736,0
5361744,0
5361761,0
5361769,0
5361786,0
5361794,0
5361811,0
5361819,0
5361827,0
5361836,0
5361844,5
5361861,5
5361869,0
5361886,0
5361894,0
5361911,5
5361919,5
5361936,0
5361944,5
5361961,5
5361969,0
5361986,0
5361994,0
5362011,5
5362019,5
5362036,0
5362044,5
5362061,5
5362069,0
5362085,0
5362094,0
5362111,5
5362119,5
5362136,0
5362144,5
5362161,5
5362169,0
5362186,0
5362194,0
5362211,0
5362219,0
5362236,0
5362244,5
5362261,5
5362269,0
5362286,0
5362294,0
5362311,0
5362319,0
5362335,0
5362344,0
5362361,0
5362369,0
5362386,0
5362394,0
5362411,5
5362419,5
5362435,5
5362444,5
5362460,5
5362469,5
5362486,5
5362494,5
5362511,1
5362519,1
5362536,5
5362544,5
5362561,5
5362569,5
5362586,5
5362594,5
5362611,5
5362619,5
5362636,5
5362644,5
5362661,5
5362669,5
5362685,5
5362694,5
5362710,5
5362719,5
5362736,5
5362744,5
5362761,5
5362769,5
5362786,5
5362794,5
5362810,5
5362819,5
5362835,5
5362844,5
5362861,5
5362869,5
5362885,5
5362894,5
5362910,5
5362919,5
5362935,5
5362960,5
5362969,5
5362986,5
5362994,5
5363010,5
5363019,5
5363035,5
5363044,5
5363060,5
5363069,5
5363085,5
5363094,5
5363110,5
5363119,5
5363135,5
5363235,5
5363244,5
5363260,0
5363269,0
5363285,5
5363294,5
5363310,5
5363319,5
5363335,5
5363344,5
5363360,5
5363369,0
5363385,0
5363394,0
5363410,5
5363419,5
5363435,0
5363444,0
5363460,0
5363469,0
5363485,5
5363494,5
5363510,5
5363519,0
5363535,0
5363544,5
5363561,5
5363569,0
5363585,5
5363594,5
5363610,0
5363619,0
5363635,0
5363644,0
5363660,5
5363669,5
5363685,3
5363694,2
5363710,2
5363719,2
5363735,5
5363744,5
5363760,5
5363769,5
5363785,5
5363794,5
5363810,5
5363819,5
5363835,5
5363844,5
5363861,5
5363869,5
5363885,5
5363894,5
5363910,5
5363935,5
5363944,5
5363961,5
5363969,5
5363985,5
5363994,5
5364010,5
5364019,5
5364035,5
5364044,5
5364060,5
5364069,5
5364085,5
5364094,5
5364110,5
5364119,5
5364135,5
5364144,5
5364160,5
5364169,5
5364185,5
5364194,5
5364335,5
5364344,5
5364360,5
5364369,5
5364385,5
5364394,5
5364410,5
5364419,5
5364435,5
5364444,5
5364460,5
5364469,5
5364485,5
5364494,5
5364510,5
5364519,5
5364535,5
5364544,5
5364560,5
5364569,5
5364585,0
5364594,0
5364610,0
5364619,0
5364635,0
5364644,0
5364660,0
5364669,0
5364685,0
5364694,0
5364710,0
5364719,0
5364735,0
5364744,0
5364760,0
5364769,0
5364785,0
5364794,0
5364810,0
5364819,0
5364835,0
5364844,0
5364860,0
5364869,0
5364885,0
5364894,0
5364910,0
5364919,5
5364935,0
5364944,0
5364960,0
5364969,0
5364985,0
5364994,0
5365010,0
5365019,0
5365035,0
5365044,0
5365069,0
5365085,0
5365094,0
5365110,0
5365119,5
5365144,0
5365160,0
5365169,0
5365194,0
5365210,0
5365219,5
5365244,5
5365260,0
5365269,0
5365285,0
5365294,0
5365310,0
5365335,5
5365360,5
5365369,5
5365385,5
5365394,5
5365410,5
5365435,5
5365460,5
5365469,5
5365485,5
5365494,5
5365510,5
5365519,5
5365535,5
5365544,5
5365560,5
5365569,5
5365585,5
5365594,5
5365610,5
5365619,5
5365635,5
5365644,5
5365660,5
5365669,5
5365685,5
5365694,5
5365710,5
5365719,5
5365735,5
5365744,5
5365840,5
5365848,5
5365864,5
5365873,5
5366064,0
5366123,0
5366140,0
5366148,0
5366164,0
5366173,0
5366198,0
5366214,0
5366223,0
5366239,0
5366248,0
5366264,0
5366273,0
5366289,0
5366298,0
5366314,0
5366323,0
5366339,0
5366348,0
5366364,0
5366373,0
5366389,0
5366398,0
5366414,0
5366423,0
5366448,5
5366464,0
5366473,0
5366489,0
5366498,0
5366514,0
5366523,0
5366548,5
5366564,0
5366573,0
5366589,0
5366664,0
5366673,0
5366689,0
5366698,0
5366714,0
5366739,0
5366748,0
5366764,0
5366773,0
5366789,0
5366798,0
5366814,0
5366823,0
5366919,5
5366935,0
5366944,0
5366960,0
5366969,0
5366985,0
5366994,0
5367011,0
5367019,5
5367044,5
5367060,0
5367069,0
5367085,0
5367094,0
5367110,0
5367119,5
5367136,5
5367310,1
5367319,1
5367335,5
5367360,5
5367369,0
5367385,0
5367394,0
5367410,0
5367419,5
5367436,0
5367444,0
5367460,0
5367469,0
5367485,0
5367494,0
5367510,0
5367519,0
5367536,0
5367544,0
5367560,0
5367585,5
5367594,0
5367610,0
5367619,0
5367635,0
5367644,0
5367660,0
5367669,0
5367685,0
5367694,0
5367710,0
5367719,5
5367735,5
5367744,5
5367760,5
5367769,5
5367785,5
5367794,5
5367810,5
5367819,5
5367836,5
5367844,5
5367885,5
5367982,5
5367990,5
5368006,5
5368015,5
5368031,5
5368040,5
5368056,5
5368065,5
5368081,5
5368090,5
5368106,5
5368115,5
5368131,5
5368156,5
5368181,5
5368190,5
5368206,5
5368215,5
5368231,5
5368240,5
5368256,5
5368265,5
5368281,5
5368290,5
5368306,5
5368315,5
5368332,5
5368340,5
5368356,5
5368365,5
5368381,5
5368390,5
5368406,5
5368415,5
5368431,5
5368440,5
5368456,5
5368465,5
5368481,5
5368490,5
5368506,5
5368515,0
5368531,0
5368540,0
5368556,0
5368565,0
5368581,0
5368590,0
5368615,0
5368631,0
5368640,0
5368656,0
5368681,0
5368690,0
5368706,0
5368715,0
5368732,0
5368740,0
5368756,0
5368765,0
5368781,0
5368790,0
5368806,0
5368815,0
5368831,0
5368840,0
5368856,0
5368865,0
5368881,0
5368890,0
5368906,0
5368915,0
5368931,0
5368940,0
5368956,0
5368965,0
5369061,0
5369077,0
5369086,0
5369102,0
5369111,0
5369127,0
5369136,0
5369152,0
5369161,0
5369177,0
5369186,5
5369202,1
5369211,2
5369327,3
5369336,3
5369352,3
5369527,5
5369536,1
5369561,5
5369569,5
5369586,2
5369602,5
5369611,5
5369627,5
5369636,5
5369652,5
5369661,5
5369669,5
5369677,5
5369686,5
5369702,0
5369711,0
5369727,5
5369736,5
5369752,5
5369761,5
5369769,5
5369777,5
5369786,5
5369802,5
5369811,5
5369827,5
5369836,5
5369844,5
5369852,5
5369861,5
5369877,5
5369886,5
5369902,5
5369911,5
5369927,5
5369936,5
5369952,5
5369961,5
5369969,5
5369977,5
5369986,5
5369994,5
5370002,5
5370011,5
5370027,5
5370036,5
5370124,5
5370132,5
5370148,5
5370157,5
5370173,5
5370182,5
5370198,5
5370207,5
5370223,5
5370232,0
5370248,0
5370257,0
5370273,0
5370282,0
5370298,0
5370307,0
5370323,0
5370332,0
5370340,0
5370348,0
5370357,5
5370365,5
5370373,5
5370382,5
5370390,5
5370398,5
5370407,5
5370415,0
5370423,0
5370432,0
5370440,0
5370448,0
5370457,0
5370465,0
5370473,0
5370482,0
5370490,5
5370498,5
5370507,0
5370515,0
5370523,0
5370532,0
5370540,0
5370548,0
5370557,0
5370565,0
5370573,0
5370582,0
5370590,0
5370599,0
5370607,0
5370615,0
5370623,0
5370632,0
5370640,0
5370648,0
5370657,0
5370665,0
5370673,0
5370682,0
5370690,0
5370698,0
5370707,0
5370723,0
5370732,0
5370740,0
5370748,0
5370757,0
5370765,5
5370773,5
5370782,5
5370798,5
5370807,5
5370823,0
5370832,0
5370848,0
5370857,0
5370873,0
5370882,0
5370890,0
5370898,0
5370907,0
5370923,0
5370932,0
5370948,0
5370957,0
5370973,0
5370982,0
5370998,0
5371007,0
5371023,0
5371032,0
5371048,0
5371057,5
5371073,0
5371098,0
5371195,0
5371203,0
5371211,0
5371219,5
5371228,5
5371236,0
5371253,5
5371269,0
5371278,0
5371294,0
5371303,0
5371319,0
5371328,0
5371344,0
5371353,5
5371369,0
5371378,0
5371386,0
5371394,0
5371403,0
5371419,0
5371428,0
5371444,0
5371453,5
5371469,0
5371478,0
5371486,0
5371494,0
5371503,0
5371511,0
5371519,0
5371528,0
5371544,0
5371553,4
5371569,0
5371578,0
5371594,0
5371603,0
5371611,0
5371619,0
5371628,0
5371644,0
5371653,0
5371661,0
5371669,0
5371678,0
5371686,0
5371694,0
5371703,0
5371711,0
5371719,0
5371728,0
5371744,0
5371753,0
5371761,0
5371769,0
5371778,0
5371786,0
5371794,0
5371803,0
5371811,0
5371819,5
5371828,0
5371836,0
5371844,5
5371853,0
5371861,0
5371869,0
5371878,0
5371894,0
5371903,0
5371919,0
5371928,0
5371936,0
5371953,4
5371969,0
5371978,0
5371986,0
5371994,0
5372003,0
5372011,0
5372019,0
5372028,0
5372036,0
5372044,0
5372053,0
5372061,0
5372069,0
5372078,0
5372094,0
5372103,0
5372111,0
5372119,0
5372128,0
5372136,0
5372144,0
5372153,0
5372161,0
5372169,0
5372178,0
5372194,0
5372203,0
5372211,5
5372219,5
5372228,5
5372236,5
5372244,5
5372253,5
5372261,5
5372269,5
5372278,5
5372294,5
5372303,5
5372319,5
5372328,5
5372344,5
5372353,5
5372361,5
5372369,5
5372377,5
5372386,5
5372394,5
5372403,5
5372419,5
5372428,5
5372436,5
5372444,5
5372453,5
5372461,5
5372469,5
5372478,5
5372486,4
5372494,5
5372503,5
5372519,3
5372528,3
5372544,4
5372553,5
5372561,5
5372569,5
5372578,5
5372594,0
5372603,0
5372611,0
5372619,0
5372628,0
5372636,0
5372644,0
5372653,5
5372661,5
5372669,5
5372678,5
5372694,5
5372703,5
5372719,5
5372728,5
5372736,5
5372744,5
5372753,5
5372769,0
5372777,0
5372786,0
5372794,0
5372803,0
5372811,0
5372819,0
5372828,0
5372836,0
5372844,0
5372853,5
5372869,0
5372878,0
5372886,0
5372894,0
5372903,0
5372911,0
5372919,0
5372928,0
5372936,0
5372944,0
5372952,5
5372969,0
5372977,0
5372986,0
5372994,0
5373002,0
5373011,0
5373019,0
5373028,0
5373036,0
5373044,0
5373053,5
5373069,0
5373077,0
5373086,0
5373094,0
5373103,0
5373111,0
5373119,0
5373127,0
5373136,0
5373152,5
5373169,0
5373177,0
5373194,0
5373202,0
5373219,0
5373227,0
5373244,0
5373252,5
5373269,0
5373277,0
5373294,0
5373302,0
5373319,0
5373327,0
5373344,0
5373352,5
5373369,0
5373377,0
5373394,0
5373402,0
5373419,0
5373427,0
5373444,0
5373452,5
5373469,0
5373477,0
5373494,0
5373503,0
5373511,0
5373519,0
5373527,0
5373536,0
5373544,0
5373552,5
5373569,0
5373577,0
5373586,0
5373594,0
5373602,0
5373611,0
5373619,0
5373627,0
5373636,0
5373644,0
5373652,5
5373669,0
5373677,0
5373686,0
5373694,0
5373702,0
5373711,0
5373719,0
5373727,0
5373736,0
5373744,0
5373752,4
5373769,0
5373777,0
5373786,0
5373794,0
5373802,0
5373811,0
5373819,0
5373828,0
5373836,0
5373844,0
5373852,5
5373869,0
5373877,0
5373894,0
5373902,0
5373919,0
5373927,0
5373936,0
5373944,0
5373952,5
5373969,0
5373977,0
5373986,0
5373994,0
5374002,0
5374011,0
5374019,0
5374027,0
5374036,5
5374044,5
5374052,5
5374069,0
5374077,0
5374094,0
5374102,0
5374111,0
5374119,5
5374127,5
5374136,0
5374144,0
5374152,5
5374169,0
5374177,0
5374194,0
5374203,5
5374219,5
5374227,5
5374236,5
5374244,5
5374252,5
5374269,0
5374277,0
5374294,0
5374302,0
5374311,0
5374319,0
5374327,0
5374336,0
5374344,0
5374352,5
5374369,0
5374377,0
5374394,0
5374402,0
5374419,0
5374427,0
5374436,0
5374444,0
5374452,5
5374469,0
5374477,0
5374486,5
5374494,5
5374502,5
5374511,5
5374519,5
5374527,5
5374536,5
5374544,5
5374552,3
5374561,5
5374569,5
5374577,5
5374586,5
5374594,5
5374602,5
5374611,5
5374619,5
5374627,5
5374636,5
5374644,5
5374652,3
5374661,5
5374669,5
5374677,5
5374686,5
5374694,5
5374702,5
5374711,5
5374719,5
5374727,5
5374736,5
5374744,5
5374752,3
5374769,5
5374777,5
5374786,5
5374794,5
5374802,5
5374811,5
5374819,5
5374827,5
5374836,5
5374844,5
5374852,5
5374861,5
5374869,5
5374877,5
5374886,5
5374894,5
5374902,5
5374919,5
5374927,5
5374944,5
5374952,5
5374961,5
5374969,5
5374977,5
5374986,5
5374994,5
5375002,5
5375011,5
5375019,5
5375027,5
5375036,5
5375044,5
5375052,5
5375061,5
5375069,5
5375077,5
5375094,5
5375102,5
5375111,5
5375119,5
5375127,5
5375144,5
5375152,5
5375161,5
5375169,5
5375177,5
5375186,5
5375194,5
5375202,5
5375219,5
5375227,5
5375236,5
5375244,5
5375252,5
5375261,5
5375269,5
5375277,5
5375294,5
5375302,5
5375319,5
5375327,5
5375344,5
5375352,5
5375361,5
5375369,5
5375377,5
5375386,5
5375394,5
5375402,5
5375411,5
5375419,5
5375427,5
5375436,5
5375444,5
5375452,5
5375461,5
5375469,5
5375477,5
5375486,5
5375494,5
5375502,5
5375511,5
5375519,5
5375527,5
5375536,5
5375544,5
5375552,5
5375561,5
5375569,5
5375577,5
5375586,5
5375594,5
5375602,5
5375611,5
5375619,5
5375627,5
5375636,5
5375644,5
5375652,5
5375661,5
5375669,5
5375677,5
5375694,5
5375702,5
5375719,5
5375727,5
5375736,5
5375744,5
5375752,5
5375761,5
5375769,5
5375777,5
5375794,5
5375802,5
5375811,5
5375819,5
5375827,5
5375836,5
5375844,5
5375852,5
5375861,5
5375869,5
5375877,5
5375894,5
5375902,5
5375919,5
5375927,5
5375936,5
5375944,5
5375952,5
5375961,5
5375969,5
5375977,5
5375994,5
5376083,5
5376090,5
5376099,5
5376107,5
5376115,5
5376132,5
5376140,5
5376157,5
5376165,5
5376174,5
5376182,5
5376190,5
5376199,5
5376207,5
5376215,5
5376232,5
5376240,5
5376257,5
5376265,5
5376274,5
5376282,5
5376290,5
5376299,5
5376307,5
5376316,5
5376332,5
5376340,5
5376465,5
5376507,0
5376515,0
5376532,0
5376540,0
5376557,0
5376565,0
5376582,0
5376590,5
5376607,0
5376616,0
5376632,0
5376640,0
5376657,5
5376665,0
5376682,0
5376690,5
5376707,0
5376715,0
5376724,0
5376732,0
5376740,0
5376757,0
5376765,0
5376782,0
5376791,5
5376807,0
5376815,0
5376832,0
5376840,0
5376857,0
5376865,0
5376882,0
5376890,5
5376907,0
5376915,0
5376932,0
5376940,0
5376957,0
5376965,0
5376982,0
5376990,5
5377007,0
5377015,0
5377024,0
5377032,0
5377040,0
5377057,0
5377066,0
5377162,0
5377178,0
5377186,5
5377203,0
5377211,0
5377228,0
5377236,0
5377245,0
5377253,0
5377261,0
5377270,0
5377278,0
5377286,5
5377303,0
5377311,0
5377320,5
5377328,5
5377336,5
5377345,5
5377353,5
5377361,5
5377370,1
5377378,1
5377386,5
5377403,1
5377411,1
5377420,0
5377428,0
5377436,0
5377445,0
5377453,0
5377461,0
5377470,0
5377478,0
5377486,5
5377503,0
5377511,0
5377528,0
5377536,0
5377553,0
5377561,0
5377570,0
5377578,0
5377586,4
5377603,0
5377611,0
5377628,0
5377636,0
5377653,0
5377661,0
5377670,5
5377678,5
5377686,5
5377703,5
5377712,5
5377720,5
5377728,5
5377736,0
5377745,0
5377753,0
5377761,0
5377778,0
5377803,0
5377811,0
5377836,0
5377845,0
5377861,0
5377870,0
5377886,0
5377903,0
5377911,0
5377928,0
5377953,5
5377961,0
5377970,0
5377986,4
5378003,0
5378011,0
5378225,0
5378233,0
5378241,0
5378249,0
5378257,0
5378266,0
5378274,0
5378282,0
5378291,0
5378299,0
5378307,0
5378316,0
5378324,0
5378332,0
5378341,0
5378349,0
5378357,0
5378374,0
5378382,0
5378391,0
5378399,0
5378407,0
5378416,0
5378424,0
5378432,0
5378441,0
5378449,0
5378457,5
5378474,0
5378482,0
5378499,0
5378507,0
5378524,4
5378549,0
5378557,5
5378574,5
5378582,5
5378599,5
5378607,0
5378624,4
5378632,0
5378649,0
5378657,0
5378674,0
5378682,5
5378699,0
5378707,0
5378724,0
5378732,0
5378749,0
5378757,0
5378774,0
5378782,0
5378799,0
5378807,0
5378824,5
5378832,0
5378849,0
5378857,0
5378874,0
5378882,0
5378899,0
5378907,0
5378924,0
5378949,0
5378957,5
5378974,5
5378982,0
5378999,0
5379007,0
5379024,0
5379032,0
5379049,0
5379057,5
5379074,5
5379082,5
5379099,5
5379107,0
5379124,0
5379132,0
5379149,0
5379157,5
5379174,5
5379182,5
5379199,5
5379207,0
5379224,5
5379232,0
5379249,5
5379257,5
5379274,0
5379282,0
5379299,5
5379307,0
5379324,0
5379332,0
5379349,0
5379357,0
5379374,0
5379382,5
5379399,5
5379407,0
5379416,0
5379424,5
5379432,5
5379449,0
5379457,5
5379474,0
5379482,0
5379499,0
5379507,0
5379524,5
5379532,5
5379549,0
5379557,5
5379574,5
5379582,0
5379599,5
5379607,0
5379624,1
5379632,1
5379649,0
5379657,2
5379782,3
5379799,5
5379807,0
5379824,0
5379832,0
5379841,0
5379849,0
5379857,0
5379866,5
5379874,0
5379882,0
5379899,0
5379907,0
5379916,0
5379924,0
5379932,0
5379941,0
5379949,0
5379957,0
5379966,0
5379974,0
5379982,0
5379991,0
5379999,0
5380007,0
5380016,0
5380024,0
5380032,0
5380041,0
5380049,0
5380057,0
5380066,0
5380074,0
5380082,0
5380091,0
5380099,0
5380107,0
5380116,0
5380124,0
5380132,0
5380141,0
5380149,0
5380157,0
5380166,0
5380174,0
5380182,0
5380191,0
5380199,0
5380207,0
5380216,0
5380224,0
5380233,0
5380241,5
5380249,5
5380257,5
5380266,5
5380274,5
5380282,5
5380291,5
5380299,5
5380307,5
5380316,5
5380324,5
5380332,5
5380341,5
5380349,5
5380357,5
5380366,5
5380374,5
5380382,5
5380391,5
5380399,5
5380407,5
5380416,5
5380424,5
5380432,5
5380441,5
5380449,5
5380457,5
5380466,5
5380474,5
5380482,5
5380499,5
5380507,5
5380524,5
5380532,5
5380541,5
5380549,5
5380557,5
5380574,5
5380582,5
5380591,5
5380599,5
5380607,5
5380616,5
5380624,0
5380632,0
5380641,0
5380649,5
5380657,4
5380674,5
5380682,5
5380691,5
5380699,5
5380707,5
5380716,5
5380724,5
5380732,5
5380741,0
5380749,0
5380757,0
5380766,0
5380774,0
5380782,0
5380791,0
5380799,0
5380807,0
5380816,0
5380824,0
5380832,0
5380841,0
5380849,0
5380857,0
5380866,5
5380874,5
5380882,5
5380891,5
5380899,5
5380907,0
5380916,0
5380924,0
5380932,0
5380941,0
5380957,0
5380966,0
5380974,0
5380982,0
5380991,0
5380999,0
5381007,0
5381016,0
5381024,0
5381032,0
5381041,0
5381049,0
5381057,0
5381066,0
5381074,0
5381082,0
5381091,0
5381099,0
5381107,0
5381116,0
5381124,0
5381132,0
5381141,0
5381149,0
5381157,0
5381165,0
5381174,0
5381182,0
5381191,0
5381199,0
5381207,0
5381216,0
5381224,0
5381232,0
5381241,0
5381249,0
5381257,0
5381266,0
5381274,0
5381282,0
5381290,0
5381299,0
5381307,0
5381315,0
5381324,0
5381332,0
5381341,0
5381349,0
5381357,0
5381365,0
5381374,0
5381382,0
5381399,0
5381407,0
5381424,0
5381432,0
5381449,0
5381457,0
5381465,0
5381474,0
5381482,5
5381499,5
5381507,0
5381524,5
5381532,5
5381549,5
5381557,0
5381574,0
5381582,0
5381599,0
5381607,0
5381624,5
5381632,0
5381649,0
5381657,0
5381674,0
5381682,0
5381699,0
5381707,0
5381724,0
5381732,0
5381749,0
5381757,0
5381774,0
5381782,0
5381799,0
5381807,0
5381824,0
5381832,0
5381849,0
5381857,0
5381874,0
5381882,0
5381899,0
5381907,0
5381924,0
5381932,0
5381949,0
5381957,0
5381974,0
5381982,0
5381999,0
5382007,0
5382024,5
5382032,5
5382040,0
5382049,0
5382057,5
5382074,0
5382082,0
5382099,0
5382107,0
5382115,0
5382124,0
5382132,0
5382140,0
5382149,0
5382157,0
5382165,0
5382174,0
5382182,0
5382199,0
5382207,0
5382224,0
5382232,0
5382240,0
5382249,0
5382257,0
5382266,0
5382274,0
5382282,0
5382290,0
5382299,0
5382307,0
5382315,0
5382324,0
5382332,0
5382340,0
5382349,0
5382357,0
5382365,0
5382374,0
5382382,0
5382391,0
5382399,0
5382407,0
5382424,0
5382432,0
5382440,0
5382449,0
5382457,0
5382474,0
5382482,0
5382499,0
5382507,0
5382524,0
5382532,0
5382549,0
5382557,0
5382574,5
5382749,2
5382757,5
5382774,0
5382782,5
5382799,0
5382807,0
5382824,0
5382832,0
5382849,0
5382857,0
5382874,0
5382882,0
5382899,0
5382907,0
5382924,0
5382932,0
5382949,0
5382957,0
5382974,0
5382982,0
5382999,0
5383007,0
5383024,0
5383032,0
5383049,0
5383057,0
5383065,0
5383074,0
5383082,0
5383099,0
5383107,0
5383124,0
5383132,0
5383140,0
5383149,0
5383157,0
5383165,0
5383174,0
5383182,0
5383199,0
5383207,0
5383224,0
5383232,0
5383240,0
5383249,0
5383257,0
5383265,0
5383274,0
5383282,0
5383290,5
5383299,5
5383307,0
5383324,0
5383332,0
5383349,0
5383499,1
5383507,2
5383524,1
5383532,5
5383549,5
5383557,0
5383574,0
5383582,0
5383599,0
5383607,0
5383624,0
5383632,0
5383649,0
5383657,5
5383674,0
5383682,0
5383699,0
5383707,0
5383724,5
5383732,0
5383749,0
5383757,0
5383774,0
5383782,0
5383799,0
5383807,0
5383824,0
5383832,0
5383849,5
5383857,5
5383874,0
5383882,0
5383899,0
5383907,0
5383924,5
5383932,5
5383949,0
5383957,5
5383974,0
5383982,0
5383999,0
5384007,0
5384024,0
5384032,0
5384040,0
5384049,0
5384057,0
5384074,0
5384082,0
5384099,0
5384107,0
5384124,0
5384132,0
5384140,0
5384149,0
5384157,5
5384174,0
5384182,0
5384199,0
5384207,0
5384224,0
5384232,0
5384240,0
5384249,0
5384257,0
5384265,0
5384274,0
5384282,0
5384299,0
5384307,5
5384324,5
5384332,5
5384349,5
5384357,5
5384374,5
5384382,5
5384399,5
5384407,5
5384415,5
5384424,3
5384432,4
5384440,5
5384449,5
5384457,4
5384465,5
5384474,5
5384482,5
5384499,5
5384507,5
5384524,5
5384532,5
5384549,5
5384557,5
5384574,5
5384582,5
5384599,5
5384607,5
5384624,5
5384632,5
5384649,5
5384657,5
5384673,0
5384682,0
5384699,0
5384707,0
5384724,0
5384732,5
5384748,5
5384757,5
5384774,5
5384782,5
5384799,0
5384807,0
5384824,0
5384832,0
5384848,0
5384857,0
5384873,5
5384882,5
5385123,1
5385132,1
5385148,5
5385157,5
5385173,5
5385182,5
5385199,0
5385207,0
5385223,0
5385232,0
5385248,0
5385257,5
5385273,0
5385282,0
5385298,0
5385307,0
5385323,5
5385332,5
5385348,5
5385357,5
5385365,5
5385373,3
5385382,3
5385398,3
5385407,5
5385423,5
5385432,5
5385448,5
5385457,5
5385473,5
5385482,5
5385498,5
5385507,5
5385523,5
5385532,5
5385548,5
5385557,5
5385573,5
5385582,5
5385598,5
5385607,5
5385624,5
5385632,5
5385648,5
5385657,5
5385673,5
5385682,5
5385698,5
5385707,5
5385723,5
5385732,5
5385748,5
5385757,5
5385773,0
5385782,0
5385798,0
5385807,0
5385823,0
5385832,0
5385848,0
5385857,0
5385882,0
5385898,0
5385907,0
5385923,0
5385932,0
5385948,0
5385957,0
5385973,0
5385982,0
5385998,0
5386007,0
5386023,0
5386032,0
5386048,0
5386057,5
5386073,0
5386082,0
5386098,0
5386107,0
5386123,0
5386132,0
5386148,0
5386157,0
5386173,0
5386182,0
5386198,0
5386207,0
5386223,0
5386232,0
5386248,0
5386257,0
5386273,0
5386282,0
5386298,0
5386307,0
5386323,0
5386332,0
5386348,5
5386357,5
5386373,5
5386382,5
5386398,5
5386407,5
5386423,5
5386432,5
5386448,5
5386457,5
5386473,5
5386482,5
5386498,5
5386507,5
5386532,5
5386548,5
5386557,5
5386573,5
5386582,5
5386598,5
5386607,5
5386632,5
5386648,5
5386657,5
5386673,5
5386682,5
5386698,5
5386707,5
5386723,5
5386732,5
5386748,5
5386757,5
5386773,5
5386782,5
5386798,5
5386807,5
5386832,5
5386848,5
5386857,5
5386873,5
5386882,5
5386898,5
5386907,5
5386932,5
5386948,5
5386957,4
5386973,5
5386982,5
5386998,5
5387007,5
5387023,5
5387032,5
5387048,5
5387057,5
5387073,5
5387082,5
5387098,5
5387107,5
5387132,5
5387148,5
5387157,5
5387173,5
5387182,5
5387198,5
5387207,5
5387223,5
5387232,0
5387248,0
5387257,0
5387273,0
5387282,0
5387299,0
5387307,0
5387323,0
5387332,0
5387348,0
5387357,0
5387373,0
5387382,0
5387399,0
5387407,0
5387423,0
5387432,0
5387448,0
5387457,0
5387473,0
5387482,0
5387498,0
5387507,0
5387523,0
5387532,0
5387548,0
5387557,0
5387573,0
5387582,0
5387598,0
5387607,0
5387623,0
5387632,5
5387648,0
5387657,4
5387673,5
5387682,0
5387698,0
5387707,0
5387723,5
5387732,5
5387748,0
5387774,0
5387782,0
5387799,0
5387807,0
5387823,0
5387832,0
5387848,0
5387857,0
5387873,0
5387882,0
5387898,0
5387907,0
5387923,0
5387932,0
5387948,0
5387957,0
5387973,0
5387982,0
5387998,0
5388007,0
5388023,0
5388032,0
5388048,0
5388057,0
5388073,0
5388082,0
5388098,0
5388106,0
5388123,0
5388132,0
5388148,0
5388157,0
5388173,0
5388182,0
5388198,0
5388207,0
5388223,5
5388232,0
5388248,0
5388257,0
5388273,0
5388282,0
5388298,0
5388307,0
5388323,0
5388332,0
5388348,0
5388357,0
5388373,0
5388381,0
5388398,0
5388407,0
5388423,0
5388432,0
5388448,0
5388457,5
5388473,0
5388482,0
5388498,0
5388507,0
5388523,5
5388532,5
5388548,0
5388557,0
5388573,0
5388582,0
5388598,0
5388607,0
5388623,5
5388632,5
5388648,0
5388657,4
5388673,0
5388682,0
5388698,0
5388707,0
5388723,5
5388731,0
5388757,5
5388773,5
5388781,0
5388798,0
5388806,0
5388823,0
5388832,0
5388848,0
5388857,0
5388873,0
5388881,0
5388898,0
5388906,0
5388923,5
5388931,5
5388948,0
5388956,5
5388973,0
5388981,0
5388998,0
5389006,0
5389023,5
5389123,5
5389148,5
5389156,5
5389173,5
5389181,5
5389198,5
5389206,5
5389223,5
5389231,5
5389248,5
5389256,4
5389273,5
5389281,5
5389298,5
5389307,5
5389323,5
5389331,5
5389348,5
5389356,4
5389373,5
5389381,5
5389398,5
5389406,5
5389432,5
5389448,5
5389456,4
5389473,5
5389481,5
5389498,5
5389506,5
5389531,5
5389548,5
5389556,5
5389573,5
5389581,5
5389598,5
5389606,5
5389631,5
5389648,5
5389656,5
5389673,5
5389690,5
5389698,5
5389706,5
5389731,5
5389748,5
5389756,5
5389773,0
5389781,0
5389798,0
5389806,0
5389823,5
5389831,5
5389856,5
5389873,5
5389881,0
5389906,0
5389923,5
5389931,5
5389956,5
5389981,0
5390006,0
5390023,5
5390031,5
5390048,0
5390056,0
5390073,0
5390081,0
5390098,0
5390106,0
5390123,0
5390131,0
5390148,0
5390156,0
5390173,0
5390181,0
5390198,0
5390206,0
5390223,0
5390231,0
5390248,0
5390256,0
5390273,0
5390281,0
5390298,0
5390306,0
5390323,0
5390331,0
5390348,0
5390356,4
5390373,0
5390381,0
5390398,0
5390406,0
5390423,0
5390432,0
5390448,0
5390456,0
5390473,0
5390481,0
5390498,0
5390506,0
5390523,0
5390531,0
5390548,0
5390556,5
5390573,5
5390581,0
5390598,0
5390606,0
5390623,0
5390631,0
5390648,0
5390656,0
5390673,0
5390681,0
5390698,0
5390706,0
5390723,0
5390732,0
5390748,0
5390756,0
5390773,0
5390798,0
5390806,0
5390831,0
5390848,0
5390856,0
5390873,0
5390881,0
5390898,0
5390906,0
5390923,5
5390931,5
5390948,0
5390956,0
5390973,0
5390981,0
5390998,0
5391006,0
5391023,0
5391031,0
5391048,0
5391056,0
5391073,0
5391181,5
5391198,5
5391206,5
5391223,0
5391231,0
5391248,0
5391256,0
5391273,0
5391281,0
5391298,0
5391306,0
5391323,5
5391331,5
5391348,0
5391356,0
5391373,0
5391398,0
5391407,0
5391423,0
5391431,0
5391448,0
5391456,0
5391473,0
5391481,0
5391498,0
5391506,0
5391523,0
5391531,0
5391548,0
5391556,0
5391573,0
5391581,0
5391598,0
5391606,0
5391623,5
5391631,0
5391648,0
5391656,0
5391673,0
5391681,0
5391698,5
5391706,5
5391723,5
5391748,5
5391756,4
5391773,5
5391781,5
5391798,5
5391806,5
5391831,5
5391848,5
5391856,4
5391873,5
5391881,5
5391898,5
5391923,5
5391948,5
5391956,5
5391973,5
5391981,5
5391998,5
5392006,5
5392023,5
5392048,5
5392056,5
5392073,5
5392081,5
5392098,5
5392106,5
5392131,5
5392148,5
5392156,4
5392181,5
5392198,5
5392206,5
5392231,5
5392248,5
5392256,5
5392265,5
5392273,5
5392281,5
5392298,5
5392306,5
5392331,5
5392348,5
5392356,5
5392373,5
5392381,5
5392389,5
5392406,5
5392431,4
5392448,5
5392456,5
5392473,5
5392481,5
5392498,5
5392506,5
5392523,5
5392531,5
5392548,5
5392556,5
5392573,5
5392581,5
5392598,5
5392606,5
5392623,5
5392631,5
5392648,5
5392656,5
5392673,5
5392681,5
5392698,5
5392706,5
5392723,5
5392731,5
5392748,5
5392756,1
5392773,5
5392781,5
5392798,5
5392806,5
5392831,5
5392848,5
5392856,5
5392873,5
5392881,5
5392898,5
5392906,5
5392923,5
5392931,5
5393081,2
5393106,1
5393123,0
5393131,0
5393156,0
5393181,0
5393231,0
5393323,5
5393356,5
5393523,5
5393556,5
5393623,5
5393656,5
5393823,5
5393923,5
5394023,5
5394081,0
5394123,0
5394156,5
5394286,5
5394294,5
5394319,5
5394344,5
5394361,5
5394561,5
5394586,5
5394594,5
5394619,5
5394661,5
5394686,5
5394719,5
5395044,2
5395069,5
5395094,0
5395119,0
5395144,0
5395152,0
5395161,5
5395169,0
5395194,4
5395219,0
5395244,0
5395260,5
5395269,0
5395286,0
5395294,5
5395319,5
5395344,0
5395360,0
5395369,0
5395394,0
5395419,0
5395444,0
5395460,0
5395469,0
5395494,5
5395544,0
5395561,0
5395569,0
5395669,5
5395694,5
5395719,5
5395819,5
5395844,5
5395869,5
5395894,5
5395919,5
5395927,0
5395944,0
5395952,0
5395960,5
5395969,5
5395994,4
5396019,5
5396044,5
5396069,5
5396094,5
5396119,5
5396144,5
5396160,5
5396169,5
5396194,5
5396219,5
5396244,5
5396269,5
5396294,5
5396344,5
5396360,5
5396369,5
5396394,5
5396494,5
5396607,0
5396624,0
5396632,0
5396657,5
5396724,5
5396757,5
5396773,0
5396782,0
5396799,0
5396807,0
5396832,5
5396848,0
5396857,0
5396873,0
5396898,5
5396924,5
5396932,5
5396948,0
5396957,0
5396999,5
5397023,5
5397032,5
5397057,5
5397099,5
5397123,5
5397132,5
5397157,5
5397198,5
5397224,5
5397232,5
5397298,5
5397307,0
5397323,0
5397332,5
5397357,5
5397399,5
5397423,5
5397432,5
5397482,0
5397532,5
5397557,5
5397623,5
5397632,5
5397657,5
5397795,5
5397820,5
5397920,5
5397961,5
5397995,5
5398020,5
5398095,5
5398120,5
5398195,5
5398220,5
5398295,5
5398320,5
5398361,5
5398595,5
5399332,5
5399366,5
5399432,5
5399457,5
5399532,5
5399657,5
5399666,5
5399691,5
5399732,5
5399757,5
5399766,5
5399791,5
5400099,5
5400108,0
5400424,5
5400458,5
5400499,5
5400533,0
5400658,5
5400674,5
5400733,5
5400758,5
5400808,5
5400858,5
5400874,5
5400883,5
5400899,5
5400908,5
5400924,5
5400933,5
5400949,5
5400958,5
5400983,5
5401071,5
5401079,5
5401104,5
5401120,5
5401129,5
5401145,5
5401154,5
5401170,5
5401179,5
5401195,5
5401204,5
5401220,5
5401229,5
5401245,5
5401270,5
5401279,5
5401304,5
5401320,5
5401329,5
5401345,5
5401354,5
5401370,5
5401379,5
5401396,5
5401404,5
5401420,5
5401429,5
5401445,5
5401454,5
5401470,5
5401479,5
5401504,5
5401520,5
5401529,5
5401545,5
5401554,5
5401570,0
5401579,0
5401587,0
5401595,0
5401604,0
5401620,0
5401629,2
5401645,0
5401654,0
5401662,0
5401670,0
5401679,0
5401695,0
5401704,0
5401720,0
5401729,0
5401745,0
5401754,0
5401770,0
5401779,0
5401795,0
5401804,0
5401820,0
5401829,0
5401845,0
5401854,0
5401870,0
5401879,0
5401895,0
5401904,0
5401920,0
5401929,0
5401945,0
5401954,0
5401970,0
5401979,0
5401995,0
5402004,0
5402020,0
5402029,0
5402045,0
5402054,0
5402070,0
5402079,0
5402087,0
5402095,0
5402104,0
5402120,0
5402129,0
5402145,0
5402154,0
5402170,5
5402295,1
5402320,0
5402329,5
5402345,0
5402354,0
5402370,0
5402395,5
5402420,0
5402454,0
5402470,0
5402479,0
5402487,0
5402495,5
5402504,0
5402520,0
5402529,0
5402545,0
5402554,0
5402570,0
5402579,0
5402595,5
5402604,0
5402620,0
5402629,0
5402645,0
5402654,0
5402670,0
5402679,0
5402695,0
5402704,0
5402720,0
5402729,0
5402745,0
5402754,0
5402770,0
5402795,5
5402804,0
5402820,0
5402829,5
5402845,0
5402854,0
5402862,0
5402870,0
5402879,0
5402895,5
5402904,0
5402920,0
5402929,0
5402945,0
5402954,0
5402962,0
5402970,0
5402979,0
5402995,5
5403004,0
5403029,5
5403045,0
5403053,0
5403070,0
5403079,0
5403095,0
5403104,5
5403279,5
5403295,5
5403304,5
5403328,0
5403345,0
5403353,0
5403378,0
5403404,0
5403428,0
5403453,0
5403478,0
5403495,5
5403504,0
5403528,0
5403545,0
5403553,0
5403578,0
5403595,5
5403603,0
5403628,0
5403645,0
5403654,0
5403678,0
5403695,5
5403728,0
5403745,0
5403753,0
5403778,0
5403795,5
5403804,0
5403828,0
5403845,0
5403853,0
5403878,0
5403895,5
5403904,0
5403928,5
5403945,0
5403953,0
5403978,0
5403995,5
5404003,0
5404028,0
5404045,0
5404053,0
5404078,0
5404095,5
5404103,0
5404128,0
5404153,0
5404178,0
5404195,5
5404204,0
5404228,5
5404245,0
5404253,0
5404378,0
5404395,0
5404403,0
5404428,0
5404445,0
5404478,0
5404495,5
5404503,0
5404528,5
5404545,0
5404553,0
5404595,5
5404628,5
5404645,0
5404653,0
5404678,0
5404695,5
5404703,0
5404728,5
5404745,0
5404753,0
5404778,0
5404795,5
5404803,0
5404828,5
5404845,0
5404853,0
5404878,0
5404895,5
5404903,0
5404928,5
5404945,0
5404953,0
5404978,0
5404995,5
5405003,0
5405029,5
5405045,0
5405053,0
5405079,0
5405095,5
5405103,0
5405128,5
5405153,0
5405178,0
5405203,0
5405253,0
5405278,0
5405303,0
5405328,0
5405353,0
5405378,0
5405395,0
5405403,0
5405453,5
5405545,5
5405570,0
5405578,0
5405595,0
5405628,5
5405670,5
5405720,1
5405745,1
5405753,1
5405770,1
5405778,1
5405820,1
5405845,1
5405853,1
5405870,1
5405878,1
5405920,1
5405945,1
5405953,2
5405970,2
5405978,2
5406003,2
5406020,2
5406053,2
5406070,2
5406078,2
5406103,2
5406200,2
5406208,2
5406224,5
5406233,1
5406249,1
5406258,1
5406274,5
5406283,1
5406299,5
5406308,5
5406324,5
5406333,2
5406358,5
5406499,5
5406524,3
5406533,3
5406549,1
5406574,5
5406583,5
5406599,5
5406624,5
5406633,5
5406649,5
5406674,5
5406699,5
5406749,5
5406774,5
5406783,5
5406807,0
5406824,0
5406832,0
5406849,0
5406874,5
5406907,5
5406924,5
5406932,5
5406949,5
5406974,5
5406999,5
5407024,5
5407049,5
5407074,5
5407107,5
5407124,5
5407149,5
5407174,1
5407182,1
5407207,1
5407249,2
5407274,2
5407299,5
5407307,4
5407349,2
5407374,5
5407399,5
5407432,3
5407482,2
5407499,5
5407507,5
5407524,5
5407582,3
5407599,3
5407607,4
5407624,4
5407682,3
5407707,3
5407782,3
5407799,5
5407807,5
5407824,5
5407882,4
5407907,4
5407924,5
5407982,3
5407999,5
5408007,4
5408024,4
5408032,5
5408057,5
5408082,3
5408099,5
5408107,5
5408132,5
5408157,3
5408182,4
5408207,4
5408224,4
5408282,3
5408307,4
5408332,3
5408357,4
5408374,4
5408382,4
5408399,4
5408407,4
5408424,4
5408537,4
5408546,4
5408562,4
5408570,3
5408587,3
5408612,3
5408620,3
5408637,3
5408645,3
5408662,3
5408670,3
5408687,3
5408695,3
5408712,2
5408720,2
5408737,2
5408745,2
5408762,2
5408770,2
5408787,2
5408812,2
5408820,1
5408837,1
5408845,2
5408862,2
5408870,2
5408887,2
5408895,2
5408912,2
5408920,2
5408937,2
5408945,2
5408962,2
5408970,2
5408987,2
5408996,2
5409012,2
5409020,2
5409037,2
5409045,2
5409062,2
5409070,2
5409087,2
5409095,2
5409112,2
5409120,2
5409137,2
5409145,2
5409162,3
5409170,3
5409187,3
5409196,3
5409212,3
5409220,3
5409237,3
5409245,3
5409262,3
5409270,3
5409287,3
5409295,3
5409312,3
5409320,3
5409337,3
5409345,3
5409362,3
5409370,3
5409387,3
5409395,3
5409412,3
5409420,3
5409437,3
5409445,3
5409462,3
5409470,3
5409487,2
5409495,2
5409512,2
5409520,2
5409537,2
5409545,2
5409562,2
5409570,2
5409587,2
5409595,2
5409612,2
5409620,2
5409637,2
5409645,2
5409662,2
5409670,2
5409687,2
5409695,2
5409712,3
5409720,3
5409737,2
5409746,2
5409762,2
5409770,2
5409787,3
5409795,2
5409812,3
5409820,2
5409837,2
5409845,2
5409862,3
5409870,2
5409887,2
5409895,2
5409912,2
5409920,2
5409937,2
5409945,2
5409962,2
5409970,2
5409987,2
5409995,2
5410012,2
5410020,2
5410037,2
5410045,2
5410062,2
5410070,2
5410087,2
5410095,3
5410112,3
5410120,3
5410137,3
5410146,2
5410162,2
5410170,3
5410187,3
5410195,2
5410212,3
5410220,3
5410237,3
5410245,3
5410262,3
5410270,2
5410287,2
5410295,2
5410312,3
5410320,3
5410337,3
5410345,3
5410362,3
5410370,3
5410387,3
5410395,3
5410412,3
5410420,3
5410437,3
5410445,2
5410462,2
5410470,2
5410487,2
5410495,2
5410512,2
5410520,2
5410537,2
5410545,2
5410562,2
5410570,2
5410587,2
5410595,2
5410612,2
5410620,2
5410637,2
5410645,2
5410662,2
5410670,2
5410687,2
5410695,2
5410704,2
5410712,2
5410720,2
5410737,2
5410745,2
5410762,2
5410770,2
5410787,2
5410795,2
5410812,2
5410820,2
5410837,2
5410845,2
5410862,2
5410870,2
5410887,2
5410895,5
5410904,1
5410912,5
5410920,2
5410937,1
5410946,1
5410962,2
5410970,2
5410987,2
5410995,2
5411004,2
5411012,2
5411020,2
5411029,2
5411037,5
5411045,5
5411062,2
5411070,2
5411087,2
5411095,2
5411112,2
5411120,2
5411137,2
5411145,2
5411162,2
5411170,5
5411187,5
5411195,2
5411212,5
5411220,3
5411237,3
5411245,3
5411262,3
5411270,3
5411287,3
5411295,3
5411312,3
5411320,3
5411337,3
5411345,3
5411362,3
5411370,3
5411387,3
5411395,3
5411412,3
5411420,3
5411437,3
5411445,3
5411462,3
5411470,3
5411487,3
5411495,2
5411512,2
5411520,2
5411537,3
5411545,3
5411562,3
5411570,3
5411587,3
5411595,3
5411612,3
5411620,3
5411637,3
5411645,3
5411662,3
5411670,3
5411687,3
5411695,3
5411712,3
5411720,3
5411737,3
5411745,3
5411762,3
5411770,3
5411787,3
5411795,3
5411812,3
5411820,3
5411837,3
5411845,3
5411862,3
5411870,3
5411887,3
5411895,3
5411912,3
5411920,3
5411937,3
5411945,3
5411962,3
5411970,3
5411987,3
5411995,2
5412012,3
5412020,2
5412037,2
5412045,3
5412062,3
5412070,3
5412087,3
5412095,3
5412112,3
5412120,3
5412128,3
5412137,3
5412145,2
5412162,2
5412170,2
5412187,2
5412195,2
5412212,3
5412220,3
5412237,3
5412245,3
5412262,2
5412270,2
5412287,2
5412295,2
5412312,2
5412320,2
5412337,2
5412345,2
5412362,2
5412370,2
5412387,3
5412395,3
5412420,3
5412437,2
5412445,3
5412462,3
5412470,3
5412487,2
5412495,2
5412512,2
5412520,2
5412537,2
5412545,2
5412562,3
5412570,3
5412587,2
5412595,2
5412612,2
5412620,2
5412637,5
5412645,5
5412662,5
5412670,5
5412687,2
5412695,2
5412712,2
5412720,2
5412745,2
5412762,2
5412770,2
5412787,2
5412795,2
5412812,2
5412820,2
5412837,2
5412845,2
5412862,2
5412870,2
5412887,2
5412895,2
5412912,2
5412920,2
5412937,2
5412945,2
5412962,2
5412970,2
5412987,2
5412995,2
5413012,2
5413100,2
5413108,2
5413125,2
5413133,2
5413150,2
5413158,2
5413175,3
5413183,3
5413200,3
5413208,3
5413225,3
5413233,2
5413250,2
5413258,2
5413283,2
5413300,3
5413308,3
5413325,3
5413333,2
5413350,2
5413358,2
5413375,2
5413383,2
5413400,2
5413408,2
5413425,2
5413433,2
5413450,2
5413458,2
5413475,3
5413483,3
5413500,3
5413508,2
5413525,3
5413550,3
5413558,3
5413583,3
5413600,5
5413608,5
5413625,3
5413650,3
5413658,3
5413675,3
5413683,3
5413700,5
5413708,5
5413725,3
5413733,3
5413750,3
5413758,3
5413775,3
5413783,3
5413800,5
5413808,5
5413825,3
5413833,3
5413850,3
5413858,2
5413875,2
5413883,2
5413900,5
5413908,5
5413933,2
5413950,2
5413958,2
5413975,2
5413983,2
5414000,3
5414008,2
5414025,2
5414033,2
5414050,2
5414058,2
5414075,2
5414083,2
5414100,2
5414108,2
5414125,3
5414133,3
5414150,2
5414158,2
5414175,3
5414183,2
5414200,3
5414208,3
5414225,3
5414233,3
5414250,3
5414258,3
5414275,3
5414283,3
5414300,3
5414308,3
5414325,4
5414333,3
5414350,3
5414358,3
5414375,3
5414383,3
5414400,4
5414408,3
5414608,1
5414625,1
5414650,5
5414658,5
5414675,5
5414683,5
5414700,5
5414708,5
5414725,5
5414733,5
5414750,5
5414758,5
5414775,5
5414783,5
5414800,5
5414808,5
5414825,5
5414833,5
5414850,5
5414858,5
5414875,5
5414883,5
5414900,5
5414908,5
5414925,5
5414933,5
5414950,5
5414958,5
5414975,5
5414983,5
5415000,5
5415008,5
5415025,5
5415033,5
5415050,5
5415058,5
5415075,5
5415083,5
5415100,5
5415108,5
5415125,5
5415133,5
5415150,5
5415158,5
5415175,5
5415183,5
5415200,5
5415208,5
5415225,5
5415233,5
5415250,5
5415258,5
5415267,5
5415275,5
5415283,5
5415300,5
5415308,5
5415325,5
5415333,5
5415350,5
5415358,5
5415375,5
5415383,5
5415400,5
5415408,5
5415425,5
5415433,5
5415450,5
5415458,5
5415466,5
5415475,5
5415483,5
5415500,5
5415508,5
5415525,5
5415533,5
5415550,5
5415558,5
5415566,5
5415575,5
5415583,5
5415600,5
5415608,5
5415625,5
5415633,5
5415650,5
5415658,5
5415666,5
5415675,5
5415683,5
5415700,5
5415708,5
5415725,5
5415733,5
5415750,5
5415758,5
5415775,5
5415783,5
5415800,5
5415808,5
5415825,5
5415833,5
5415850,5
5416125,1
5416133,5
5416150,5
5416158,0
5416166,0
5416175,0
5416183,0
5416200,0
5416250,0
5416258,0
5416275,0
5416300,0
5416308,0
5416325,0
5416333,0
5416350,5
5416358,5
5416375,5
5416400,5
5416408,5
5416425,5
5416433,5
5416450,5
5416458,5
5416475,5
5416483,5
5416500,5
5416508,5
5416525,5
5416533,5
5416550,5
5416558,5
5416566,5
5416575,5
5416583,5
5416600,0
5416608,0
5416625,5
5416633,5
5416650,5
5416658,5
5416675,5
5416683,5
5416700,5
5416708,5
5416725,5
5416733,5
5416750,5
5416758,5
5416783,5
5416800,5
5416808,5
5416825,5
5416833,5
5416850,5
5416858,5
5416875,5
5416883,5
5416900,5
5416908,5
5416925,5
5416933,5
5416950,5
5416958,5
5416983,5
5417000,5
5417008,5
5417033,5
5417254,5
5417279,0
5417304,0
5417337,5
5417354,0
5417362,0
5417379,0
5417404,5
5417429,5
5417454,0
5417462,0
5417479,0
5417495,0
5417504,5
5417529,5
5417537,5
5417554,5
5417579,5
