4880884,5
4880892,5
4880901,5
4880909,5
4880918,5
4880926,5
4880934,5
4880942,5
4880951,5
4880959,5
4880967,5
4880976,5
4880984,5
4880992,5
4881001,5
4881009,5
4881018,5
4881026,5
4881034,0
4881042,0
4881051,0
4881059,0
4881067,0
4881076,0
4881084,0
4881092,0
4881101,5
4881109,5
4881117,5
4881126,5
4881134,0
4881142,0
4881151,0
4881159,0
4881167,0
4881176,0
4881184,0
4881192,0
4881201,0
4881209,0
4881218,0
4881226,0
4881234,0
4881242,0
4881251,0
4881268,4
4881284,0
4881292,0
4881301,0
4881317,0
4881326,0
4881334,5
4881342,5
4881351,5
4881367,4
4881384,5
4881392,5
4881401,5
4881417,5
4881426,5
4881434,5
4881442,5
4881451,5
4881459,5
4881467,5
4881484,5
4881492,5
4881501,5
4881509,5
4881518,5
4881526,5
4881534,5
4881542,5
4881551,5
4881559,5
4881567,5
4881584,5
4881592,5
4881601,5
4881609,5
4881617,5
4881626,5
4881634,5
4881642,5
4881651,5
4881659,5
4881668,5
4881684,5
4881692,5
4881701,5
4881709,5
4881717,5
4881726,5
4881734,5
4881742,5
4881751,5
4881759,5
4881767,5
4881784,5
4881792,5
4881801,5
4881809,5
4881817,5
4881826,5
4881834,5
4881842,5
4881851,0
4881859,0
4881867,4
4881884,0
4881892,0
4881901,0
4881909,0
4881917,0
4881926,0
4881934,0
4881942,0
4881951,0
4881959,0
4881967,4
4881984,0
4881992,0
4882001,0
4882009,0
4882018,0
4882026,0
4882034,0
4882042,0
4882051,0
4882059,0
4882068,4
4882084,0
4882092,0
4882101,5
4882109,5
4882117,5
4882126,5
4882134,5
4882142,5
4882151,5
4882159,5
4882167,5
4882176,5
4882184,5
4882192,5
4882201,5
4882209,5
4882217,5
4882226,5
4882234,5
4882242,5
4882251,5
4882259,5
4882267,5
4882276,5
4882284,5
4882292,5
4882301,5
4882309,5
4882317,5
4882326,5
4882334,5
4882342,5
4882351,5
4882359,5
4882367,5
4882376,5
4882384,5
4882542,5
4882551,5
4882567,5
4882576,5
4882584,5
4882592,5
4882601,5
4882609,5
4882618,5
4882626,5
4882634,5
4882642,5
4882651,5
4882659,5
4882667,5
4882676,5
4882684,5
4882692,5
4882701,5
4882709,5
4882717,5
4882726,5
4882734,5
4882742,5
4882751,5
4882759,5
4882767,5
4882776,5
4882784,5
4882792,5
4882801,0
4882817,0
4882826,0
4882834,0
4882842,0
4882851,0
4882859,0
4882867,4
4882884,0
4882892,0
4882901,0
4882909,0
4882918,0
4882926,0
4882934,0
4882942,0
4882951,0
4882959,0
4882967,4
4882984,0
4882992,0
4883001,0
4883009,0
4883017,0
4883026,0
4883034,0
4883042,0
4883051,0
4883059,0
4883067,2
4883076,0
4883084,0
4883092,0
4883101,0
4883109,0
4883117,0
4883126,0
4883134,0
4883142,0
4883151,0
4883159,0
4883167,1
4883176,0
4883184,0
4883192,0
4883201,0
4883209,0
4883217,0
4883226,0
4883234,0
4883242,0
4883251,0
4883259,0
4883267,0
4883276,0
4883284,0
4883292,0
4883301,0
4883309,0
4883317,0
4883326,0
4883334,0
4883342,5
4883351,5
4883359,5
4883367,5
4883384,5
4883392,5
4883400,5
4883409,5
4883417,5
4883426,5
4883434,5
4883442,5
4883451,5
4883459,5
4883467,5
4883484,5
4883492,5
4883501,5
4883509,5
4883517,5
4883526,5
4883534,5
4883542,5
4883551,5
4883559,5
4883567,5
4883576,5
4883584,5
4883592,5
4883601,5
4883609,5
4883617,5
4883626,5
4883634,5
4883642,5
4883651,5
4883659,5
4883667,5
4883675,5
4883684,5
4883692,5
4883701,5
4883709,5
4883717,5
4883725,5
4883734,5
4883742,5
4883751,5
4883759,5
4883767,5
4883776,5
4883784,5
4883792,5
4883800,5
4883809,5
4883817,5
4883826,5
4883834,5
4883842,5
4883851,5
4883859,5
4883867,5
4883875,5
4883884,5
4883892,5
4883901,5
4883909,5
4883917,5
4883925,5
4883934,5
4883942,5
4883951,5
4883959,5
4883967,5
4883976,5
4883984,5
4883992,5
4884000,5
4884009,5
4884017,5
4884026,5
4884034,5
4884042,5
4884051,5
4884059,5
4884067,5
4884075,5
4884084,5
4884092,5
4884100,5
4884109,5
4884117,5
4884125,5
4884134,5
4884142,5
4884150,5
4884159,5
4884167,5
4884175,5
4884184,5
4884192,5
4884200,5
4884209,5
4884217,5
4884226,5
4884367,0
4884505,0
4884513,0
4884521,0
4884530,0
4884538,0
4884546,0
4884555,0
4884563,0
4884571,0
4884580,0
4884588,0
4884596,0
4884605,0
4884613,0
4884621,0
4884630,0
4884638,0
4884646,0
4884655,0
4884663,0
4884671,0
4884680,0
4884688,0
4884696,0
4884705,0
4884713,0
4884721,0
4884730,0
4884738,0
4884746,0
4884755,0
4884763,0
4884771,0
4884780,0
4884788,0
4884796,0
4884805,0
4884813,0
4884821,0
4884830,0
4884838,0
4884846,0
4884855,0
4884863,0
4884871,0
4884880,0
4884888,0
4884896,0
4884905,0
4884913,0
4884921,0
4884930,0
4884938,0
4884946,0
4884955,0
4884963,0
4884971,0
4884980,0
4884988,0
4884996,0
4885005,0
4885013,0
4885021,0
4885030,0
4885038,0
4885046,0
4885055,0
4885063,0
4885071,0
4885080,0
4885088,0
4885096,0
4885105,0
4885113,0
4885121,0
4885130,5
4885138,5
4885146,5
4885155,5
4885163,5
4885171,5
4885180,0
4885188,0
4885196,0
4885205,0
4885213,0
4885221,0
4885230,5
4885238,5
4885246,5
4885255,5
4885263,5
4885271,5
4885280,5
4885288,5
4885296,5
4885305,5
4885313,5
4885321,5
4885330,5
4885338,5
4885346,5
4885355,5
4885363,5
4885371,5
4885380,5
4885388,5
4885396,5
4885405,5
4885413,5
4885421,5
4885430,5
4885438,5
4885447,5
4885455,5
4885463,5
4885471,5
4885480,5
4885488,5
4885496,5
4885505,5
4885513,5
4885521,5
4885530,5
4885538,5
4885546,5
4885555,5
4885563,5
4885571,5
4885580,5
4885588,5
4885596,5
4885605,5
4885613,5
4885621,5
4885630,5
4885638,5
4885646,5
4885655,5
4885663,0
4885671,0
4885680,0
4885688,0
4885696,0
4885705,0
4885713,0
4885721,0
4885730,0
4885738,0
4885746,0
4885755,0
4885763,0
4885771,0
4885780,0
4885788,0
4885796,0
4885805,0
4885813,0
4885821,0
4885830,0
4885838,0
4885846,0
4885855,0
4885863,0
4885871,0
4885880,0
4885888,0
4885896,0
4885905,0
4885913,5
4885921,5
4885930,5
4885938,5
4885946,5
4885955,5
4885963,5
4885971,5
4885980,5
4885988,5
4885996,5
4886005,5
4886013,5
4886021,5
4886030,5
4886038,5
4886046,5
4886055,5
4886063,5
4886071,5
4886080,5
4886088,5
4886096,5
4886105,5
4886113,5
4886121,5
4886130,5
4886138,5
4886146,5
4886154,5
4886163,5
4886171,5
4886180,5
4886188,5
4886196,5
4886205,5
4886213,5
4886221,5
4886230,5
4886238,5
4886246,5
4886255,5
4886263,5
4886271,5
4886280,5
4886288,5
4886296,5
4886305,5
4886313,5
4886321,5
4886329,5
4886338,0
4886346,0
4886355,0
4886363,0
4886371,0
4886380,0
4886388,0
4886396,0
4886404,0
4886413,0
4886421,0
4886430,0
4886438,0
4886446,0
4886455,0
4886463,0
4886479,0
4886488,0
4886496,0
4886504,0
4886513,0
4886521,0
4886530,0
4886538,0
4886555,0
4886563,0
4886579,0
4886588,0
4886605,0
4886613,0
4886622,0
4886629,0
4886638,0
4886655,0
4886663,0
4886680,0
4886688,0
4886704,0
4886713,0
4886721,0
4886729,0
4886738,0
4886746,0
4886755,0
4886763,0
4886780,0
4886788,0
4886804,0
4886813,0
4886821,0
4886829,0
4886838,0
4886846,0
4886855,0
4886863,0
4886879,0
4886888,0
4886904,0
4886913,0
4886921,0
4886929,0
4886938,0
4886946,0
4886955,0
4886963,0
4886980,0
4886988,0
4886996,0
4887005,0
4887013,0
4887021,0
4887029,0
4887038,0
4887046,0
4887055,0
4887063,0
4887071,0
4887079,0
4887088,0
4887096,0
4887104,0
4887113,0
4887121,0
4887129,0
4887138,0
4887146,0
4887155,0
4887163,0
4887171,0
4887179,0
4887188,0
4887196,0
4887204,0
4887213,0
4887221,0
4887229,0
4887238,0
4887379,1
4887404,5
4887413,5
4887429,5
4887438,0
4887454,5
4887463,0
4887480,0
4887488,0
4887504,0
4887513,0
4887521,0
4887529,0
4887538,0
4887546,0
4887554,5
4887563,5
4887571,5
4887580,5
4887588,5
4887604,5
4887613,5
4887621,5
4887629,5
4887638,5
4887646,5
4887654,5
4887663,5
4887679,5
4887688,5
4887696,5
4887704,5
4887713,5
4887721,5
4887729,5
4887738,5
4887746,5
4887754,5
4887763,5
4887771,5
4887779,5
4887788,5
4887796,5
4887804,5
4887813,5
4887821,5
4887829,5
4887838,5
4887846,5
4887854,5
4887863,5
4887871,5
4887879,5
4887888,5
4887896,5
4887904,5
4887913,5
4887921,5
4887929,5
4887938,0
4887954,0
4887963,0
4887979,0
4887988,0
4888029,0
4888038,0
4888054,0
4888063,0
4888079,0
4888088,0
4888104,0
4888113,0
4888129,0
4888138,0
4888154,0
4888163,0
4888179,0
4888188,0
4888229,0
4888238,0
4888246,0
4888254,0
4888263,0
4888271,0
4888279,0
4888288,0
4888296,0
4888304,0
4888313,0
4888321,0
4888329,0
4888338,0
4888346,0
4888354,0
4888363,0
4888371,0
4888379,0
4888388,0
4888396,0
4888404,5
4888413,5
4888421,5
4888429,5
4888438,5
4888454,5
4888463,5
4888479,5
4888488,5
4888504,5
4888521,5
4888529,5
4888538,5
4888546,5
4888554,5
4888563,5
4888571,5
4888579,5
4888588,5
4888596,5
4888604,5
4888613,5
4888621,5
4888629,5
4888646,5
4888654,5
4888663,5
4888671,5
4888679,5
4888688,5
4888696,5
4888704,5
4888713,5
4888721,5
4888729,5
4888738,5
4888746,5
4888754,5
4888763,5
4888771,5
4888779,5
4888788,5
4888796,5
4888804,5
4888813,5
4888821,5
4888829,5
4888838,5
4888846,5
4888854,5
4888863,5
4888871,5
4888879,5
4888888,5
4888896,5
4888904,5
4888913,5
4888921,5
4888930,5
4888938,5
4888946,5
4888955,5
4888963,0
4888971,0
4888979,0
4888988,0
4888996,0
4889004,0
4889013,0
4889021,0
4889029,0
4889038,0
4889046,0
4889054,0
4889063,0
4889071,0
4889079,0
4889088,0
4889096,0
4889104,0
4889113,0
4889121,0
4889129,0
4889138,0
4889154,0
4889163,0
4889171,0
4889179,0
4889188,0
4889204,0
4889213,0
4889229,0
4889238,0
4889254,0
4889263,0
4889279,0
4889288,0
4889304,0
4889313,0
4889330,0
4889338,0
4889354,0
4889363,0
4889379,0
4889388,0
4889404,0
4889413,0
4889421,0
4889429,0
4889438,0
4889446,0
4889454,0
4889463,0
4889471,0
4889613,5
4889629,5
4889654,5
4889663,5
4889679,5
4889687,5
4889696,5
4889704,5
4889713,0
4889721,0
4889729,0
4889738,0
4889754,0
4889763,0
4889771,0
4889779,0
4889788,0
4889796,0
4889804,0
4889813,0
4889821,0
4889829,0
4889838,0
4889846,0
4889854,0
4889863,0
4889871,0
4889879,0
4889888,0
4889896,0
4889904,0
4889913,0
4889921,0
4889929,0
4889938,0
4889946,0
4889954,0
4889962,0
4889971,0
4889979,0
4889988,0
4889996,0
4890004,0
4890013,0
4890021,0
4890029,0
4890038,0
4890046,0
4890054,0
4890063,0
4890071,0
4890079,0
4890087,0
4890096,0
4890104,0
4890113,0
4890121,0
4890129,0
4890137,0
4890146,0
4890154,0
4890163,0
4890171,0
4890179,0
4890188,0
4890196,0
4890204,0
4890212,0
4890221,0
4890229,0
4890237,0
4890246,0
4890255,0
4890263,0
4890271,0
4890279,0
4890288,0
4890296,0
4890304,0
4890312,0
4890321,0
4890329,0
4890337,0
4890346,0
4890354,0
4890362,0
4890371,0
4890379,0
4890388,0
4890396,0
4890404,0
4890413,5
4890421,5
4890429,5
4890438,5
4890454,5
4890462,5
4890479,5
4890487,5
4890496,5
4890504,5
4890512,5
4890521,5
4890529,5
4890537,5
4890546,5
4890554,5
4890563,5
4890579,5
4890588,5
4890604,5
4890612,5
4890629,5
4890637,5
4890646,5
4890654,5
4890662,5
4890671,5
4890679,5
4890687,5
4890696,5
4890704,5
4890712,5
4890721,5
4890729,5
4890737,5
4890746,5
4890754,5
4890762,5
4890771,5
4890779,5
4890787,5
4890796,5
4890804,5
4890813,5
4890821,5
4890829,5
4890846,5
4890854,5
4890862,5
4890871,5
4890879,5
4890888,5
4890896,5
4890904,5
4890912,0
4890921,0
4890929,0
4890937,0
4890946,0
4890954,0
4890963,0
4890971,0
4890979,0
4890988,0
4890996,0
4891004,0
4891012,0
4891021,0
4891029,0
4891037,0
4891054,0
4891062,0
4891071,0
4891079,0
4891087,0
4891096,0
4891104,0
4891112,0
4891121,0
4891129,0
4891137,0
4891146,0
4891154,0
4891162,0
4891171,0
4891179,0
4891187,0
4891196,0
4891204,0
4891212,0
4891221,0
4891229,0
4891237,0
4891246,0
4891254,0
4891262,5
4891379,1
4891404,5
4891412,5
4891421,5
4891429,5
4891437,0
4891446,0
4891454,0
4891462,5
4891471,5
4891479,0
4891487,0
4891496,5
4891504,5
4891512,5
4891521,5
4891529,5
4891537,5
4891546,5
4891554,5
4891562,5
4891571,5
4891579,5
4891587,5
4891596,5
4891604,5
4891612,5
4891621,5
4891629,5
4891637,5
4891646,5
4891654,5
4891662,5
4891671,5
4891679,5
4891687,5
4891696,5
4891704,5
4891712,5
4891721,5
4891729,5
4891737,5
4891746,5
4891754,5
4891762,5
4891771,5
4891779,5
4891787,5
4891796,5
4891804,5
4891812,5
4891821,5
4891829,5
4891837,5
4891846,5
4891854,5
4891862,5
4891871,5
4891879,5
4891887,5
4891896,5
4891904,5
4891912,5
4891921,5
4891929,5
4891937,4
4891946,5
4891954,5
4891962,5
4891971,5
4891979,5
4891987,5
4891996,5
4892004,5
4892012,5
4892021,5
4892029,5
4892037,5
4892046,5
4892054,5
4892062,5
4892071,5
4892079,5
4892087,5
4892096,5
4892104,5
4892112,5
4892121,5
4892129,5
4892137,5
4892146,5
4892154,5
4892162,5
4892171,5
4892179,5
4892187,5
4892196,5
4892204,5
4892212,5
4892221,5
4892229,5
4892237,5
4892246,5
4892254,5
4892262,5
4892271,5
4892279,5
4892287,5
4892296,0
4892304,0
4892312,0
4892321,0
4892329,0
4892337,0
4892346,0
4892354,0
4892362,0
4892379,0
4892387,0
4892396,0
4892404,0
4892412,0
4892421,0
4892429,0
4892437,0
4892446,0
4892454,0
4892462,0
4892471,0
4892479,0
4892487,0
4892496,0
4892504,0
4892512,0
4892521,0
4892529,0
4892537,0
4892546,0
4892554,0
4892562,0
4892571,0
4892579,0
4892587,0
4892596,0
4892604,0
4892612,0
4892621,0
4892629,0
4892637,0
4892646,0
4892654,0
4892662,0
4892671,0
4892679,0
4892687,0
4892696,0
4892704,0
4892712,5
4892721,5
4892729,5
4892737,5
4892746,5
4892754,5
4892762,5
4892771,5
4892779,5
4892787,5
4892796,5
4892804,5
4892812,5
4892821,5
4892829,5
4892837,5
4892846,5
4892854,5
4892862,5
4892871,5
4892879,5
4892887,5
4892896,5
4892904,5
4892912,5
4892921,0
4892929,0
4892937,5
4892946,5
4892954,5
4892962,5
4892971,5
4892979,5
4892987,5
4892996,5
4893004,5
4893012,5
4893021,5
4893029,5
4893037,5
4893046,5
4893054,5
4893062,5
4893071,5
4893079,5
4893087,5
4893096,5
4893104,5
4893112,5
4893121,5
4893129,5
4893137,5
4893146,5
4893154,5
4893162,5
4893171,5
4893179,5
4893187,5
4893196,5
4893204,5
4893212,5
4893221,5
4893229,5
4893237,5
4893246,5
4893254,5
4893262,5
4893271,5
4893279,5
4893287,5
4893296,5
4893304,5
4893312,5
4893321,5
4893329,5
4893337,5
4893346,5
4893354,5
4893362,5
4893371,5
4893379,5
4893387,5
4893396,5
4893404,5
4893412,5
4893421,5
4893429,5
4893437,5
4893446,5
4893454,5
4893462,5
4893471,5
4893479,5
4893487,5
4893496,5
4893504,5
4893512,5
4893521,5
4893529,5
4893537,5
4893546,5
4893554,5
4893562,5
4893571,5
4893579,5
4893587,5
4893596,5
4893604,5
4893612,5
4893621,5
4893629,5
4893637,5
4893645,5
4893654,5
4893662,5
4893671,5
4893679,5
4893687,5
4893696,5
4893704,5
4893712,5
4893721,5
4893729,5
4893737,5
4893746,5
4893754,5
4893762,5
4893770,5
4893779,5
4893787,5
4893795,5
4893804,5
4893812,5
4893821,5
4893829,5
4893837,5
4893846,5
4893854,5
4893862,5
4893871,5
4893879,5
4893887,5
4893895,5
4893904,5
4893912,5
4893921,5
4894079,1
4894087,1
4894104,1
4894112,5
4894120,5
4894129,5
4894137,5
4894145,0
4894154,0
4894162,0
4894170,0
4894179,0
4894187,0
4894195,0
4894204,0
4894212,0
4894220,0
4894229,0
4894237,0
4894245,0
4894254,0
4894262,0
4894270,0
4894279,0
4894287,0
4894295,0
4894304,0
4894312,0
4894320,0
4894329,0
4894337,0
4894345,0
4894354,0
4894362,0
4894370,0
4894379,0
4894387,0
4894395,0
4894404,0
4894412,0
4894420,0
4894429,0
4894437,0
4894446,0
4894454,0
4894462,0
4894470,0
4894479,0
4894487,0
4894495,0
4894504,0
4894512,0
4894520,0
4894529,0
4894537,0
4894545,0
4894554,5
4894562,5
4894570,5
4894579,5
4894587,5
4894595,5
4894604,5
4894612,5
4894620,5
4894629,5
4894637,5
4894645,5
4894654,5
4894662,5
4894670,5
4894679,5
4894687,5
4894695,5
4894704,5
4894712,0
4894720,0
4894729,0
4894737,0
4894746,0
4894754,0
4894762,0
4894770,0
4894779,0
4894787,0
4894795,0
4894804,0
4894812,0
4894820,0
4894829,0
4894837,0
4894845,0
4894854,0
4894862,0
4894871,0
4894879,0
4894887,0
4894895,0
4894904,0
4894912,0
4894920,0
4894929,0
4894937,0
4894945,0
4894954,0
4894962,0
4894970,0
4894979,0
4894987,0
4894995,0
4895004,5
4895012,5
4895021,5
4895029,5
4895037,5
4895045,5
4895054,5
4895062,5
4895070,5
4895079,5
4895087,5
4895095,5
4895104,5
4895112,5
4895120,5
4895129,5
4895137,5
4895145,5
4895154,5
4895162,5
4895170,5
4895179,5
4895187,5
4895195,5
4895204,5
4895212,5
4895221,5
4895229,5
4895237,5
4895245,5
4895254,5
4895262,5
4895270,5
4895279,5
4895287,5
4895295,5
4895304,5
4895312,5
4895320,5
4895329,5
4895337,5
4895345,5
4895354,5
4895362,5
4895370,5
4895379,5
4895387,5
4895395,5
4895404,5
4895412,5
4895420,5
4895429,5
4895437,5
4895445,5
4895454,5
4895462,5
4895470,5
4895479,5
4895487,5
4895495,5
4895504,5
4895512,5
4895520,5
4895529,5
4895537,5
4895545,5
4895554,5
4895562,5
4895570,5
4895579,5
4895587,5
4895595,5
4895604,5
4895612,5
4895620,5
4895629,5
4895637,5
4895645,5
4895654,5
4895662,5
4895670,5
4895679,5
4895687,5
4895695,5
4895704,5
4895712,5
4895720,5
4895729,5
4895737,5
4895745,5
4895754,5
4895887,1
4895912,1
4895920,5
4895929,5
4895937,5
4895945,5
4895954,5
4895962,0
4895970,0
4895979,0
4895987,0
4895995,0
4896004,0
4896012,0
4896020,0
4896029,0
4896037,0
4896045,0
4896054,0
4896062,0
4896070,0
4896079,0
4896087,0
4896095,0
4896104,0
4896112,0
4896120,0
4896129,0
4896137,0
4896145,0
4896154,0
4896162,0
4896170,0
4896179,0
4896187,0
4896195,0
4896204,0
4896212,0
4896220,0
4896229,0
4896237,0
4896246,0
4896254,0
4896262,0
4896270,0
4896279,0
4896287,5
4896295,5
4896304,5
4896312,5
4896320,5
4896329,5
4896337,5
4896345,5
4896354,5
4896362,5
4896370,5
4896379,5
4896387,5
4896395,5
4896404,5
4896412,5
4896420,5
4896429,5
4896437,5
4896445,5
4896454,5
4896462,5
4896470,5
4896479,5
4896487,5
4896495,5
4896504,5
4896512,5
4896520,5
4896529,5
4896537,5
4896545,5
4896554,5
4896562,5
4896570,5
4896579,5
4896587,5
4896595,5
4896604,5
4896612,5
4896620,5
4896629,5
4896637,5
4896645,5
4896654,5
4896662,5
4896670,5
4896679,5
4896687,5
4896695,5
4896704,5
4896712,5
4896720,5
4896729,5
4896737,5
4896745,5
4896754,5
4896762,5
4896770,5
4896779,5
4896787,5
4896795,5
4896804,5
4896812,5
4896820,5
4896828,5
4896837,5
4896845,5
4896854,5
4896862,5
4896870,5
4896879,5
4896887,5
4896895,5
4896904,5
4896912,5
4896920,5
4896929,5
4896937,5
4896945,5
4896954,5
4896962,5
4896970,5
4896979,5
4896987,5
4896995,5
4897004,5
4897012,5
4897020,5
4897029,5
4897037,5
4897045,5
4897054,5
4897062,5
4897070,5
4897079,5
4897087,5
4897095,5
4897104,5
4897112,5
4897120,5
4897129,5
4897137,5
4897145,5
4897154,5
4897162,5
4897170,5
4897178,5
4897187,5
4897195,5
4897204,5
4897212,5
4897220,5
4897229,5
4897237,5
4897245,5
4897254,5
4897262,5
4897279,0
4897287,0
4897295,0
4897304,0
4897312,0
4897321,0
4897329,0
4897337,0
4897345,0
4897354,0
4897362,0
4897370,0
4897379,0
4897387,0
4897395,0
4897404,0
4897412,0
4897420,0
4897428,0
4897437,0
4897445,0
4897454,0
4897462,0
4897470,0
4897479,0
4897487,0
4897495,0
4897503,0
4897512,0
4897520,0
4897529,0
4897537,0
4897545,0
4897554,0
4897562,0
4897570,0
4897579,0
4897587,0
4897595,0
4897603,0
4897612,0
4897620,0
4897628,0
4897637,0
4897645,0
4897653,0
4897662,0
4897670,0
4897679,0
4897687,0
4897695,0
4897704,0
4897712,0
4897720,0
4897728,5
4897737,5
4897745,5
4897753,5
4897762,5
4897770,5
4897779,0
4897787,0
4897795,0
4897804,0
4897812,0
4897820,0
4897828,0
4897837,0
4897845,5
4897853,5
4897870,5
4897878,5
4897895,5
4897903,5
4897920,5
4897928,5
4897937,5
4897945,5
4897953,5
4897962,5
4897970,5
4897978,5
4897987,5
4897995,5
4898003,5
4898092,5
4898100,5
4898108,5
4898116,5
4898125,5
4898133,5
4898141,5
4898150,5
4898158,5
4898166,5
4898175,5
4898183,5
4898191,5
4898200,5
4898208,0
4898216,0
4898225,0
4898233,0
4898241,0
4898250,0
4898258,0
4898266,0
4898275,0
4898283,0
4898291,0
4898300,5
4898425,5
4898441,5
4898450,1
4898458,1
4898466,1
4898474,1
4898483,5
4898491,5
4898500,5
4898508,5
4898516,0
4898525,0
4898533,0
4898541,0
4898550,0
4898558,0
4898566,0
4898575,0
4898583,0
4898591,0
4898600,0
4898608,0
4898616,0
4898625,0
4898633,0
4898641,0
4898650,0
4898658,0
4898666,0
4898675,0
4898683,0
4898691,0
4898699,0
4898708,0
4898716,0
4898725,0
4898733,0
4898741,0
4898749,0
4898758,0
4898766,0
4898774,0
4898783,0
4898791,0
4898799,0
4898808,0
4898816,0
4898824,0
4898833,0
4898841,0
4898849,0
4898858,0
4898866,0
4898874,0
4898883,0
4898891,0
4898899,0
4898908,0
4898916,0
4898924,0
4898933,0
4898941,0
4898950,0
4898958,0
4898966,0
4898974,0
4898983,0
4898991,0
4898999,0
4899008,0
4899016,0
4899024,0
4899033,0
4899041,0
4899049,0
4899058,0
4899066,0
4899075,0
4899083,0
4899091,0
4899099,0
4899108,0
4899116,0
4899124,0
4899133,0
4899141,0
4899149,0
4899158,0
4899166,0
4899174,0
4899183,0
4899191,0
4899199,0
4899208,0
4899216,0
4899224,0
4899233,0
4899241,0
4899250,0
4899258,0
4899266,0
4899275,0
4899283,0
4899291,0
4899299,0
4899308,0
4899316,0
4899324,0
4899333,0
4899341,0
4899350,0
4899358,0
4899366,0
4899375,0
4899383,0
4899391,0
4899399,0
4899408,0
4899416,0
4899425,0
4899433,0
4899441,0
4899450,0
4899458,0
4899466,0
4899474,0
4899483,0
4899491,0
4899499,0
4899508,0
4899516,0
4899524,0
4899533,0
4899541,0
4899549,0
4899558,0
4899566,0
4899574,0
4899583,5
4899591,5
4899599,5
4899608,5
4899616,5
4899624,5
4899633,5
4899641,5
4899649,5
4899658,5
4899666,5
4899674,5
4899683,5
4899691,5
4899699,5
4899708,5
4899716,5
4899724,5
4899733,5
4899741,5
4899749,5
4899758,5
4899766,5
4899774,5
4899783,5
4899791,5
4899799,5
4899808,5
4899816,5
4899824,5
4899833,5
4899841,5
4899849,5
4899858,5
4899866,5
4899874,5
4899883,5
4899891,5
4899899,5
4899908,5
4899916,5
4899924,5
4899933,5
4899941,5
4899950,5
4899958,5
4900091,1
4900099,1
4900116,5
4900124,0
4900133,0
4900141,0
4900149,0
4900158,0
4900166,0
4900174,0
4900183,0
4900191,0
4900199,0
4900208,0
4900216,0
4900224,0
4900233,0
4900241,0
4900250,0
4900258,0
4900266,0
4900274,0
4900283,0
4900291,0
4900299,0
4900308,0
4900316,0
4900324,0
4900333,0
4900341,0
4900349,0
4900358,0
4900366,0
4900374,0
4900383,0
4900391,0
4900399,0
4900408,0
4900416,0
4900424,0
4900433,0
4900441,0
4900449,0
4900458,0
4900466,0
4900475,0
4900483,0
4900491,0
4900499,0
4900508,0
4900516,0
4900525,0
4900533,0
4900541,0
4900549,0
4900558,0
4900566,0
4900574,0
4900583,0
4900591,0
4900599,0
4900608,0
4900616,0
4900624,0
4900633,0
4900641,0
4900649,0
4900658,0
4900666,0
4900674,0
4900683,0
4900691,0
4900699,0
4900708,0
4900716,0
4900724,0
4900733,0
4900741,0
4900749,0
4900758,0
4900766,0
4900774,0
4900783,0
4900791,0
4900799,0
4900808,0
4900816,0
4900824,0
4900833,0
4900841,0
4900849,0
4900858,0
4900866,0
4900874,0
4900883,0
4900891,0
4900899,0
4900908,0
4900916,0
4900924,0
4900933,0
4900941,0
4900949,0
4900958,0
4900966,0
4900974,0
4900983,0
4900991,0
4900999,0
4901008,0
4901016,0
4901024,0
4901033,0
4901041,0
4901049,0
4901058,0
4901066,0
4901074,0
4901083,0
4901091,0
4901099,0
4901108,0
4901116,0
4901124,0
4901133,0
4901141,0
4901149,0
4901158,0
4901166,0
4901175,0
4901183,0
4901191,0
4901199,0
4901208,0
4901216,0
4901224,0
4901233,0
4901241,0
4901249,0
4901258,5
4901499,1
4901508,2
4901516,2
4901524,1
4901533,1
4901541,5
4901549,5
4901558,5
4901566,5
4901574,5
4901583,5
4901591,0
4901599,0
4901608,0
4901616,0
4901624,0
4901633,0
4901641,0
4901649,0
4901658,0
4901666,0
4901674,0
4901683,0
4901691,0
4901699,0
4901708,0
4901716,0
4901725,0
4901733,5
4901741,5
4901749,5
4901758,5
4901766,5
4901774,5
4901783,5
4901791,5
4901799,5
4901808,5
4901816,5
4901824,5
4901833,5
4901841,5
4901849,5
4901858,5
4901866,5
4901874,5
4901883,5
4901891,5
4901899,5
4901908,0
4901916,0
4901925,0
4901933,0
4901941,0
4901949,0
4901958,0
4901966,0
4901974,0
4901983,0
4901991,0
4901999,0
4902008,0
4902016,0
4902024,0
4902033,0
4902041,0
4902049,0
4902058,0
4902066,0
4902074,0
4902082,0
4902091,0
4902099,0
4902108,0
4902116,0
4902125,0
4902133,0
4902141,0
4902149,0
4902158,0
4902166,0
4902174,0
4902183,0
4902191,0
4902199,0
4902208,0
4902216,0
4902224,0
4902232,0
4902241,0
4902249,0
4902258,0
4902266,0
4902274,0
4902283,0
4902291,0
4902299,0
4902308,0
4902316,0
4902324,0
4902333,0
4902341,0
4902349,5
4902357,5
4902366,5
4902374,5
4902383,5
4902399,5
4902541,5
4902549,5
4902566,1
4902574,1
4902582,1
4902591,5
4902599,5
4902607,5
4902616,5
4902624,5
4902632,5
4902641,0
4902649,0
4902658,0
4902666,0
4902674,0
4902683,0
4902691,0
4902699,0
4902707,0
4902716,0
4902724,0
4902733,0
4902741,0
4902749,0
4902757,0
4902766,0
4902774,0
4902782,0
4902791,0
4902799,0
4902816,0
4902824,0
4902832,0
4902841,0
4902849,0
4902857,0
4902866,0
4902874,0
4902882,0
4902891,0
4902899,0
4902907,0
4902916,0
4902924,0
4902932,0
4902941,0
4902949,0
4902957,0
4902966,0
4902974,0
4902982,0
4902991,0
4902999,0
4903007,0
4903016,0
4903024,0
4903032,0
4903041,0
4903049,0
4903057,0
4903066,0
4903074,0
4903082,0
4903091,0
4903099,0
4903107,0
4903116,0
4903124,0
4903132,0
4903141,0
4903149,0
4903157,0
4903166,0
4903174,0
4903182,0
4903191,5
4903199,5
4903207,5
4903216,5
4903224,5
4903232,5
4903241,5
4903249,5
4903257,5
4903266,5
4903274,5
4903282,5
4903291,5
4903299,5
4903307,5
4903316,5
4903324,5
4903332,5
4903341,5
4903349,5
4903357,5
4903366,5
4903374,0
4903382,0
4903391,0
4903399,5
4903407,5
4903416,5
4903424,5
4903432,5
4903441,5
4903449,5
4903457,5
4903466,5
4903474,5
4903482,5
4903491,5
4903499,5
4903507,5
4903516,5
4903524,5
4903532,5
4903541,5
4903549,5
4903557,5
4903566,5
4903574,5
4903582,5
4903591,5
4903599,5
4903607,5
4903616,5
4903624,5
4903632,5
4903641,5
4903649,5
4903657,5
4903666,5
4903674,5
4903682,5
4903691,5
4903699,5
4903707,5
4903716,5
4903724,5
4903732,5
4903741,5
4903749,5
4903758,5
4903766,5
4903774,5
4903782,5
4903791,0
4903799,0
4903816,0
4903824,0
4903841,0
4903849,0
4903857,0
4903946,0
4903953,0
4903970,0
4903978,0
4903995,0
4904003,0
4904012,0
4904020,0
4904028,0
4904037,0
4904045,0
4904053,0
4904062,0
4904070,0
4904078,0
4904087,0
4904095,0
4904103,0
4904112,0
4904120,0
4904128,0
4904137,0
4904145,0
4904153,0
4904162,0
4904170,0
4904178,0
4904187,0
4904195,0
4904203,0
4904212,0
4904220,0
4904228,0
4904237,0
4904245,0
4904253,0
4904262,0
4904270,0
4904278,0
4904287,0
4904295,0
4904303,0
4904312,0
4904320,0
4904328,0
4904337,0
4904345,0
4904353,0
4904362,0
4904370,0
4904378,0
4904387,0
4904395,0
4904403,0
4904412,0
4904420,0
4904428,0
4904437,0
4904445,0
4904453,0
4904462,0
4904470,0
4904478,0
4904487,0
4904495,0
4904503,0
4904512,0
4904520,0
4904528,0
4904537,5
4904545,5
4904553,5
4904562,5
4904570,5
4904578,5
4904587,5
4904595,5
4904603,5
4904612,5
4904620,5
4904628,5
4904637,5
4904645,5
4904653,5
4904662,5
4904670,5
4904678,5
4904687,5
4904695,5
4904703,5
4904712,5
4904720,5
4904728,5
4904737,5
4904745,0
4904753,0
4904762,0
4904770,0
4904778,0
4904787,0
4904795,0
4904803,0
4904812,0
4904820,0
4904828,0
4904837,0
4904845,0
4904853,0
4904862,0
4904870,0
4904878,0
4904887,0
4904895,0
4904903,0
4904912,0
4904920,0
4904928,0
4904937,0
4904945,0
4904953,0
4904962,0
4904970,0
4904978,0
4904987,0
4904995,0
4905003,0
4905012,0
4905020,0
4905028,0
4905037,0
4905045,0
4905053,0
4905062,0
4905070,0
4905078,0
4905087,0
4905095,0
4905103,0
4905112,0
4905120,0
4905128,0
4905137,0
4905145,0
4905153,0
4905320,5
4905328,5
4905353,5
4905362,1
4905370,5
4905378,5
4905387,5
4905395,5
4905403,5
4905412,5
4905420,5
4905428,0
4905437,0
4905445,0
4905453,0
4905462,0
4905470,0
4905478,0
4905487,0
4905495,0
4905503,0
4905512,0
4905520,0
4905528,0
4905537,0
4905545,0
4905553,0
4905562,0
4905570,0
4905578,0
4905587,0
4905595,0
4905603,0
4905611,0
4905620,0
4905628,0
4905637,0
4905645,0
4905653,0
4905662,0
4905670,0
4905678,0
4905687,0
4905695,0
4905703,0
4905712,0
4905720,0
4905728,0
4905737,0
4905745,0
4905753,0
4905762,0
4905770,0
4905778,0
4905787,0
4905795,0
4905803,0
4905812,0
4905820,0
4905828,0
4905837,0
4905845,0
4905853,0
4905862,0
4905870,0
4905878,0
4905887,0
4905895,0
4905903,0
4905912,0
4905920,0
4905928,0
4905937,5
4906095,1
4906103,1
4906120,1
4906128,1
4906145,5
4906153,5
4906162,5
4906170,5
4906178,5
4906187,5
4906195,5
4906203,5
4906211,0
4906220,0
4906228,0
4906236,0
4906245,0
4906253,0
4906261,0
4906270,0
4906278,4
4906287,0
4906295,0
4906303,0
4906311,0
4906320,0
4906328,0
4906336,0
4906345,0
4906353,0
4906361,0
4906370,0
4906378,0
4906387,0
4906395,0
4906403,0
4906411,0
4906420,0
4906428,0
4906436,0
4906445,0
4906453,0
4906461,0
4906470,0
4906478,0
4906486,0
4906495,0
4906503,0
4906512,0
4906520,0
4906528,0
4906536,0
4906545,0
4906553,0
4906561,0
4906570,0
4906578,0
4906586,0
4906595,0
4906603,0
4906611,0
4906620,0
4906628,0
4906636,0
4906645,0
4906653,0
4906661,0
4906670,0
4906678,0
4906686,0
4906695,0
4906703,0
4906711,0
4906720,0
4906728,0
4906736,0
4906745,0
4906753,0
4906761,0
4906770,0
4906778,0
4906787,0
4906795,0
4906803,0
4906812,5
4906820,5
4906828,5
4906836,5
4906845,5
4906853,5
4906861,5
4906870,5
4906878,5
4906886,5
4906895,5
4906903,5
4906912,5
4906920,5
4906928,5
4906936,5
4906945,5
4906953,5
4906961,5
4906970,5
4906978,5
4906987,5
4906995,5
4907003,5
4907011,5
4907020,5
4907028,5
4907036,5
4907045,5
4907053,5
4907061,5
4907070,5
4907078,5
4907086,5
4907095,5
4907103,5
4907111,5
4907120,5
4907128,5
4907136,5
4907145,5
4907153,5
4907161,5
4907170,5
4907178,5
4907187,5
4907195,5
4907203,5
4907211,5
4907220,5
4907228,5
4907236,5
4907245,5
4907253,5
4907261,5
4907270,5
4907278,5
4907286,5
4907295,5
4907303,5
4907312,5
4907320,5
4907328,5
4907337,5
4907345,5
4907353,5
4907362,0
4907370,0
4907378,0
4907386,0
4907395,0
4907403,0
4907420,0
4907428,0
4907445,0
4907453,0
4907461,0
4907470,0
4907478,0
4907487,0
4907495,0
4907503,0
4907520,0
4907528,0
4907545,0
4907553,0
4907561,0
4907570,0
4907578,0
4907586,0
4907595,0
4907603,0
4907620,0
4907628,0
4907636,0
4907645,0
4907653,0
4907661,0
4907670,0
4907678,0
4907686,0
4907695,0
4907703,0
4907711,0
4907720,5
4907728,5
4907736,5
4907745,5
4907753,0
4907761,0
4907770,0
4907778,0
4907786,0
4907795,0
4907803,0
4907811,0
4907820,0
4907828,0
4907836,0
4907845,0
4907853,0
4907861,0
4907870,0
4907878,0
4907886,0
4907895,0
4907903,0
4907912,0
4907920,0
4907928,0
4907936,0
4907945,0
4907953,0
4907961,0
4907970,0
4907978,0
4907986,0
4907995,0
4908003,0
4908011,5
4908020,5
4908028,5
4908036,5
4908045,5
4908053,5
4908061,5
4908070,5
4908078,5
4908086,5
4908095,5
4908103,5
4908112,5
4908120,5
4908128,5
4908136,5
4908145,5
4908153,5
4908161,5
4908170,5
4908178,5
4908186,5
4908195,5
4908203,5
4908211,5
4908220,0
4908228,0
4908236,0
4908245,0
4908253,0
4908261,0
4908270,0
4908278,0
4908286,0
4908295,0
4908303,0
4908311,0
4908320,0
4908328,0
4908336,0
4908345,0
4908353,0
4908361,0
4908370,0
4908378,0
4908386,0
4908395,0
4908403,0
4908411,0
4908420,5
4908428,5
4908436,5
4908445,5
4908453,5
4908461,5
4908470,5
4908478,5
4908486,5
4908495,5
4908678,5
4908686,5
4908695,5
4908703,5
4908711,5
4908720,5
4908728,5
4908736,5
4908745,5
4908753,5
4908761,5
4908770,5
4908778,5
4908786,5
4908795,5
4908803,5
4908811,5
4908820,5
4908828,5
4908836,5
4908845,5
4908853,5
4908861,5
4908870,5
4908878,5
4908886,5
4908895,5
4908903,5
4908911,5
4908920,5
4908928,5
4908936,5
4908945,5
4908953,5
4908961,5
4908970,5
4908978,5
4908986,5
4908995,5
4909003,0
4909011,0
4909020,0
4909028,0
4909036,0
4909045,0
4909053,0
4909061,0
4909070,0
4909078,0
4909086,0
4909095,0
4909103,0
4909111,0
4909120,0
4909128,0
4909136,0
4909145,0
4909153,0
4909161,0
4909170,0
4909178,0
4909186,0
4909195,0
4909203,0
4909211,0
4909220,0
4909228,0
4909236,0
4909245,0
4909253,0
4909261,0
4909270,0
4909278,0
4909286,0
4909295,0
4909303,0
4909311,0
4909320,0
4909328,0
4909336,0
4909345,0
4909353,0
4909361,0
4909370,0
4909378,0
4909386,0
4909395,0
4909403,0
4909411,5
4909420,1
4909428,1
4909436,2
4909445,2
4909453,2
4909461,2
4909470,2
4909478,2
4909486,2
4909495,2
4909503,2
4909511,2
4909520,2
4909528,2
4909536,2
4909545,2
4909553,2
4909561,2
4909570,2
4909578,2
4909586,2
4909595,2
4909603,2
4909611,2
4909620,2
4909628,2
4909636,2
4909645,2
4909653,2
4909661,2
4909670,2
4909678,2
4909686,2
4909695,2
4909703,2
4909711,2
4909719,2
4909728,2
4909736,2
4909745,2
4909753,2
4909762,2
4909770,2
4909778,2
4909786,3
4909795,3
4909803,4
4909811,4
4909820,4
4909828,4
4909836,4
4909845,3
4909853,3
4909861,4
4909870,4
4909878,4
4909886,4
4909895,4
4909903,4
4909911,4
4909920,4
4909928,4
4909936,4
4909945,4
4909953,4
4909961,4
4909970,4
4909978,4
4909986,4
4909995,4
4910003,4
4910011,4
4910019,4
4910028,4
4910036,4
4910045,4
4910053,4
4910061,4
4910069,4
4910078,4
4910086,3
4910094,2
4910103,5
4910111,5
4910120,5
4910128,5
4910136,5
4910144,5
4910153,5
4910161,5
4910169,5
4910178,5
4910186,5
4910195,5
4910203,5
4910211,5
4910219,5
4910228,5
4910236,5
4910244,5
4910253,5
4910261,5
4910269,5
4910278,5
4910286,5
4910294,5
4910303,5
4910311,5
4910320,5
4910328,5
4910336,5
4910345,5
4910353,5
4910361,5
4910369,5
4910378,5
4910386,5
4910394,5
4910403,5
4910411,5
4910420,5
4910428,5
4910444,5
4910453,5
4910461,0
4910469,0
4910478,0
4910486,0
4910494,0
4910503,0
4910519,0
4910528,0
4910536,0
4910545,0
4910553,0
4910561,0
4910569,0
4910578,0
4910586,0
4910595,0
4910603,0
4910619,0
4910628,0
4910636,0
4910644,0
4910653,0
4910661,0
4910669,0
4910678,0
4910686,0
4910694,0
4910703,0
4910711,0
4910720,0
4910728,0
4910736,0
4910744,0
4910753,0
4910761,0
4910769,0
4910778,0
4910794,0
4910928,1
4910936,1
4910944,5
4910953,5
4910961,5
4910969,5
4910978,0
4910986,0
4910995,0
4911003,0
4911011,0
4911019,0
4911028,0
4911036,0
4911044,0
4911053,0
4911061,0
4911069,0
4911078,0
4911086,0
4911094,0
4911103,0
4911111,0
4911119,0
4911128,0
4911136,0
4911144,0
4911153,0
4911161,0
4911169,0
4911178,0
4911194,0
4911203,0
4911211,0
4911220,0
4911228,0
4911236,0
4911244,0
4911253,0
4911261,0
4911269,0
4911278,0
4911286,0
4911294,0
4911303,0
4911311,0
4911319,0
4911328,0
4911336,0
4911344,0
4911353,0
4911361,0
4911369,0
4911378,0
4911386,0
4911395,0
4911403,0
4911411,0
4911419,0
4911428,0
4911436,0
4911444,0
4911453,0
4911461,0
4911469,0
4911478,0
4911486,0
4911494,0
4911503,0
4911511,0
4911519,0
4911528,0
4911536,0
4911544,0
4911553,0
4911561,0
4911569,0
4911578,0
4911586,0
4911594,0
4911603,0
4911611,5
4911628,5
4911769,1
4911858,0
4911866,0
4911875,0
4911883,0
4911891,0
4911899,0
4911908,0
4911916,0
4911924,0
4911933,0
4911941,0
4911950,0
4911958,0
4911966,0
4911974,0
4911983,0
4911991,0
4911999,0
4912008,0
4912016,0
4912024,0
4912033,0
4912041,0
4912050,0
4912058,0
4912066,0
4912075,0
4912083,0
4912091,0
4912099,0
4912108,0
4912116,0
4912124,0
4912133,0
4912141,0
4912150,0
4912158,0
4912166,0
4912174,0
4912183,0
4912191,0
4912200,0
4912208,5
4912216,5
4912225,0
4912233,0
4912241,0
4912250,0
4912258,0
4912266,0
4912274,0
4912283,0
4912291,0
4912299,0
4912308,0
4912316,0
4912325,0
4912333,0
4912341,0
4912349,0
4912358,0
4912366,0
4912374,0
4912383,0
4912391,0
4912399,0
4912408,0
4912416,0
4912424,0
4912433,0
4912441,0
4912449,0
4912458,0
4912466,0
4912474,0
4912483,0
4912491,0
4912499,0
4912508,0
4912516,0
4912524,0
4912533,0
4912541,0
4912550,0
4912558,0
4912566,0
4912574,0
4912583,0
4912591,0
4912599,0
4912608,0
4912616,0
4912624,0
4912633,0
4912641,0
4912649,0
4912658,0
4912666,0
4912674,0
4912683,0
4912691,0
4912699,0
4912708,0
4912716,0
4912724,0
4912733,0
4912741,0
4912749,0
4912758,0
4912766,0
4912774,0
4912783,0
4912791,0
4912799,0
4912808,0
4912816,0
4912824,0
4912833,0
4912841,0
4912849,0
4912858,0
4912866,0
4912874,0
4912883,0
4912891,0
4912899,0
4912908,0
4912916,0
4912924,0
4912933,0
4912941,0
4912949,0
4912958,0
4912966,0
4912974,0
4912983,0
4912991,0
4912999,0
4913008,0
4913016,0
4913024,0
4913033,0
4913041,0
4913049,0
4913058,0
4913066,0
4913074,0
4913083,0
4913091,0
4913099,0
4913108,0
4913116,0
4913124,0
4913133,0
4913141,0
4913149,0
4913158,0
4913166,0
4913174,0
4913183,0
4913191,0
4913199,0
4913208,0
4913216,0
4913224,0
4913233,0
4913241,0
4913249,0
4913258,0
4913266,0
4913274,0
4913283,0
4913291,0
4913299,0
4913308,0
4913316,0
4913324,0
4913333,0
4913341,0
4913349,0
4913358,0
4913366,0
4913374,0
4913383,0
4913391,0
4913399,0
4913408,0
4913416,0
4913424,0
4913433,0
4913441,0
4913449,0
4913458,0
4913466,0
4913474,0
4913483,0
4913491,0
4913499,0
4913508,0
4913516,0
4913524,0
4913533,0
4913541,0
4913549,0
4913558,0
4913566,0
4913574,0
4913583,0
4913591,0
4913599,0
4913608,5
4913616,5
4913624,5
4913633,5
4913641,5
4913649,5
4913658,5
4913666,5
4913674,5
4913683,5
4913691,5
4913699,5
4913708,5
4913716,5
4913724,5
4913733,5
4913741,5
4913749,5
4913758,5
4913766,5
4913774,5
4913783,5
4913791,5
4913799,5
4913808,0
4913816,0
4913824,0
4913833,0
4913841,0
4913849,0
4913858,0
4913866,0
4913874,0
4913883,0
4913891,0
4913899,0
4913908,0
4913916,0
4913924,0
4913933,0
4913949,0
4913958,0
4913966,0
4913974,0
4913983,0
4913991,5
4914158,5
4914183,5
4914191,5
4914199,1
4914208,1
4914216,5
4914224,5
4914233,5
4914241,5
4914249,5
4914258,0
4914266,0
4914274,0
4914283,0
4914291,0
4914299,0
4914308,0
4914316,0
4914324,0
4914333,0
4914341,0
4914349,0
4914358,0
4914366,0
4914374,0
4914383,0
4914391,0
4914399,0
4914408,0
4914416,0
4914424,0
4914433,0
4914441,0
4914449,0
4914458,0
4914466,0
4914474,0
4914483,0
4914491,0
4914499,0
4914508,0
4914516,0
4914524,0
4914533,0
4914541,0
4914549,0
4914558,0
4914566,0
4914574,0
4914583,0
4914591,0
4914599,0
4914608,0
4914616,0
4914624,0
4914633,0
4914641,0
4914649,0
4914658,0
4914666,0
4914674,0
4914682,0
4914691,0
4914699,0
4914708,0
4914716,0
4914724,0
4914733,0
4914741,0
4914749,0
4914758,0
4914766,0
4914774,0
4914783,0
4914791,0
4914799,0
4914808,0
4914816,0
4914824,0
4914833,0
4914841,0
4914849,0
4914858,0
4914866,0
4914874,0
4914883,0
4914891,0
4914899,0
4914908,0
4914916,0
4914924,0
4914933,0
4914941,0
4914949,0
4914958,0
4914966,0
4914974,0
4914983,0
4914991,0
4914999,0
4915008,0
4915016,0
4915024,0
4915033,0
4915041,0
4915049,0
4915058,0
4915066,0
4915074,0
4915083,0
4915091,0
4915099,0
4915108,0
4915116,0
4915124,0
4915133,0
4915141,0
4915149,0
4915158,0
4915166,0
4915174,0
4915183,0
4915191,0
4915199,0
4915208,0
4915216,0
4915224,0
4915233,0
4915407,0
4915416,0
4915432,5
4915441,5
4915457,0
4915466,0
4915482,0
4915491,0
4915507,0
4915516,0
4915524,0
4915532,0
4915541,0
4915549,0
4915557,0
4915566,0
4915574,0
4915583,0
4915591,0
4915599,0
4915607,0
4915616,0
4915624,0
4915632,0
4915641,0
4915649,0
4915657,0
4915666,0
4915674,0
4915682,0
4915691,0
4915699,0
4915707,0
4915716,0
4915724,0
4915732,0
4915741,0
4915749,0
4915757,0
4915766,0
4915774,0
4915782,0
4915791,0
4915799,0
4915807,0
4915816,4
4915832,0
4915841,0
4915849,0
4915857,0
4915866,0
4915874,0
4915882,0
4915891,0
4915899,0
4915907,0
4915916,0
4915924,0
4915933,0
4915941,0
4915949,0
4915957,0
4915966,0
4915974,0
4915982,0
4915991,0
4915999,0
4916007,0
4916016,0
4916024,0
4916032,0
4916041,0
4916049,0
4916057,0
4916066,0
4916074,0
4916082,0
4916091,0
4916099,0
4916108,0
4916116,0
4916124,0
4916141,0
4916149,0
4916157,0
4916166,0
4916174,0
4916182,0
4916191,0
4916199,0
4916207,0
4916216,0
4916224,0
4916232,0
4916241,0
4916249,0
4916257,0
4916266,0
4916274,0
4916282,0
4916291,0
4916299,0
4916307,0
4916316,0
4916324,0
4916333,0
4916341,0
4916349,0
4916357,0
4916366,0
4916374,0
4916382,0
4916391,0
4916399,0
4916407,0
4916416,0
4916424,0
4916433,0
4916441,0
4916449,0
4916457,0
4916466,0
4916474,0
4916482,0
4916491,0
4916499,0
4916507,0
4916516,0
4916524,0
4916533,0
4916541,0
4916549,0
4916557,0
4916566,0
4916574,0
4916582,0
4916591,0
4916599,0
4916607,0
4916616,0
4916624,0
4916633,0
4916641,0
4916649,0
4916657,0
4916666,0
4916674,0
4916682,0
4916691,0
4916699,0
4916707,0
4916716,0
4916724,0
4916732,0
4916741,0
4916749,0
4916757,0
4916766,0
4916774,0
4916782,0
4916791,0
4916799,0
4916807,0
4916816,0
4916824,0
4916832,0
4916841,0
4916849,0
4916857,0
4916866,0
4916874,0
4916882,0
4916891,0
4916899,0
4916907,0
4916916,0
4916924,0
4916932,0
4916941,0
4916949,0
4916957,0
4916966,0
4916974,0
4916982,0
4916991,0
4916999,0
4917007,0
4917016,0
4917024,0
4917032,0
4917041,0
4917049,0
4917057,0
4917066,5
4917241,1
4917249,1
4917257,1
4917266,1
4917274,5
4917291,5
4917299,5
4917307,0
4917316,0
4917324,0
4917332,0
4917341,0
4917349,0
4917357,0
4917366,0
4917374,0
4917382,0
4917391,0
4917399,0
4917407,0
4917416,0
4917424,0
4917432,0
4917441,0
4917449,0
4917457,0
4917466,0
4917474,0
4917482,0
4917491,0
4917499,0
4917507,0
4917516,0
4917524,0
4917541,0
4917549,0
4917557,0
4917566,0
4917574,0
4917582,0
4917591,0
4917599,0
4917608,0
4917616,0
4917624,0
4917632,0
4917641,0
4917649,0
4917657,0
4917666,0
4917674,0
4917682,0
4917691,0
4917699,0
4917708,0
4917716,0
4917724,0
4917732,0
4917741,0
4917749,0
4917757,0
4917766,0
4917774,0
4917782,0
4917791,0
4917799,0
4917807,0
4917816,0
4917824,0
4917832,0
4917841,0
4917849,0
4917857,0
4917866,0
4917874,0
4917882,0
4917891,0
4917899,0
4917907,0
4917916,0
4917924,0
4917932,0
4918179,0
4918187,0
4918196,0
4918204,0
4918212,0
4918221,0
4918229,0
4918237,0
4918246,0
4918254,0
4918262,0
4918279,0
4918287,0
4918296,0
4918304,0
4918312,0
4918321,0
4918329,0
4918337,0
4918346,0
4918354,0
4918362,0
4918371,0
4918379,0
4918387,0
4918396,0
4918404,0
4918412,0
4918421,0
4918429,0
4918437,0
4918446,0
4918454,0
4918462,0
4918471,0
4918479,0
4918487,0
4918504,0
4918512,0
4918521,0
4918529,0
4918546,0
4918554,0
4918562,0
4918571,0
4918579,0
4918587,0
4918596,0
4918604,0
4918612,0
4918621,0
4918629,0
4918637,0
4918646,0
4918654,0
4918662,0
4918679,0
4918687,0
4918696,0
4918704,0
4918712,0
4918721,0
4918729,0
4918737,0
4918746,0
4918754,0
4918762,0
4918779,0
4918787,0
4918804,0
4918812,0
4918821,0
4918829,0
4918837,0
4918846,0
4918854,0
4918862,0
4918871,0
4918879,0
4918887,0
4918896,0
4918904,0
4918912,0
4918929,0
4918937,0
4918954,0
4918962,0
4918971,0
4918979,0
4918987,0
4918996,0
4919004,0
4919012,0
4919021,0
4919029,0
4919037,0
4919054,0
4919062,0
4919071,0
4919079,0
4919087,0
4919096,0
4919104,0
4919113,0
4919121,0
4919129,0
4919137,0
4919146,0
4919154,0
4919250,5
4919267,0
4919275,0
4919283,0
4919292,0
4919300,0
4919308,0
4919317,0
4919325,0
4919333,0
4919342,0
4919350,0
4919358,0
4919367,0
4919375,0
4919383,0
4919392,0
4919400,0
4919408,0
4919417,0
4919425,0
4919433,0
4919442,0
4919450,0
4919458,0
4919467,0
4919475,0
4919483,0
4919492,0
4919500,0
4919508,0
4919517,5
4919525,5
4919533,5
4919542,5
4919550,5
4919558,5
4919567,5
4919575,5
4919583,5
4919592,5
4919600,0
4919617,0
4919633,0
4919642,0
4919650,5
4919658,5
4919667,5
4919683,5
4919692,5
4919700,5
4919708,5
4919717,5
4919725,5
4919733,5
4919742,5
4919750,5
4919758,0
4919767,0
4919775,0
4919783,5
4919791,5
4919800,5
4919808,5
4919817,5
4919825,5
4919833,5
4919842,5
4919850,5
4919858,5
4919875,5
4919883,5
4919900,5
4919908,5
4919925,5
4919933,5
4919950,5
4919958,5
4919966,5
4919975,5
4919983,5
4920000,5
4920008,5
4920016,5
4920025,5
4920033,5
4920041,5
4920050,5
4920058,5
4920067,5
4920075,5
4920083,5
4920091,5
4920100,5
4920108,5
4920116,5
4920125,5
4920133,5
4920141,5
4920150,5
4920158,5
4920175,5
4920183,5
4920200,5
4920208,5
4920225,5
4920329,4
4920338,4
4920346,3
4920354,3
4920363,3
4920371,3
4920379,3
4920387,3
4920396,3
4920404,4
4920413,4
4920421,4
4920429,4
4920438,4
4920446,3
4920454,3
4920463,3
4920471,3
4920479,3
4920488,3
4920496,3
4920504,3
4920513,3
4920521,3
4920529,3
4920538,3
4920546,3
4920554,4
4920563,4
4920571,4
4920579,4
4920588,4
4920596,3
4920604,3
4920613,3
4920621,3
4920629,3
4920637,3
4920646,3
4920654,3
4920663,3
4920671,3
4920679,3
4920688,3
4920696,2
4920704,2
4920713,2
4920721,2
4920729,2
4920737,2
4920746,2
4920754,2
4920887,4
4920896,4
4920912,4
4920946,4
4920954,4
4920962,4
4920971,4
4920979,4
4920988,4
4920996,4
4921004,4
4921012,4
4921021,3
4921029,3
4921037,3
4921046,3
4921054,3
4921062,3
4921071,3
4922072,3
4922080,3
4922088,4
4922097,4
4922105,4
4922113,4
4922122,4
4922130,4
4922138,4
4922147,3
4922155,3
4922163,3
4922172,4
4922180,4
4922188,4
4922197,4
4922205,4
4922213,4
4922222,4
4922230,4
4922238,4
4922247,4
4922255,4
4922263,3
4922272,4
4922280,4
4922289,4
4922297,4
4922305,4
4922313,4
4922322,4
4922330,4
4922339,4
4922347,3
4922355,3
4922363,3
4922372,3
4922380,4
4922388,4
4922397,4
4922405,4
4922413,4
4922422,4
4922430,4
4922438,4
4922447,3
4922463,3
4922472,4
4922480,4
4922488,4
4922497,4
4922505,4
4922513,4
4922522,4
4922530,4
4922538,4
4922547,3
4922555,3
4922563,3
4922572,3
4922580,4
4922588,4
4922597,4
4922605,3
4922613,3
4922622,3
4922630,3
4922638,3
4922647,3
4922655,3
4922663,3
4922672,3
4922680,4
4922688,4
4922697,4
4922705,4
4922713,4
4922722,4
4922730,4
4922738,4
4922755,4
4922763,4
4922772,4
4922788,4
4922797,4
4922805,4
4922813,4
4922822,4
4922830,4
4922838,4
4922847,3
4922855,3
4922863,3
4922872,3
4922880,4
4922888,4
4922897,4
4922905,4
4922913,4
4922922,3
4922930,3
4922938,3
4922947,3
4922963,3
4922972,4
