4986357,2
4986366,1
4986382,2
4986391,2
4986416,3
4986424,3
4986441,1
4986449,2
4986457,5
4986682,5
4986691,5
4986716,5
4986741,5
4986757,5
4986766,5
4986782,5
4986791,5
4986807,5
4986816,5
4986841,5
4986849,5
4986857,5
4986882,5
4986891,5
4986916,5
4986924,6
4986941,6
4986957,6
4986966,5
4986982,5
4986991,5
4987016,5
4987024,5
4987041,5
4987057,5
4987066,2
4987082,2
4987091,2
4987116,1
4987132,5
4987141,5
4987149,5
4987157,5
4987166,5
4987174,5
4987182,1
4987191,1
4987207,1
4987216,1
4987232,2
4987241,5
4987249,5
4987257,1
4987266,5
4987274,5
4987282,1
4987291,2
4987307,2
4987316,1
4987324,1
4987332,5
4987341,5
4987349,5
4987357,2
4987366,1
4987374,1
4987382,2
4987391,1
4987399,5
4987407,5
4987416,2
4987424,2
4987432,1
4987441,5
4987449,5
4987457,1
4987466,1
4987474,5
4987482,5
4987491,1
4987499,1
4987507,1
4987516,1
4987524,1
4987541,5
4987549,5
4987557,5
4987566,1
4987582,1
4987591,2
4987599,2
4987607,2
4987616,2
4987624,1
4987632,5
4987641,5
4987649,5
4987657,2
4987666,1
4987682,1
4987691,1
4987699,1
4987707,1
4987716,1
4987724,5
4987732,5
4987741,5
4987749,5
4987757,1
4987766,1
4987774,5
4987782,1
4987791,2
4987991,5
4988016,5
4988024,5
4988041,5
4988057,5
4988066,5
4988082,5
4988091,5
4988116,5
4988124,5
4988132,5
4988140,5
4988149,5
4988157,5
4988182,5
4988191,5
4988207,5
4988215,5
4988224,5
4988249,5
4988257,5
4988265,5
4988274,5
4988282,5
4988290,5
4988299,6
4988307,5
4988315,5
4988324,6
4988332,6
4988349,5
4988357,5
4988366,6
4988374,6
4988382,6
4988391,6
4988407,6
4988415,6
4988424,5
4988432,5
4988449,5
4988457,5
4988465,6
4988474,5
4988482,5
4988490,5
4988499,5
4988515,5
4988524,5
4988532,6
4988541,5
4988549,5
4988557,5
4988565,5
4988574,5
4988582,5
4988591,5
4988615,5
4988624,5
4988632,5
4988641,5
4988649,5
4988657,5
4988665,5
4988682,5
4988690,0
4988707,0
4988716,0
4988724,5
4988732,5
4988740,5
4988749,0
4988757,0
4988766,5
4988774,5
4988782,5
4988791,5
4988799,5
4988807,5
4988815,5
4988824,0
4988832,0
4988840,0
4988849,0
4988857,0
4988865,5
4988882,5
4988890,0
4988899,0
4988907,0
4988915,0
4988924,0
4988932,5
4988940,5
4988949,5
4988957,5
4988965,5
4988974,5
4988982,5
4988990,5
4988999,5
4989007,5
4989015,5
4989024,5
4989032,5
4989041,5
4989049,5
4989057,5
4989065,5
4989074,5
4989082,5
4989090,5
4989099,5
4989107,5
4989115,5
4989124,5
4989132,5
4989140,5
4989149,5
4989157,5
4989165,5
4989174,5
4989182,5
4989190,5
4989199,5
4989207,5
4989215,5
4989224,5
4989232,5
4989241,5
4989249,5
4989257,5
4989265,5
4989274,5
4989282,5
4989290,5
4989299,5
4989307,5
4989315,5
4989324,5
4989332,5
4989340,5
4989349,5
4989357,5
4989365,5
4989374,5
4989382,5
4989390,5
4989399,5
4989407,5
4989415,5
4989424,5
4989432,5
4989440,5
4989449,5
4989457,5
4989465,5
4989474,5
4989482,5
4989490,5
4989499,5
4989507,5
4989515,5
4989524,5
4989532,5
4989540,5
4989549,5
4989557,5
4989565,5
4989574,5
4989582,5
4989590,5
4989599,5
4989607,5
4989615,5
4989624,5
4989815,5
4989824,0
4989840,0
4989849,0
4989866,0
4989874,0
4989882,0
4989890,0
4989899,0
4989915,0
4989924,0
4989949,0
4989957,0
4989965,0
4989974,0
4989982,0
4989990,0
4989999,0
4990015,0
4990024,0
4990040,0
4990049,0
4990057,0
4990065,0
4990074,0
4990082,0
4990090,0
4990099,0
4990107,0
4990115,0
4990124,0
4990140,0
4990149,0
4990165,0
4990174,0
4990182,0
4990190,0
4990199,0
4990207,0
4990215,0
4990224,0
4990232,0
4990240,0
4990249,0
4990257,0
4990265,0
4990274,0
4990482,0
4990490,0
4990499,0
4990507,0
4990515,0
4990524,0
4990540,0
4990549,0
4990557,0
4990574,0
4990582,0
4990590,0
4990599,0
4990607,0
4990615,0
4990624,0
4990632,0
4990640,0
4990649,0
4990657,0
4990665,0
4990674,0
4990682,0
4990690,5
4990699,5
4990707,5
4990715,5
4990724,5
4990732,0
4990740,0
4990749,0
4990757,5
4990765,5
4990774,5
4990782,5
4990790,5
4990799,5
4990807,5
4990815,5
4990824,5
4990832,5
4990840,5
4990849,5
4990857,5
4990865,5
4990874,5
4990882,5
4990890,5
4990899,5
4990907,5
4990915,5
4990924,0
4990932,0
4990940,0
4990949,0
4990957,0
4990965,0
4990974,0
4990982,0
4990990,0
4990999,0
4991007,0
4991015,0
4991024,0
4991049,0
4991057,0
4991074,0
4991082,0
4991090,0
4991099,0
4991107,0
4991115,0
4991124,0
4991132,0
4991140,0
4991149,0
4991157,0
4991165,0
4991174,0
4991182,0
4991190,0
4991199,0
4991207,0
4991215,0
4991224,0
4991232,0
4991240,0
4991249,0
4991257,0
4991265,5
4991290,5
4991299,5
4991307,5
4991315,5
4991324,5
4991332,5
4991340,5
4991349,5
4991357,5
4991365,5
4991374,5
4991382,5
4991390,5
4991399,5
4991407,5
4991415,5
4991424,5
4991432,5
4991440,5
4991449,5
4991457,5
4991465,5
4991474,5
4991482,5
4991490,5
4991499,5
4991507,5
4991515,5
4991524,5
4991532,5
4991540,5
4991549,5
4991557,5
4991565,5
4991582,5
4991590,5
4991599,5
4991607,5
4991615,5
4991624,5
4991632,5
4991640,5
4991649,5
4991657,5
4991665,5
4991674,5
4991682,5
4991690,5
4991699,5
4991707,5
4991715,5
4991724,5
4991732,5
4991740,5
4991749,5
4991757,5
4991765,5
4991774,5
4991782,5
4991790,5
4991799,5
4991807,5
4991815,5
4991824,5
4991832,5
4991840,5
4991849,5
4991857,5
4991865,5
4991874,5
4991882,5
4991890,5
4991898,5
4991907,5
4991924,5
4991940,5
4991949,0
4991957,0
4991965,0
4991974,0
4991982,0
4991990,0
4991999,0
4992007,0
4992023,0
4992032,0
4992040,0
4992048,0
4992057,0
4992065,0
4992073,0
4992082,0
4992090,0
4992099,0
4992107,0
4992115,0
4992123,0
4992132,0
4992140,0
4992148,0
4992157,0
4992165,0
4992173,0
4992182,5
4992190,5
4992199,5
4992215,5
4992223,5
4992232,0
4992240,0
4992248,0
4992257,5
4992265,5
4992273,5
4992282,5
4992290,0
4992298,0
4992307,0
4992315,0
4992323,0
4992332,0
4992340,0
4992348,0
4992357,0
4992365,5
4992382,5
4992390,5
4992399,5
4992407,5
4992415,5
4992423,5
4992432,5
4992440,5
4992448,5
4992457,5
4992465,5
4992473,5
4992482,5
4992490,5
4992498,5
4992507,0
4992515,0
4992523,0
4992532,0
4992540,5
4992548,0
4992557,0
4992565,5
4992573,5
4992582,5
4992590,5
4992598,5
4992607,5
4992615,5
4992623,5
4992632,5
4992640,5
4992648,5
4992657,5
4992665,5
4992673,5
4992682,5
4992690,5
4992698,5
4992707,5
4992715,0
4992723,0
4992732,0
4992740,0
4992748,0
4992757,5
4992765,5
4992782,5
4992790,5
4992798,5
4992815,5
4992823,5
4992832,0
4992840,0
4992848,0
4992857,5
4992865,5
4992873,5
4992882,5
4992890,5
4992898,5
4992907,5
4992915,5
4992923,5
4992932,5
4992940,5
4992948,0
4992957,5
4992965,0
4992973,0
4992982,0
4992990,0
4992998,0
4993007,0
4993015,0
4993023,0
4993032,0
4993040,0
4993048,0
4993057,0
4993065,0
4993073,0
4993082,0
4993090,0
4993098,0
4993107,0
4993115,0
4993123,0
4993132,0
4993140,0
4993148,0
4993157,0
4993165,0
4993173,0
4993182,0
4993190,0
4993198,0
4993207,0
4993215,0
4993223,0
4993232,0
4993240,0
4993248,0
4993257,0
4993265,0
4993273,0
4993282,0
4993290,0
4993298,0
4993315,0
4993323,0
4993332,0
4993340,0
4993348,0
4993357,0
4993365,0
4993373,0
4993382,5
4993390,5
4993398,5
4993415,5
4993423,5
4993432,0
4993440,0
4993448,0
4993457,5
4993465,5
4993473,5
4993707,5
4993715,5
4993732,0
4993740,0
4993757,0
4993765,0
4993782,5
4993790,0
4993807,0
4993815,0
4993832,0
4993840,0
4993857,5
4993865,5
4993882,5
4993890,5
4993907,5
4993915,5
4993932,0
4993940,0
4993957,5
4993965,0
4993982,0
4993990,5
4994007,5
4994015,5
4994032,0
4994040,0
4994057,0
4994065,0
4994082,0
4994090,0
4994107,0
4994115,0
4994140,0
4994157,0
4994165,0
4994182,0
4994190,0
4994207,0
4994215,0
4994232,0
4994240,0
4994257,0
4994265,0
4994282,0
4994290,0
4994315,0
4994332,0
4994340,0
4994357,0
4994365,0
4994382,0
4994390,0
4994415,0
4994432,0
4994440,0
4994457,0
4994465,0
4994482,0
4994490,0
4994507,0
4994515,0
4994532,0
4994540,0
4994557,0
4994565,0
4994582,0
4994590,0
4994607,0
4994615,0
4994632,0
4994640,0
4994657,0
4994665,0
4994682,5
4994690,5
4994707,5
4994715,5
4994732,5
4994740,5
4994757,5
4994765,5
4994782,5
4994790,5
4994807,5
4994815,5
4994832,5
4994840,5
4994857,5
4994865,5
4994882,5
4994890,5
4994907,5
4994915,5
4994932,5
4994940,5
4994957,5
4994965,5
4994982,5
4994990,5
4995007,5
4995015,5
4995032,5
4995040,5
4995057,5
4995065,5
4995082,5
4995090,5
4995107,5
4995115,5
4995132,5
4995140,5
4995157,5
4995165,5
4995182,5
4995190,5
4995357,5
4995390,0
4995407,0
4995415,0
4995432,0
4995440,0
4995456,0
4995465,0
4995482,0
4995490,0
4995507,0
4995515,0
4995532,0
4995540,0
4995557,0
4995565,0
4995582,0
4995590,0
4995606,0
4995615,0
4995632,0
4995640,0
4995657,0
4995665,0
4995682,0
4995690,0
4995715,0
4995732,0
4995740,0
4995757,0
4995765,0
4995790,0
4995806,0
4995815,0
4995831,0
4995840,0
4995857,0
4995865,0
4995890,0
4995907,0
4995915,0
4995932,0
4995940,0
4995956,0
4995965,0
4995982,0
4995990,0
4996007,0
4996015,0
4996032,0
4996040,0
4996056,0
4996065,0
4996081,0
4996090,0
4996107,0
4996115,0
4996132,0
4996140,5
4996156,5
4996165,5
4996181,5
4996190,5
4996206,5
4996215,5
4996231,5
4996240,5
4996256,5
4996265,5
4996281,5
4996290,5
4996306,5
4996315,5
4996331,5
4996340,5
4996356,5
4996365,5
4996381,5
4996390,5
4996407,5
4996415,5
4996431,5
4996440,5
4996456,5
4996465,5
4996481,5
4996490,5
4996507,5
4996515,5
4996531,5
4996540,5
4996556,5
4996565,5
4996581,5
4996590,5
4996606,5
4996615,5
4996631,5
4996640,5
4996656,5
4996665,5
4996681,5
4996690,5
4996707,5
4996715,5
4996732,5
4996740,5
4996756,5
4996765,5
4996781,1
4996790,1
4996806,5
4996815,5
4996832,5
4996840,5
4996856,5
4996865,5
4996881,1
4996890,1
4996906,1
4996915,5
4996931,5
4996940,5
4996956,5
4996965,5
4996981,5
4996990,1
4997006,1
4997015,1
4997031,1
4997040,1
4997056,1
4997065,5
4997081,5
4997090,5
4997115,5
4997131,5
4997140,5
4997156,5
4997165,5
4997181,5
4997190,5
4997215,5
4997231,5
4997240,5
4997256,5
4997265,5
4997290,6
4997315,6
4997331,6
4997340,6
4997356,6
4997365,5
4997381,5
4997390,5
4997406,5
4997415,0
4997432,0
4997440,0
4997456,0
4997465,0
4997481,0
4997490,0
4997506,0
4997515,0
4997531,0
4997540,0
4997556,0
4997565,0
4997581,0
4997590,0
4997606,0
4997615,0
4997631,0
4997640,0
4997656,0
4997665,0
4997681,0
4997690,0
4997706,0
4997715,0
4997731,0
4997740,0
4997756,0
4997765,0
4997781,0
4997790,0
4997806,0
4997815,0
4997831,0
4997840,0
4997856,0
4997865,0
4997881,0
4997890,0
4997915,0
4997931,5
4997940,5
4997956,5
4997965,5
4997981,5
4997990,5
4998006,5
4998015,5
4998031,5
4998040,5
4998056,5
4998065,5
4998081,5
4998090,5
4998106,5
4998115,5
4998131,5
4998140,5
4998156,5
4998165,5
4998181,5
4998190,5
4998206,5
4998215,5
4998231,5
4998240,5
4998256,5
4998265,5
4998281,5
4998290,5
4998306,5
4998315,5
4998331,5
4998340,5
4998348,5
4998531,0
4998540,0
4998548,0
4998556,0
4998565,0
4998573,0
4998590,0
4998598,0
4998606,0
4998615,0
4998623,0
4998631,0
4998640,0
4998648,0
4998656,0
4998665,0
4998673,0
4998681,0
4998690,0
4998698,0
4998706,0
4998715,0
4998723,0
4998731,0
4998740,0
4998748,0
4998756,0
4998765,0
4998773,0
4998790,0
4998798,0
4998806,0
4998815,0
4998823,0
4998831,0
4998840,0
4998848,0
4998856,5
4998865,5
4998873,0
4998881,0
4998890,0
4998898,0
4998906,0
4998915,0
4998923,0
4998931,0
4998948,0
4998956,0
4998965,0
4998973,0
4998981,0
4998990,0
4998998,0
4999015,0
4999023,0
4999031,0
4999040,0
4999048,0
4999056,0
4999065,0
4999073,0
4999090,0
4999098,0
4999106,0
4999115,0
4999123,0
4999131,0
4999140,0
4999148,0
4999156,0
4999165,0
4999173,0
4999181,0
4999190,0
4999198,0
4999215,0
4999223,0
4999231,0
4999240,0
4999248,0
4999256,0
4999265,0
4999273,0
4999281,5
4999290,5
4999298,5
4999315,5
4999323,0
4999331,0
4999339,0
4999348,0
4999356,0
4999365,0
4999373,5
4999381,5
4999390,5
4999398,0
4999406,0
4999415,5
4999423,5
4999431,0
4999440,0
4999448,0
4999456,0
4999465,0
4999473,0
4999489,0
4999498,0
4999506,0
4999515,0
4999523,0
4999531,0
4999540,0
4999548,0
4999556,0
4999565,0
4999573,0
4999581,0
4999590,0
4999598,0
4999606,0
4999615,0
4999623,0
4999631,0
4999640,0
4999648,0
4999656,0
4999664,0
4999673,0
4999681,0
4999689,0
4999698,0
4999706,0
4999714,0
4999723,0
4999731,0
4999739,0
4999748,0
4999756,0
4999765,0
4999773,0
4999781,5
4999789,5
4999798,0
4999806,0
4999814,0
4999823,0
4999831,0
4999839,0
4999848,0
4999856,5
4999865,5
4999873,0
4999881,0
4999889,0
4999898,0
4999906,0
4999915,0
4999923,0
4999931,0
4999939,0
4999948,0
4999956,0
4999965,0
4999973,0
4999981,0
4999989,0
4999998,0
5000006,0
5000015,0
5000023,0
5000031,0
5000040,0
5000048,0
5000056,5
5000064,5
5000073,5
5000081,5
5000089,5
5000098,5
5000106,5
5000114,5
5000123,5
5000131,5
5000139,5
5000148,5
5000156,5
5000164,5
5000173,5
5000181,0
5000189,0
5000198,0
5000206,0
5000214,5
5000231,5
5000256,5
5000264,5
5000273,5
5000281,5
5000289,5
5000298,5
5000306,5
5000314,5
5000323,5
5000331,5
5000356,5
5000365,5
5000556,5
5000564,5
5000573,5
5000589,5
5000598,5
5000606,0
5000614,0
5000623,0
5000631,0
5000639,5
5000648,5
5000656,5
5000664,5
5000673,5
5000689,5
5000698,5
5000714,5
5000723,5
5000731,5
5000739,5
5000748,5
5000756,5
5000764,5
5000773,5
5000781,5
5000789,5
5000798,5
5000814,5
5000823,5
5000831,5
5000839,5
5000848,5
5000856,5
5000864,5
5000873,5
5000881,5
5001106,5
5001123,5
5001131,5
5001140,5
5001148,5
5001156,5
5001164,5
5001173,5
5001181,5
5001189,5
5001198,5
5001206,5
5001214,5
5001223,5
5001231,5
5001239,5
5001248,5
5001256,5
5001264,5
5001273,5
5001281,5
5001289,5
5001298,5
5001306,5
5001314,5
5001323,5
5001331,5
5001339,5
5001348,5
5001356,5
5001364,5
5001373,5
5001381,5
5001389,5
5001398,5
5001406,5
5001414,5
5001423,5
5001431,5
5001439,5
5001448,5
5001456,5
5001464,5
5001473,5
5001481,5
5001489,5
5001498,5
5001506,5
5001514,5
5001523,5
5001531,5
5001539,5
5001548,5
5001556,5
5001564,5
5001573,5
5001581,5
5001589,5
5001598,5
5001623,5
5001631,5
5001639,5
5001648,5
5001656,5
5001664,5
5001673,5
5001681,5
5001689,5
5001698,5
5001706,5
5001714,5
5001723,5
5001731,5
5001739,5
5001748,5
5001756,5
5001764,5
5001773,5
5001781,5
5001789,5
5001798,5
5001806,5
5001814,5
5001823,5
5001831,5
5001839,5
5001848,5
5001856,5
5001864,5
5001873,5
5001881,5
5001889,5
5001898,5
5001906,5
5001914,2
5001923,2
5001931,2
5001939,1
5001948,1
5001956,2
5001964,2
5001973,2
5001981,2
5001989,3
5001998,2
5002006,5
5002023,2
5002031,2
5002039,2
5002048,2
5002056,2
5002064,3
5002073,3
5002081,1
5002089,2
5002098,2
5002106,2
5002114,2
5002123,2
5002131,1
5002139,1
5002148,1
5002156,5
5002164,5
5002173,5
5002181,5
5002189,5
5002198,5
5002214,5
5002223,5
5002231,5
5002239,5
5002248,5
5002256,5
5002264,5
5002273,5
5002289,5
5002298,5
5002314,5
5002323,5
5002331,5
5002339,5
5002348,5
5002356,5
5002364,5
5002373,5
5002381,5
5002389,5
5002398,5
5002406,5
5002414,5
5002423,5
5002431,5
5002439,5
5002448,5
5002456,5
5002464,5
5002473,5
5002489,5
5002498,5
5002514,5
5002523,5
5002531,5
5002548,5
5002556,5
5002564,5
5002573,5
5002581,5
5002589,5
5002598,5
5002606,5
5002623,5
5002631,5
5002639,5
5002648,5
5002656,5
5002664,5
5002673,5
5002689,5
5002698,5
5002706,0
5002714,0
5002723,0
5002731,0
5002739,0
5002748,0
5002756,0
5002764,0
5002773,0
5002781,0
5002789,0
5002798,0
5002814,0
5002823,0
5002831,0
5002839,0
5002848,0
5002856,5
5003056,5
5003064,5
5003073,5
5003081,0
5003089,0
5003098,0
5003106,0
5003114,0
5003123,0
5003131,0
5003147,0
5003164,0
5003173,0
5003189,0
5003198,0
5003206,0
5003222,0
5003231,0
5003248,0
5003256,0
5003264,0
5003273,0
5003281,0
5003289,0
5003298,0
5003306,0
5003314,0
5003323,0
5003331,0
5003339,0
5003348,0
5003356,0
5003364,0
5003372,5
5003389,5
5003398,5
5003414,5
5003423,5
5003431,5
5003439,5
5003447,5
5003456,5
5003464,5
5003473,5
5003489,5
5003498,5
5003506,5
5003523,5
5003531,5
5003548,0
5003556,0
5003564,5
5003573,5
5003589,5
5003597,5
5003614,5
5003623,0
5003648,0
5003656,0
5003664,0
5003673,0
5003681,0
5003689,0
5003698,0
5003706,0
5003723,0
5003731,0
5003747,0
5003756,0
5003764,0
5003772,5
5003789,5
5003797,5
5003806,5
5003814,5
5003822,5
5003831,5
5003839,5
5003847,5
5003856,5
5003864,5
5003872,5
5003889,5
5003897,5
5003906,5
5003914,5
5003923,5
5003931,5
5003939,5
5003947,5
5003956,5
5003964,5
5003972,5
5003981,5
5003989,5
5003997,5
5004006,5
5004022,5
5004031,5
5004047,5
5004056,5
5004064,5
5004073,5
5004081,5
5004089,5
5004097,5
5004106,5
5004122,5
5004131,5
5004147,5
5004156,5
5004164,5
5004172,5
5004189,5
5004197,5
5004206,5
5004222,5
5004231,5
5004247,5
5004256,5
5004264,5
5004273,5
5004281,5
5004289,5
5004297,5
5004306,5
5004322,5
5004331,5
5004347,5
5004356,5
5004364,5
5004372,5
5004389,5
5004397,5
5004422,5
5004447,5
5004456,5
5004472,5
5004481,5
5004489,5
5004497,5
5004506,5
5004522,5
5004531,5
5004547,5
5004556,5
5004564,5
5004572,5
5004597,5
5004614,5
5004622,5
5004631,5
5004647,5
5004656,5
5004664,5
5004672,5
5004681,5
5004689,5
5004697,5
5004706,5
5004722,5
5004731,5
5004747,5
5004756,5
5004764,5
5004772,5
5004781,5
5004789,5
5004797,5
5004806,5
5004822,5
5004831,0
5004847,0
5004856,0
5004864,0
5004872,0
5004881,0
5004889,0
5004897,0
5004914,0
5004922,0
5004931,0
5004947,0
5004956,0
5004964,0
5004972,0
5004981,0
5004989,0
5004997,0
5005006,0
5005022,0
5005031,0
5005039,0
5005047,0
5005056,0
5005064,0
5005072,0
5005081,0
5005089,0
5005097,0
5005106,0
5005114,0
5005122,0
5005131,0
5005139,5
5005147,5
5005156,5
5005164,5
5005172,5
5005181,5
5005189,0
5005197,0
5005206,0
5005214,0
5005222,0
5005231,0
5005239,5
5005247,5
5005256,0
5005264,0
5005272,0
5005281,0
5005289,0
5005297,0
5005314,0
5005322,0
5005539,0
5005547,0
5005556,0
5005564,0
5005572,0
5005589,0
5005597,0
5005606,0
5005614,0
5005622,0
5005631,0
5005639,0
5005648,0
5005656,0
5005664,0
5005672,0
5005681,0
5005689,0
5005697,0
5005706,0
5005714,0
5005722,0
5005731,0
5005739,0
5005747,0
5005756,0
5005764,0
5005772,0
5005781,0
5005789,0
5005798,0
5005806,0
5005814,0
5005822,0
5005831,0
5005839,0
5005847,0
5005856,0
5005864,0
5005872,0
5005889,0
5005897,0
5005906,0
5005914,0
5005922,0
5005931,0
5005947,0
5005956,0
5005964,0
5005972,0
5005981,0
5005989,0
5005997,0
5006006,0
5006022,0
5006031,0
5006039,0
5006047,0
5006056,0
5006064,0
5006072,0
5006089,0
5006097,0
5006106,0
5006114,0
5006122,0
5006131,0
5006139,0
5006147,0
5006156,0
5006164,0
5006172,0
5006181,0
5006189,0
5006197,0
5006206,0
5006214,0
5006222,0
5006231,0
5006239,0
5006247,0
5006256,0
5006264,0
5006272,0
5006289,0
5006297,0
5006306,0
5006314,0
5006322,0
5006331,0
5006339,0
5006347,0
5006356,0
5006364,0
5006372,0
5006389,0
5006397,0
5006406,0
5006414,0
5006422,0
5006431,0
5006439,0
5006447,0
5006456,0
5006464,0
5006472,0
5006489,0
5006497,0
5006506,0
5006514,0
5006522,0
5006531,0
5006539,0
5006547,0
5006556,0
5006564,0
5006572,0
5006581,0
5006589,0
5006597,0
5006606,0
5006614,0
5006622,0
5006631,0
5006639,0
5006647,0
5006656,0
5006664,0
5006672,0
5006681,0
5006689,0
5006697,0
5006706,0
5006714,0
5006722,0
5006731,0
5006739,0
5006747,0
5006756,0
5006764,0
5006772,0
5006781,0
5006789,0
5006797,0
5006806,0
5006814,0
5006822,0
5006831,0
5006839,0
5006847,0
5006856,0
5006864,0
5006872,0
5006881,0
5006889,0
5006897,0
5006906,0
5006914,0
5006922,0
5006931,0
5006939,0
5006947,0
5006956,0
5006964,0
5006972,0
5006980,0
5006989,0
5006997,0
5007006,0
5007014,0
5007022,0
5007030,0
5007039,0
5007047,0
5007056,0
5007064,0
5007072,0
5007080,0
5007089,0
5007097,0
5007106,0
5007114,0
5007122,0
5007131,0
5007139,0
5007147,0
5007156,0
5007164,0
5007172,0
5007180,0
5007189,0
5007197,0
5007206,0
5007222,0
5007231,0
5007247,0
5007255,5
5007264,5
5007272,0
5007280,5
5007289,5
5007297,5
5007305,5
5007314,5
5007322,5
5007330,5
5007339,5
5007347,5
5007356,5
5007364,5
5007372,5
5007381,5
5007389,5
5007397,5
5007405,5
5007414,5
5007422,5
5007431,5
5007447,5
5007455,5
5007464,5
5007472,5
5007489,5
5007497,5
5007505,5
5007514,5
5007522,5
5007530,5
5007539,5
5007547,5
5007555,5
5007564,5
5007572,5
5007580,5
5007589,5
5007597,5
5007614,5
5007622,5
5007630,5
5007639,5
5007647,5
5007655,5
5007664,5
5007672,5
5007681,0
5007689,0
5007697,0
5007714,0
5007722,0
5007730,0
5007739,0
5007747,0
5007755,0
5007764,0
5007772,0
5007781,0
5007789,0
5007797,0
5007814,0
5007822,0
5007830,0
5007839,0
5007847,0
5007855,0
5007864,0
5007872,0
5007880,0
5007889,0
5007897,0
5007905,0
5007914,0
5007922,0
5007930,0
5007939,0
5007947,0
5007955,0
5007964,0
5007972,0
5007980,0
5007989,0
5007997,0
5008005,0
5008014,0
5008022,0
5008030,0
5008039,0
5008047,0
5008055,0
5008064,0
5008072,0
5008089,0
5008097,0
5008114,0
5008122,0
5008131,0
5008139,0
5008147,0
5008155,0
5008164,0
5008172,0
5008180,0
5008189,0
5008197,0
5008214,0
5008222,0
5008230,0
5008239,0
5008247,0
5008255,0
5008464,5
5008489,5
5008497,5
5008505,0
5008514,0
5008522,0
5008530,0
5008539,0
5008547,0
5008555,0
5008564,0
5008572,0
5008589,0
5008597,0
5008605,0
5008622,0
5008631,0
5008639,0
5008647,0
5008655,0
5008664,0
5008672,0
5008689,0
5008697,0
5008722,0
5008730,0
5008739,0
5008747,0
5008755,0
5008764,0
5008772,0
5008780,0
5008789,0
5008797,0
5008814,0
5008822,0
5008830,0
5008839,0
5008847,0
5008864,0
5008872,5
5008880,5
5008889,5
5008897,5
5008905,5
5008922,5
5008930,5
5008947,5
5008955,5
5008972,5
5008989,5
5008997,5
5009005,5
5009014,5
5009022,5
5009030,5
5009039,5
5009047,5
5009055,5
5009064,5
5009072,5
5009080,5
5009089,5
5009097,5
5009105,5
5009114,5
5009122,5
5009130,5
5009139,5
5009147,5
5009164,5
5009172,5
5009189,5
5009197,5
5009205,5
5009214,5
5009222,5
5009230,5
5009239,5
5009247,5
5009255,5
5009264,5
5009272,5
5009289,5
5009297,5
5009305,5
5009314,5
5009322,5
5009330,5
5009339,5
5009347,5
5009355,5
5009364,5
5009372,5
5009389,5
5009397,5
5009405,5
5009414,5
5009422,5
5009430,5
5009439,5
5009447,5
5009455,5
5009464,5
5009472,5
5009489,5
5009497,0
5009505,0
5009514,0
5009522,0
5009530,0
5009539,0
5009547,0
5009555,0
5009564,0
5009572,0
5009580,0
5009589,0
5009597,0
5009614,0
5009622,0
5009630,0
5009639,0
5009647,0
5009655,0
5009664,0
5009672,0
5009680,0
5009689,0
5009697,0
5009705,0
5009714,0
5009722,0
5009730,0
5009739,0
5009747,0
5009755,0
5009764,0
5009772,0
5009780,0
5009789,0
5009797,0
5009805,0
5009814,0
5009822,0
5009830,0
5009839,0
5009847,0
5009855,0
5009864,0
5009872,0
5009880,0
5009889,0
5009897,0
5009905,0
5009914,0
5009922,0
5009930,0
5009939,0
5010147,5
5010155,0
5010164,0
5010172,0
5010180,0
5010189,0
5010197,0
5010214,0
5010222,0
5010230,0
5010239,0
5010247,0
5010255,0
5010264,0
5010272,0
5010289,0
5010297,0
5010314,0
5010322,0
5010330,0
5010339,0
5010347,0
5010355,0
5010364,0
5010372,0
5010389,0
5010397,0
5010405,0
5010414,0
5010422,0
5010430,0
5010439,0
5010447,0
5010455,0
5010464,0
5010472,0
5010488,0
5010497,0
5010514,0
5010522,0
5010530,0
5010539,0
5010547,0
5010564,0
5010572,0
5010580,0
5010589,0
5010597,0
5010605,0
5010614,0
5010622,0
5010630,0
5010639,0
5010647,0
5010655,0
5010664,0
5010672,0
5010680,0
5010689,0
5010697,0
5010705,0
5010714,0
5010722,0
5010730,0
5010739,0
5010747,0
5010755,0
5010764,0
5010772,0
5010789,0
5010797,0
5010805,0
5010814,0
5010822,0
5010830,0
5010839,0
5010847,0
5010855,0
5010864,0
5010872,0
5010880,0
5010889,0
5010897,0
5010905,5
5011105,3
5011113,3
5011122,3
5011130,5
5011138,5
5011147,5
5011155,5
5011163,5
5011172,5
5011180,5
5011188,5
5011197,0
5011205,0
5011213,0
5011222,0
5011230,5
5011238,5
5011247,5
5011255,0
5011264,0
5011272,0
5011280,0
5011288,0
5011297,0
5011305,0
5011313,0
5011322,0
5011330,0
5011338,5
5011347,5
5011355,0
5011363,0
5011372,0
5011380,0
5011388,0
5011397,0
5011405,0
5011414,0
5011422,0
5011430,0
5011438,0
5011447,0
5011455,0
5011463,0
5011472,0
5011480,0
5011488,0
5011497,0
5011513,0
5011522,0
5011530,0
5011538,0
5011547,0
5011555,0
5011563,0
5011572,0
5011580,0
5011588,0
5011597,0
5011605,0
5011613,0
5011622,0
5011638,0
5011655,5
5011663,5
5011672,5
5011680,5
5011688,5
5011697,5
5011713,0
5011722,0
5011730,5
5011738,5
5011747,5
5011755,5
5011763,5
5011772,5
5011780,5
5011788,5
5011797,5
5011805,0
5011813,0
5011822,0
5011830,0
5011838,0
5011847,0
5011855,5
5011863,5
5011872,5
5011888,5
5011897,5
5011905,0
5011913,0
5011922,0
5011930,0
5011938,0
5011947,0
5011955,0
5011963,5
5011972,5
5011980,5
5011989,5
5011997,5
5012005,5
5012013,0
5012022,0
5012030,0
5012038,0
5012047,0
5012055,0
5012063,0
5012072,0
5012088,0
5012097,0
5012105,0
5012113,0
5012122,0
5012130,0
5012138,0
5012147,0
5012155,5
5012164,5
5012172,5
5012180,5
5012188,5
5012197,5
5012205,0
5012213,0
5012222,0
5012230,5
5012238,5
5012247,5
5012255,0
5012263,0
5012272,0
5012288,0
5012297,0
5012305,0
5012313,0
5012322,0
5012330,5
5012338,5
5012355,5
5012363,5
5012372,0
5012388,0
5012397,0
5012405,0
5012413,0
5012422,0
5012430,0
5012438,0
5012447,0
5012455,0
5012463,0
5012472,0
5012488,0
5012497,0
5012505,0
5012513,0
5012522,0
5012530,0
5012538,0
5012547,0
5012555,0
5012563,0
5012572,0
5012580,0
5012588,0
5012597,0
5012605,0
5012613,0
5012622,0
5012630,0
5012638,0
5012805,5
5012813,5
5012822,5
5012830,5
5012838,5
5012847,0
5012855,0
5012863,0
5012872,0
5012880,0
5012888,0
5012897,0
5012905,0
5012913,0
5012922,0
5012938,0
5012947,0
5012955,0
5012963,0
5012972,0
5012980,0
5012988,0
5012997,0
5013013,0
5013022,0
5013030,0
5013038,0
5013047,0
5013055,0
5013063,0
5013072,0
5013080,0
5013088,0
5013097,0
5013105,0
5013113,0
5013122,0
5013130,0
5013138,0
5013147,0
5013155,0
5013163,0
5013188,0
5013197,0
5013205,0
5013213,0
5013222,0
5013230,0
5013238,0
5013247,0
5013255,0
5013263,0
5013272,0
5013280,0
5013288,0
5013297,0
5013305,0
5013313,0
5013322,0
5013330,0
5013338,0
5013347,0
5013355,0
5013363,0
5013372,0
5013380,0
5013388,0
5013397,0
5013405,0
5013413,0
5013422,0
5013430,0
5013438,0
5013630,5
5013638,5
5013663,5
5013672,5
5013688,5
5013697,5
5013705,5
5013730,5
5013738,5
5013747,5
5013763,5
5013772,5
5013780,0
5013788,0
5013797,0
5013805,0
5013822,0
5013830,0
5013838,0
5013855,0
5013863,0
5013872,0
5013897,0
5013905,0
5013922,0
5013930,0
5013938,0
5013947,0
5013963,0
5013972,5
5013988,5
5013997,0
5014005,0
5014013,0
5014022,5
5014030,5
5014038,5
5014047,0
5014055,0
5014063,0
5014072,0
5014080,0
5014088,0
5014097,0
5014105,0
5014122,0
5014130,0
5014138,0
5014147,0
5014155,0
5014163,0
5014172,0
5014180,0
5014188,0
5014197,0
5014205,0
5014213,0
5014222,0
5014230,0
5014238,0
5014247,0
5014255,0
5014263,0
5014272,0
5014280,0
5014288,0
5014297,0
5014305,0
5014313,0
5014322,0
5014330,0
5014338,0
5014347,0
5014355,0
5014363,0
5014372,0
5014380,0
5014388,0
5014397,0
5014405,0
5014413,0
5014422,0
5014430,0
5014438,0
5014446,0
5014455,0
5014463,0
5014472,0
5014480,0
5014488,0
5014497,0
5014505,0
5014513,0
5014530,0
5014538,0
5014563,0
5014572,5
5014580,5
5014588,5
5014597,5
5014605,5
5014613,5
5014630,5
5014638,5
5014646,5
5014655,5
5014663,5
5014672,5
5014680,5
5014688,5
5014697,5
5014705,5
5014713,5
5014730,5
5014738,5
5014755,5
5014763,5
5014772,5
5014780,5
5014788,5
5014797,5
5014805,5
5014813,5
5014830,5
5014838,5
5014855,5
5014863,5
5014872,5
5014880,5
5014888,0
5014896,0
5014905,0
5014913,0
5014921,0
5014930,0
5014938,0
5014947,0
5014955,0
5014963,0
5014972,0
5014980,0
5014988,0
5014997,0
5015005,0
5015013,0
5015021,0
5015030,0
5015038,0
5015046,0
5015055,0
5015080,0
5015088,0
5015096,0
5015105,0
5015113,0
5015121,0
5015130,0
5015138,0
5015147,0
5015155,0
5015163,0
5015172,0
5015180,0
5015188,0
5015197,0
5015205,0
5015213,0
5015221,0
5015230,0
5015238,0
5015246,0
5015255,0
5015263,0
5015271,0
5015280,0
5015288,0
5015296,0
5015305,0
5015313,0
5015321,0
5015330,0
5015338,0
5015346,0
5015355,0
5015363,0
5015371,0
5015380,0
5015388,0
5015397,0
5015405,0
5015413,0
5015422,0
5015430,0
5015438,0
5015446,0
5015455,0
5015463,0
5015471,0
5015480,0
5015488,0
5015496,0
5015505,0
5015513,0
5015522,0
5015530,0
5015538,0
5015546,0
5015563,0
5015571,0
5015588,0
5015596,0
5015605,0
5015613,0
5015621,0
5015630,0
5015638,0
5015646,0
5015655,0
5015663,0
5015671,0
5015680,0
5015688,0
5015696,0
5015705,0
5015713,0
5015721,0
5015730,0
5015738,0
5015746,0
5015763,0
5015771,0
5015780,0
5015796,0
5015805,0
5015813,5
5016005,0
5016013,0
5016021,0
5016030,0
5016038,0
5016046,0
5016055,0
5016063,0
5016071,0
5016080,0
5016088,5
5016096,5
5016105,0
5016121,0
5016130,0
5016138,0
5016146,0
5016163,0
5016171,0
5016188,0
5016196,0
5016205,5
5016213,0
5016221,0
5016238,0
5016246,0
5016255,0
5016263,0
5016271,0
5016280,0
5016288,0
5016296,0
5016305,0
5016313,0
5016321,0
5016530,5
5016546,5
5016555,5
5016563,5
5016571,0
5016580,0
5016588,0
5016596,5
5016605,5
5016613,5
5016621,0
5016630,0
5016638,0
5016646,0
5016663,5
5016671,5
5016680,5
5016688,5
5016696,5
5016705,5
5016713,5
5016721,5
5016730,0
5016738,0
5016746,0
5016755,0
5016763,0
5016771,5
5016780,5
5016788,5
5016796,5
5016805,0
5016813,0
5016821,0
5016830,0
5016838,0
5016846,0
5016855,0
5016863,0
5016871,0
5016880,5
5016888,5
5016896,0
5016913,0
5016921,0
5016930,0
5016938,0
5016946,0
5016955,0
5016963,0
5016971,0
5016980,0
5016988,0
5016996,0
5017005,0
5017013,0
5017021,0
5017030,0
5017038,0
5017046,0
5017055,0
5017063,0
5017071,0
5017080,0
5017088,0
5017096,0
5017105,0
5017113,0
5017121,0
5017130,0
5017138,0
5017146,0
5017155,0
5017163,0
5017171,0
5017180,0
5017188,0
5017196,0
5017205,0
5017213,0
5017221,0
5017230,0
5017238,0
5017246,0
5017255,0
5017263,0
5017271,0
5017280,0
5017288,0
5017296,0
5017313,0
5017321,0
5017330,0
5017338,0
5017346,0
5017363,0
5017371,0
5017380,0
5017388,0
5017396,0
5017405,0
5017413,0
5017421,0
5017430,0
5017438,0
5017446,0
5017463,0
5017471,0
5017480,0
5017488,5
5017496,0
5017505,0
5017521,0
5017530,0
5017538,0
5017546,0
5017555,0
5017563,0
5017571,0
5017588,0
5017596,0
5017605,0
5017613,0
5017863,0
5017871,0
5017880,0
5017888,0
5017896,0
5017905,0
5017913,0
5017921,0
5017930,0
5017938,0
5017946,0
5017955,0
5017963,0
5017971,0
5017980,0
5017988,0
5017996,0
5018005,0
5018030,0
5018038,0
5018055,0
5018063,5
5018071,5
5018079,5
5018096,5
5018105,5
5018113,5
5018130,5
5018138,5
5018155,5
5018163,5
5018171,5
5018188,5
5018196,5
5018205,5
5018213,5
5018230,5
5018238,5
5018263,5
5018271,5
5018296,5
5018304,5
5018330,5
5018338,5
5018363,5
5018371,5
5018380,5
5018388,5
5018396,5
5018404,5
5018413,5
5018430,5
5018438,0
5018455,0
5018463,0
5018471,0
5018480,0
5018496,0
5018505,5
5018529,0
5018538,0
5018555,0
5018563,0
5018571,0
5018580,0
5018588,0
5018596,0
5018605,0
5018630,0
5018638,0
5018654,0
5018663,5
5018679,5
5018688,5
5018704,5
5018729,0
5018738,0
5018755,0
5018763,0
5018780,0
5018788,0
5018805,0
5018813,0
5018829,0
5018838,0
5018854,0
5018863,0
5018879,0
5018888,0
5018904,0
5018913,5
5018929,5
5018938,5
5018963,5
5018988,5
5019004,5
5019013,5
5019030,0
5019038,0
5019046,0
5019238,5
5019246,3
5019263,0
5019271,0
5019279,0
5019288,0
5019296,0
5019304,0
5019313,0
5019321,0
5019330,0
5019338,0
5019346,0
5019354,0
5019363,0
5019371,0
5019379,0
5019388,0
5019396,0
5019404,0
5019413,0
5019421,0
5019429,0
5019438,0
5019446,0
5019454,0
5019463,0
5019471,0
5019479,0
5019488,0
5019496,0
5019504,0
5019513,0
5019521,0
5019529,0
5019538,0
5019546,0
5019554,0
5019563,0
5019571,0
5019579,0
5019588,0
5019596,0
5019604,0
5019613,0
5019621,0
5019629,0
5019638,0
5019646,0
5019654,0
5019663,0
5019671,0
5019679,0
5019688,0
5019696,0
5019704,0
5019713,0
5019721,0
5019729,0
5019738,0
5019746,0
5019754,0
5019763,0
5019771,0
5019779,0
5019788,0
5019796,0
5019804,0
5019813,0
5019821,0
5019829,0
5019838,0
5019846,0
5019854,0
5019863,0
5019871,0
5019879,0
5019888,0
5019896,0
5019904,0
5019913,0
5019921,0
5019929,0
5019938,0
5019946,0
5019954,0
5019963,0
5019971,0
5019979,0
5019988,0
5019996,0
5020004,0
5020013,0
5020021,0
5020029,0
5020038,0
5020046,0
5020054,0
5020063,0
5020071,0
5020079,0
5020088,0
5020096,0
5020104,0
5020113,0
5020121,0
5020129,0
5020138,0
5020146,0
5020154,0
5020163,0
5020171,0
5020179,0
5020188,0
5020196,0
5020204,0
5020438,0
5020446,5
5020454,5
5020463,5
5020471,5
5020479,5
5020488,0
5020496,0
5020504,0
5020513,0
5020521,0
5020529,0
5020538,0
5020546,0
5020554,0
5020563,0
5020571,0
5020579,0
5020588,0
5020596,0
5020604,0
5020613,0
5020621,0
5020629,5
5020638,5
5020646,5
5020654,0
5020663,0
5020671,0
5020679,0
5020688,0
5020696,0
5020704,0
5020713,0
5020721,0
5020729,0
5020738,0
5020746,0
5020754,0
5020763,0
5020771,0
5020779,0
5020788,0
5020796,0
5020804,0
5020813,0
5020821,0
5020829,0
5020838,0
5020846,0
5020854,0
5020863,0
5020871,0
5020888,0
5020896,0
5020905,0
5020913,0
5020921,0
5020929,0
5020938,0
5020946,0
5020954,5
5020963,5
5020971,5
5020979,0
5020988,0
5020996,0
5021004,0
5021013,0
5021021,0
5021029,0
5021038,0
5021046,0
5021054,0
5021063,0
5021071,0
5021088,0
5021096,0
5021104,0
5021113,0
5021121,0
5021129,5
5021138,1
5021146,1
5021154,5
5021163,5
5021171,1
5021179,1
5021188,1
5021196,1
5021204,1
5021213,1
5021229,1
5021238,1
5021246,1
5021254,1
5021263,1
5021271,1
5021279,1
5021288,1
5021296,1
5021304,1
5021313,1
5021321,1
5021329,1
5021338,1
5021346,1
5021354,1
5021363,1
5021371,1
5021379,1
5021388,5
5021396,1
5021404,1
5021413,2
5021421,2
5021429,2
5021438,1
5021446,1
5021454,1
5021463,1
5021471,1
5021479,1
5021488,1
5021496,1
5021504,1
5021513,1
5021521,1
5021529,1
5021538,1
5021546,1
5021554,5
5021563,1
5021571,1
5021579,1
5021588,1
5021596,1
5021604,1
5021613,1
5021621,5
5021629,5
5021638,1
5021646,1
5021654,1
5021663,1
5021671,1
5021679,1
5021688,3
5021696,2
5021704,2
5021713,2
5021721,2
5021729,2
5021738,2
5021746,2
5021754,1
5021763,2
5021771,3
5021779,2
5021788,2
5021796,3
5021804,2
5021813,2
5021821,3
5021829,3
5021838,2
5021846,2
5021854,1
5021863,3
5021871,2
5021879,2
5022113,5
5022121,5
5022129,5
5022138,5
5022146,0
5022154,5
5022163,5
5022171,5
5022179,0
5022187,0
5022196,5
5022204,5
5022212,5
5022229,5
5022238,5
5022254,5
5022263,5
5022271,0
5022288,0
5022296,0
5022304,0
5022312,0
5022329,0
5022338,5
5022362,5
5022371,5
5022379,5
5022387,5
5022396,5
5022404,5
5022412,0
5022429,5
5022437,5
5022454,5
5022463,5
5022471,5
5022479,0
5022488,0
5022496,0
5022504,0
5022512,0
5022529,5
5022538,5
5022554,5
5022563,5
5022571,5
5022587,5
5022596,5
5022604,5
5022629,5
5022637,5
5022654,5
5022662,5
5022671,5
5022679,5
5022688,5
5022696,5
5022704,5
5022729,5
5022737,5
5022771,5
5022779,5
5022796,5
5022804,5
5022812,5
5022829,5
5022838,5
5022854,0
5022862,0
5022871,0
5022879,0
5022887,0
5022896,0
5022904,0
5022913,0
5022921,0
5022929,0
5022937,0
5022954,0
5022963,0
5022971,0
5022979,0
5022987,0
5022996,0
5023004,0
5023012,0
5023021,0
5023029,0
5023038,5
5023287,5
5023296,0
5023304,0
5023313,0
5023321,0
5023329,0
5023337,0
5023346,0
5023362,0
5023371,0
5023387,0
5023396,0
5023404,0
5023412,0
5023421,0
5023429,0
5023437,0
5023446,0
5023454,0
5023462,0
5023471,0
5023479,0
5023487,0
5023496,0
5023504,0
5023512,0
5023521,0
5023537,0
5023804,5
5023812,5
5023821,0
5023829,0
5023837,0
5023846,0
5023854,0
5023862,0
5023871,0
5023879,5
5023887,5
5023896,5
5023904,5
5023912,5
5023921,5
5023929,5
5023937,5
5023946,5
5023954,5
5023963,0
5023971,0
5023987,0
5023996,5
5024004,5
5024012,0
5024021,0
5024029,0
5024038,0
5024046,0
5024071,0
5024087,0
5024096,0
5024104,0
5024112,0
5024121,0
5024129,5
5024137,0
5024146,0
5024162,0
5024171,0
5024179,0
5024187,0
5024196,0
5024204,0
5024212,0
5024221,0
5024229,0
5024237,0
5024246,0
5024254,0
5024262,0
5024271,0
5024279,0
5024287,0
5024296,0
5024304,0
5024312,5
5024329,5
5024337,5
5024354,5
5024362,5
5024371,5
5024379,5
5024387,5
5024396,5
5024404,5
5024412,5
5024429,5
5024437,6
5024462,5
5024471,5
5024487,6
5024496,6
5024504,6
5024512,5
5024521,5
5024529,6
5024537,6
5024554,5
5024562,6
5024571,6
5024587,6
5024596,6
5024604,6
5024612,5
5024621,5
5024629,5
5024637,5
5024654,5
5024662,6
5024671,6
5024679,5
5024687,5
5024696,5
5024704,5
5024712,5
5024721,5
5024729,5
5024737,5
5024746,5
5024762,5
5024771,5
5024796,5
5024829,5
5024837,5
5024846,5
5024871,5
5024879,5
5024896,5
5024904,5
5024921,5
5024929,5
5024946,5
5024962,5
5024971,5
5024979,5
5025154,5
5025171,4
5025196,4
5025212,5
5025221,5
5025229,5
5025237,5
5025246,5
5025254,5
5025262,5
5025271,0
5025279,0
5025287,0
5025296,0
5025304,0
5025312,0
5025321,0
5025329,0
5025337,0
5025346,0
5025354,0
5025362,0
5025371,0
5025379,0
5025387,0
5025396,0
5025404,0
5025412,0
5025421,0
5025429,0
5025437,0
5025446,0
5025454,0
5025462,0
5025471,0
5025487,0
5025496,0
5025504,0
5025512,0
5025521,0
5025529,0
5025537,0
5025546,5
5025554,0
5025938,0
5025963,0
5025979,0
5025988,0
5026013,0
5026038,0
5026063,0
5026079,0
5026088,0
5026113,0
5026138,0
5026154,0
5026163,0
5026179,0
5026188,0
5026205,0
5026213,0
5026238,0
5026254,0
5026263,0
5026288,0
5026313,0
5026354,0
5026363,0
5026388,0
5026404,0
5026413,0
5026438,0
5026455,0
5026463,0
5026479,0
5026488,0
5026513,0
5026538,0
5026554,0
5026563,0
5026588,0
5026613,0
5026638,0
5026654,0
5026663,0
5026679,0
5026688,0
5026713,0
5026738,0
5026754,0
5026788,0
5026813,0
5026838,0
5027018,0
5027026,5
5027034,0
5027043,0
5027051,0
5027068,0
5027076,0
5027084,0
5027101,0
5027309,4
5027326,4
5027335,4
5027343,4
5027351,4
5027359,4
5027368,4
5027409,2
5027418,5
5027434,3
5027443,3
5027451,3
5027459,3
5027468,3
5027476,3
5027484,2
5027493,2
5027501,5
5027509,2
5027518,2
5027526,3
5027534,3
5027543,3
5027551,2
5027559,2
5027568,3
5027576,3
5027584,2
5027593,2
5027601,2
5027609,2
5027618,2
5027626,2
5027634,3
5027643,2
5027651,1
5027659,1
5027668,1
5027676,1
5027684,5
5027693,5
5027701,5
5027709,1
5027718,5
5027726,5
5027734,5
5027743,1
5027751,1
5027759,1
5027768,1
5027776,5
5027784,5
5027793,1
5027801,5
5027809,1
5027818,1
5027826,1
5027834,1
5027843,1
5027851,1
5027859,1
5027868,1
5027876,1
5027884,5
5027893,1
5027901,5
5027909,1
5027918,1
5027926,1
5027934,1
5027943,1
5027951,1
5027959,1
5027968,1
5027976,1
5027984,5
5027993,5
5028089,5
5028105,5
5028114,5
5028122,5
5028130,5
5028139,5
5028147,5
5028164,5
5028172,5
5028180,0
5028189,0
5028197,5
5028205,5
5028214,5
5028222,5
5028230,5
5028239,5
5028247,5
5028255,5
5028264,5
5028272,0
5028280,0
5028289,0
5028297,0
5028305,0
5028314,5
5028322,5
5028330,5
5028339,5
5028347,5
5028355,5
5028364,5
5028372,5
5028380,5
5028389,1
5028397,1
5028405,1
5028414,1
5028422,1
5028430,1
5028439,1
5028447,1
5028455,3
5028464,2
5028472,2
5028480,2
5028489,2
5028497,2
5028505,1
5028514,2
5028522,2
5028530,3
5028539,1
5028547,1
5028564,1
5028572,1
5028580,1
5028589,1
5028597,2
5028605,2
5028614,1
5028622,1
5028630,1
5028639,1
5028647,1
5028655,1
5028664,1
5028672,1
5028689,1
5028697,5
5028705,2
5028714,1
5028722,1
5028730,1
5028739,1
5028747,1
5028755,1
5028764,1
5028772,1
5028780,1
5028789,1
5028797,2
5028805,2
5028814,1
5028822,1
5028830,1
5028839,2
5028847,2
5028855,1
5028864,1
5028872,1
5028880,1
5028889,1
5028897,1
5028905,1
5028914,1
5028922,2
5028930,1
5028939,1
5028947,1
5028955,1
5028964,1
5028972,1
5028980,1
5028989,1
5028997,1
5029005,1
5029014,1
5029022,2
5029030,2
5029039,1
5029047,1
5029055,1
5029064,1
5029072,1
5029080,1
5029089,1
5029322,5
5029330,5
5029347,2
5029364,2
5029372,3
5029389,3
5029397,2
5029405,2
5029414,4
5029430,2
5029439,2
5029464,4
5029472,3
5029480,1
5029489,3
5029497,3
5029505,1
5029514,1
5029530,1
5029539,1
5029547,1
5029564,1
5029589,1
5029597,1
5029605,1
5029614,1
5029622,2
5029630,2
5029639,1
5029647,1
5029655,1
5029664,1
5029672,1
5029680,1
5029689,1
5029697,1
5029705,1
5029714,1
5029722,1
5029730,1
5029739,1
5029747,2
5029755,1
5029764,1
5029772,1
5029780,1
5029789,1
5029797,1
5029805,1
5029814,1
5029822,2
5029830,1
5029839,1
5029847,1
5029855,1
5029864,1
5029872,1
5029880,1
5029889,1
5029897,1
5029905,1
5029914,1
5029922,5
5029930,1
5029939,1
5029947,1
5029955,5
5029964,5
5029972,5
5029980,5
5029989,5
5029997,1
5030005,1
5030014,1
5030022,1
5030030,1
5030039,1
5030047,1
5030055,5
5030064,5
5030072,1
5030080,1
5030089,1
5030097,1
5030105,1
5030114,1
5030122,1
5030130,1
5030139,1
5030147,1
5030155,1
5030164,1
5030172,5
5030180,2
5030189,5
5030197,2
5030205,2
5030214,2
5030230,2
5030239,3
5030247,4
5030255,2
5030264,3
5030272,3
5030280,3
5030288,5
5030297,5
5030305,2
5030314,2
5030322,3
5030330,3
5030338,3
5030347,2
5030355,2
5030364,3
5030372,4
5030380,4
5030389,3
5030397,3
5030405,3
5030422,3
5030655,5
5030663,1
5030672,2
5030689,5
5030697,5
5030705,5
5030714,1
5030730,5
5030738,5
