5020420,2
5020428,3
5020445,3
5020453,3
5020470,3
5020478,3
5020495,3
5020503,3
5020520,3
5020528,3
5020545,3
5020553,3
5020570,3
5020578,2
5020595,2
5020603,3
5020620,3
5020628,3
5020645,3
5020653,3
5020670,3
5020678,3
5020695,3
5020703,3
5020720,3
5020728,2
5020745,2
5020753,3
5020770,3
5020778,3
5020795,3
5020803,3
5020820,3
5020828,3
5020845,3
5020853,3
5020870,3
5020878,3
5020895,3
5020903,3
5020920,3
5020928,3
5020945,2
5020953,2
5020970,3
5020978,3
5020995,3
5021003,3
5021020,3
5021028,3
5021045,3
5021053,3
5021070,3
5021078,3
5021095,3
5021103,3
5021120,3
5021128,3
5021145,2
5021153,2
5021170,2
5021178,2
5021195,2
5021203,2
5021220,2
5021228,2
5021245,2
5021253,2
5021270,5
5021278,5
5021295,1
5021303,1
5021320,2
5021328,2
5021345,2
5021353,2
5021370,2
5021378,2
5021395,2
5021420,2
5021429,2
5021445,2
5021453,2
5021470,2
5021478,2
5021495,5
5021520,2
5021720,3
5021745,2
5021753,2
5021770,2
5021779,2
5021795,2
5021803,2
5021820,2
5021828,2
5021845,2
5021853,5
5021870,5
5021878,5
5021895,5
5021903,5
5021920,5
5021928,5
5021945,5
5021953,5
5021970,5
5021978,5
5021995,5
5022003,5
5022020,5
5022028,5
5022045,5
5022053,5
5022070,5
5022078,5
5022095,5
5022103,5
5022120,5
5022145,5
5022170,5
5022179,5
5022195,5
5022204,5
5022220,5
5022228,5
5022245,5
5022253,5
5022270,5
5022278,5
5022295,5
5022303,5
5022320,5
5022328,5
5022345,5
5022353,5
5022370,5
5022378,5
5022395,5
5022403,5
5022420,5
5022445,5
5022453,5
5022470,5
5022478,5
5022495,5
5022520,5
5022545,5
5022553,5
5022570,5
5022595,5
5022603,5
5022620,5
5022629,5
5022645,5
5022653,5
5022670,5
5022695,5
5022703,5
5022720,5
5022895,5
5022920,5
5022945,5
5022970,5
5022995,5
5023020,5
5023028,5
5023045,5
5023053,5
5023070,5
5023095,0
5023103,5
5023120,5
5023128,5
5023145,0
5023154,0
5023170,0
5023178,5
5023195,0
5023203,0
5023220,0
5023228,5
5023245,5
5023253,5
5023270,5
5023278,5
5023295,5
5023303,5
5023320,5
5023328,5
5023345,0
5023353,0
5023370,0
5023378,0
5023395,0
5023403,5
5023420,5
5023428,5
5023445,5
5023453,5
5023470,5
5023478,5
5023495,5
5023503,5
5023520,5
5023528,5
5023545,5
5023553,5
5023570,1
5023578,2
5023595,2
5023603,2
5023620,2
5023628,2
5023645,2
5023653,2
5023670,2
5023678,2
5023695,2
5023703,2
5023720,2
5023728,2
5023745,1
5023753,1
5023770,2
5023778,2
5023795,2
5023803,2
5023820,2
5023828,2
5023845,2
5023853,2
5023861,2
5023870,1
5023878,1
5023895,1
5023903,1
5023920,1
5023928,1
5023945,1
5023954,1
5023970,1
5023978,1
5023995,5
5024020,5
5024028,5
5024045,5
5024053,5
5024070,5
5024078,5
5024095,5
5024103,5
5024120,5
5024128,5
5024145,5
5024153,5
5024170,5
5024178,5
5024195,5
5024203,5
5024220,5
5024228,5
5024245,5
5024253,5
5024270,5
5024278,5
5024295,5
5024320,5
5024328,5
5024345,5
5024353,5
5024370,5
5024378,5
5024395,5
5024403,5
5024420,5
5024428,5
5024445,5
5024453,5
5024470,5
5024478,5
5024495,5
5024503,5
5024520,5
5024528,5
5024545,5
5024553,5
5024570,5
5024578,5
5024595,5
5024603,5
5024620,5
5024628,5
5024653,5
5024670,5
5024695,5
5024720,5
5024745,5
5024770,5
5024795,5
5024820,5
5024828,5
5024845,5
5024853,5
5024870,5
5024878,5
5024895,5
5024903,5
5025133,5
5025158,5
5025167,5
5025183,5
5025192,5
5025208,5
5025217,5
5025233,5
5025241,5
5025258,5
5025267,5
5025283,5
5025291,5
5025308,5
5025316,5
5025333,5
5025341,5
5025358,5
5025367,5
5025384,5
5025391,5
5025408,5
5025416,5
5025433,5
5025441,5
5025458,5
5025466,5
5025483,5
5025491,5
5025508,5
5025516,5
5025533,5
5025541,5
5025558,5
5025566,5
5025583,5
5025591,5
5025608,5
5025616,5
5025633,5
5025641,5
5025658,5
5025666,5
5025683,0
5025691,0
5025708,0
5025716,0
5025733,0
5025758,0
5025766,5
5025783,5
5025791,5
5025808,5
5025816,5
5025833,5
5025841,5
5025858,5
5025866,5
5025883,5
5025891,5
5025908,5
5025916,5
5025933,5
5025958,5
5025983,5
5026008,5
5026058,5
5026083,5
5026108,5
5026133,5
5026141,5
5026158,5
5026166,5
5026183,5
5026191,5
5026208,5
5026216,5
5026233,5
5026258,5
5026266,5
5026283,5
5026291,5
5026308,5
5026316,5
5026333,5
5026358,5
5026366,5
5026383,5
5026391,5
5026408,5
5026416,5
5026433,5
5026441,5
5026458,5
5026466,5
5026483,5
5026491,5
5026508,5
5026516,5
5026533,5
5026541,5
5026558,5
5026566,5
5026583,5
5026591,5
5026608,5
5026617,5
5026633,5
5026641,5
5026658,5
5026666,5
5026683,5
5026692,5
5026708,5
5026716,5
5026733,5
5026741,5
5026758,5
5026766,5
5026783,5
5026791,5
5026808,5
5026816,5
5026833,5
5026841,5
5026858,5
5026866,5
5026883,5
5026891,5
5026908,5
5026916,5
5026933,5
5026941,5
5026958,5
5026966,5
5026983,5
5026991,5
5027008,5
5027016,5
5027033,5
5027058,5
5027066,5
5027083,5
5027091,5
5027108,5
5027116,5
5027133,5
5027141,5
5027158,5
5027166,5
5027183,5
5027191,5
5027208,5
5027217,5
5027233,5
5027241,5
5027258,5
5027266,5
5027283,5
5027291,5
5027308,5
5027316,5
5027333,5
5027358,5
5028221,5
5028246,5
5028271,5
5028279,5
5028296,5
5028321,5
5028329,5
5028346,5
5028354,5
5028371,5
5028379,5
5028396,5
5028404,5
5028421,5
5028429,5
5028446,5
5028454,5
5028471,5
5028496,0
5028521,0
5028529,0
5028546,0
5028554,0
5028571,0
5028579,0
5028596,0
5028604,0
5028621,0
5028629,0
5028646,0
5028655,0
5028671,0
5028679,5
5028696,5
5028704,5
5028721,5
5028729,5
5028746,5
5028754,5
5028771,5
5028779,5
5028796,5
5028804,5
5028821,5
5028829,5
5028846,5
5028854,5
5028871,5
5028879,5
5028896,5
5028904,5
5028921,5
5028929,5
5028946,5
5028954,5
5028971,5
5028979,5
5028996,5
5029004,5
5029021,5
5029029,5
5029046,5
5029054,5
5029071,5
5029079,5
5029096,5
5029104,5
5029121,5
5029129,5
5029146,5
5029154,5
5029171,5
5029179,5
5029196,5
5029204,5
5029221,5
5029229,5
5029246,5
5029254,5
5029271,5
5029279,5
5029296,5
5029304,5
5029321,5
5029329,5
5029346,5
5029354,5
5029371,5
5029379,5
5029396,5
5029404,5
5029421,5
5029429,5
5029446,5
5029454,5
5029471,5
5029479,5
5029496,5
5029504,5
5029521,5
5029529,5
5029546,5
5029554,5
5029571,5
5029579,5
5029596,5
5029604,5
5029621,5
5029629,5
5029646,5
5029654,5
5029671,5
5029696,5
5029704,5
5029721,5
5029729,5
5029746,5
5029754,5
5029771,5
5029779,5
5029796,5
5029804,5
5029821,5
5029829,5
5029846,5
5029854,5
5029871,5
5029879,5
5029896,5
5029904,5
5029921,5
5029929,5
5029946,5
5029954,5
5029971,5
5029979,5
5029996,5
5030004,5
5030021,5
5030029,5
5030046,5
5030054,5
5030071,5
5030079,5
5030096,5
5030104,5
5030121,5
5030129,5
5030146,5
5030154,5
5030171,5
5030196,5
5030221,5
5030229,5
5030246,5
5030271,5
5030279,5
5030296,5
5030321,5
5030329,5
5030346,5
5030354,5
5030371,5
5030379,5
5030396,5
5030404,5
5030421,5
5030429,5
5030446,5
5030454,5
5030471,5
5030479,5
5030496,5
5030504,5
5030521,5
5030529,5
5030537,5
5030546,5
5030554,5
5030571,5
5030579,5
5030596,5
5030604,5
5030621,5
5030629,5
5030646,5
5030654,5
5030671,5
5030696,5
5030704,5
5030721,5
5030729,5
5030746,5
5030771,5
5030796,5
5030804,5
5030821,5
5030829,5
5030846,5
5030854,5
5030871,5
5030896,5
5030904,5
5030921,5
5030929,5
5030946,5
5030954,5
5030971,5
5030979,5
5030996,5
5031004,5
5031021,5
5031029,5
5031046,5
5031071,5
5031079,5
5031096,5
5031104,5
5031121,5
5031146,3
5031154,2
5031171,5
5031196,5
5031246,5
5031271,5
5031296,5
5031321,5
5031446,2
5031454,1
5031471,5
5031479,5
5031496,5
5031504,5
5031546,5
5031571,5
5031596,5
5031621,5
5031646,5
5031696,5
5031721,5
5031729,5
5031746,5
5031771,5
5031796,5
5031821,5
5031846,5
5031871,5
5031896,5
5031921,5
5031946,5
5031954,5
5031971,5
5031979,5
5031996,5
5032004,5
5032021,5
5032046,5
5032054,5
5032071,5
5032079,5
5032096,5
5032104,5
5032121,5
5032154,5
5032221,5
5032246,5
5032254,5
5032271,5
5032279,5
5032296,5
5032304,5
5032321,5
5032329,5
5032354,5
5032371,5
5032379,5
5032404,5
5032429,5
5032454,5
5032479,5
5032617,5
5032625,5
5032642,5
5032650,5
5032667,5
5032675,5
5032692,5
5032700,5
5032717,5
5032750,5
5032775,5
5032800,5
5032825,5
5032867,5
5032875,5
5032892,5
5032900,5
5032917,5
5032925,5
5032942,5
5032950,5
5032967,5
5032992,5
5033017,5
5033067,5
5033092,5
5033100,5
5033117,5
5033125,5
5033142,5
5033367,1
5033392,1
5033417,1
5033425,2
5033442,1
5033450,1
5033467,1
5033475,1
5033492,1
5033500,1
5033517,1
5033525,1
5033542,5
5033550,5
5033567,5
5033592,5
5033600,5
5033617,5
5033625,5
5033642,5
5033650,5
5033667,5
5033675,5
5033692,5
5033700,5
5033717,5
5033725,5
5033742,5
5033750,5
5033767,5
5033775,5
5033792,5
5033800,5
5033817,5
5033825,5
5033842,5
5033850,5
5033867,5
5033875,5
5033892,5
5033900,5
5033917,5
5033925,5
5033942,5
5033950,5
5033967,5
5033992,5
5034000,5
5034017,5
5034025,5
5034042,5
5034050,5
5034067,5
5034075,5
5034092,5
5034100,5
5034117,5
5034125,5
5034142,5
5034167,5
5034175,5
5034192,5
5034200,5
5034217,5
5034225,5
5034242,5
5034250,5
5034275,5
5034300,5
5034325,5
5034342,5
5034350,5
5034517,5
5034525,5
5034542,5
5034550,5
5034567,5
5034575,5
5034592,5
5034600,5
5034617,5
5034625,5
5034642,5
5034650,5
5034667,5
5034675,5
5034692,5
5034700,5
5034717,5
5034725,5
5034742,5
5034750,5
5034767,5
5034775,5
5034792,5
5034800,5
5034817,5
5034825,5
5034850,5
5034875,5
5034900,5
5034925,5
5035167,5
5035175,5
5035192,5
5035200,5
5035217,5
5035225,5
5035242,5
5035250,5
5035267,5
5035275,5
5035292,5
5035300,5
5035317,5
5035325,5
5035350,5
5035455,5
5035463,5
5035480,5
5035488,5
5035505,5
5035555,5
5035563,5
5035580,5
5035588,5
5035605,5
5035613,5
5035630,5
5035638,5
5035655,5
5035663,5
5035680,5
5035688,5
5035705,5
5035713,5
5035730,5
5035738,5
5035755,5
5035763,5
5035780,5
5035788,5
5035805,5
5035830,5
5035838,5
5035855,5
5035863,5
5035888,5
5035905,5
5035913,5
5035930,5
5035938,5
5035955,5
5035963,5
5035980,5
5035988,5
5036005,5
5036013,5
5036030,1
5036038,5
5036380,5
5036463,5
5036480,5
5036488,5
5036513,5
5036538,5
5036563,5
5036588,5
5036705,5
5036830,5
5036888,5
5036913,5
5037305,5
5037330,5
5037338,5
5037355,5
5037363,5
5037380,5
5037388,5
5037405,5
5037413,5
5037430,5
5037438,5
5037455,5
5037480,5
5037505,5
5037530,5
5037538,1
5037555,1
5037580,5
5037605,5
5037630,5
5037663,5
5037688,5
5037713,5
5038105,5
5038113,5
5038130,5
5038155,5
5038163,5
5038180,5
5038205,5
5038230,5
5038238,5
5038255,5
5038263,5
5038280,5
5038288,5
5038305,5
5038313,5
5038330,5
5038338,5
5038355,5
5038363,5
5038380,5
5038388,5
5038413,5
5038438,5
5038463,5
5038480,5
5038488,5
5038505,5
5038513,5
5038618,5
5038626,5
5038643,5
5038651,5
5038668,5
5038676,5
5038693,5
5038701,5
5038718,1
5038726,5
5038743,5
5038751,5
5038768,5
5038776,5
5038793,5
5038801,5
5038818,5
5038826,5
5038843,5
5038851,5
5038876,5
5038893,5
5038901,5
5038918,1
5038926,5
5038943,5
5038951,5
5039218,5
5039226,5
5039268,5
5039301,5
5039318,2
5039326,2
5039343,2
5039351,2
5039368,2
5039376,2
5039393,2
5039401,1
5039418,1
5039426,1
5039443,1
5039451,1
5039468,1
5039476,5
5039493,1
5039501,1
5039509,1
5039518,1
5039526,1
5039543,5
5039551,5
5039568,1
5039576,5
5039593,1
5039601,1
5039609,1
5039618,5
5039626,5
5039643,1
5039651,1
5039668,1
5039676,1
5039693,1
5039701,1
5039718,1
5039726,1
5039743,1
5039751,1
5039768,1
5039776,1
5039793,1
5039801,1
5039818,5
5039826,5
5039843,5
5039851,5
5039868,5
5039876,5
5039893,5
5039901,1
5039918,1
5039926,1
5039943,1
5039951,1
5039968,1
5039976,1
5039993,1
5040001,1
5040018,1
5040026,1
5040043,1
5040051,1
5040068,1
5040076,1
5040093,1
5040101,1
5040118,1
5040126,1
5040143,1
5040151,1
5040168,1
5040176,1
5040193,1
5040201,1
5040218,1
5040226,1
5040243,1
5040251,1
5040268,5
5040276,1
5040293,1
5040301,1
5040318,1
5040326,1
5040343,1
5040351,1
5040368,1
5040376,1
5040393,1
5040401,1
5040418,1
5040426,1
5040443,1
5040451,1
5040468,1
5040476,1
5040493,1
5040501,1
5040518,1
5040526,1
5040543,1
5040551,1
5040568,1
5040576,5
5040593,5
5040601,5
5040618,5
5040626,5
5040643,5
5040651,1
5040668,1
5040676,5
5040693,5
5040701,5
5040718,5
5040726,5
5040743,5
5040751,5
5040768,5
5040776,5
5040793,1
5040801,1
5040818,1
5040826,5
5040843,5
5040851,5
5040868,5
5040893,5
5040901,5
5040918,5
5040926,5
5040943,5
5040951,5
5040967,5
5040976,5
5040992,5
5041001,5
5041018,5
5041026,5
5041043,1
5041051,1
5041068,1
5041076,1
5041093,1
5041101,1
5041118,1
5041126,1
5041143,1
5041151,1
5041168,1
5041176,1
5041193,1
5041201,1
5041218,1
5041226,1
5041242,1
5041251,1
5041267,1
5041276,1
5041293,1
5041301,1
5041318,1
5041326,1
5041343,1
5041351,1
5041368,1
5041376,1
5041393,1
5041401,1
5041417,1
5041426,1
5041442,1
5041451,1
5041467,1
5041476,1
5041492,1
5041501,1
5041517,1
5041526,1
5041542,1
5041551,1
5041567,1
5041576,1
5041592,1
5041601,1
5041617,1
5041626,1
5041642,1
5041651,1
5041667,5
5041676,5
5041692,1
5041701,1
5041718,1
5041726,1
5041742,1
5041751,5
5041767,5
5041776,1
5041792,1
5041801,1
5041817,1
5041826,5
5041842,5
5041851,5
5041867,5
5041876,5
5041892,1
5041901,1
5041909,1
5041917,1
5041926,5
5041942,1
5041951,5
5041967,5
5041976,1
5041992,1
5042001,1
5042017,1
5042026,5
5042042,1
5042051,5
5042067,5
5042076,5
5042092,1
5042101,5
5042117,1
5042126,1
5042142,1
5042151,5
5042167,1
5042176,5
5042192,1
5042201,5
5042217,1
5042226,5
5042242,1
5042251,5
5042267,1
5042276,1
5042292,1
5042301,1
5042317,1
5042326,1
5042342,1
5042351,1
5042367,1
5042376,1
5042392,1
5042401,1
5042418,1
5042426,1
5042442,1
5042451,1
5042467,1
5042476,1
5042492,1
5042501,5
5042518,5
5042526,5
5042542,5
5042551,5
5042567,5
5042576,5
5042592,5
5042601,5
5042609,5
5042617,5
5042626,5
5042642,5
5042651,5
5042667,5
5042676,5
5042692,5
5042701,5
5042717,5
5042726,5
5042742,5
5042751,5
5042767,5
5042776,5
5042792,5
5042801,5
5042817,5
5042826,5
5042842,5
5042867,5
5042876,5
5042892,5
5042901,5
5042917,5
5042926,5
5042942,5
5042951,5
5042967,5
5042976,5
5042992,5
5043001,5
5043017,5
5043026,5
5043043,5
5043051,5
5043067,5
5043076,5
5043092,5
5043101,5
5043117,5
5043126,5
5043142,5
5043151,5
5043167,5
5043176,5
5043192,1
5043201,1
5043217,1
5043226,1
5043242,1
5043251,1
5043267,1
5043276,1
5043292,1
5043301,1
5043317,1
5043326,1
5043342,1
5043351,5
5043367,5
5043376,5
5043392,1
5043401,1
5043417,1
5043426,1
5043442,1
5043451,1
5043467,1
5043476,5
5043492,5
5043501,5
5043517,5
5043526,5
5043542,5
5043551,5
5043567,5
5043576,5
5043592,5
5043601,5
5043617,5
5043626,5
5043642,5
5043651,5
5043667,5
5043676,5
5043692,5
5043701,5
5043717,5
5043726,1
5043742,1
5043751,1
5044192,5
5044201,5
5044217,5
5044226,5
5044234,5
5044243,5
5044251,5
5044259,5
5044267,5
5044276,5
5044284,5
5044292,5
5044301,5
5044309,5
5044317,5
5044326,5
5044334,5
5044342,5
5044351,5
5044359,5
5044367,5
5044376,5
5044384,5
5044392,5
5044401,5
5044409,5
5044417,5
5044426,5
5044434,5
5044442,5
5044451,5
5044459,5
5044467,5
5044476,5
5044484,0
5044492,0
5044501,0
5044509,0
5044517,0
5044526,0
5044534,0
5044542,0
5044551,5
5044559,5
5044567,5
5044576,5
5044584,5
5044592,5
5044601,5
5044609,5
5044617,5
5044626,5
5044634,5
5044642,5
5044651,5
5044659,5
5044667,5
5044676,5
5044684,5
5044692,5
5044701,5
5044709,5
5044717,5
5044726,5
5044734,5
5044742,0
5044751,0
5044759,0
5044767,0
5044775,0
5044784,0
5044792,0
5044801,0
5044809,0
5044817,0
5044826,0
5044834,0
5044842,0
5044851,0
5044859,0
5044867,0
5044876,0
5044884,0
5044892,0
5044900,0
5044909,0
5044917,0
5044926,0
5044934,0
5044942,0
5044951,0
5044959,0
5044967,0
5044976,0
5044984,0
5044992,0
5045000,0
5045009,0
5045017,0
5045025,0
5045034,0
5045042,0
5045050,0
5045059,0
5045067,0
5045076,0
5045084,0
5045092,0
5045100,0
5045109,0
5045117,0
5045125,0
5045134,0
5045142,0
5045150,0
5045159,0
5045167,0
5045175,0
5045184,0
5045192,0
5045200,0
5045209,0
5045217,0
5045225,0
5045234,0
5045242,0
5045250,0
5045259,0
5045267,0
5045275,0
5045284,0
5045292,0
5045301,0
5045309,0
5045317,0
5045325,0
5045334,0
5045342,0
5045350,0
5045359,0
5045367,0
5045375,0
5045384,0
5045392,0
5045400,0
5045409,0
5045417,0
5045426,0
5045434,0
5045442,0
5045450,0
5045459,0
5045467,0
5045475,0
5045484,0
5045492,0
5045500,0
5045509,0
5045517,0
5045525,0
5045534,0
5045542,0
5045550,0
5045567,0
5045575,0
5045592,0
5045600,0
5045617,0
5045625,0
5045634,0
5045642,0
5045650,0
5045659,0
5045667,0
5045675,0
5045684,0
5045692,0
5045700,0
5045709,0
5045717,0
5045725,0
5045734,0
5045742,0
5045750,0
5045759,0
5045767,0
5045775,5
5045784,5
5045792,5
5045800,0
5045809,0
5045817,0
5045825,0
5045834,0
5045842,0
5045850,0
5045859,0
5045867,0
5045875,5
5045884,5
5045892,5
5045900,5
5045909,5
5045917,5
5045925,5
5045934,5
5045942,5
5045950,5
5045959,5
5045967,5
5045975,5
5045984,5
5045992,5
5046000,5
5046009,5
5046017,5
5046025,5
5046034,5
5046042,5
5046050,5
5046059,5
5046067,5
5046075,5
5046084,5
5046092,5
5046100,5
5046109,5
5046117,5
5046125,5
5046134,5
5046142,5
5046150,5
5046159,5
5046167,5
5046175,5
5046184,5
5046192,5
5046200,5
5046209,5
5046217,5
5046225,5
5046234,5
5046242,5
5046250,5
5046259,5
5046267,5
5046275,5
5046284,5
5046292,5
5046300,5
5046309,5
5046317,5
5046325,5
5046334,5
5046342,5
5046350,5
5046359,5
5046367,5
5046375,5
5046384,5
5046392,5
5046400,5
5046409,5
5046417,5
5046425,5
5046434,5
5046442,5
5046450,5
5046459,5
5046467,5
5046475,5
5046484,5
5046492,5
5046500,5
5046509,0
5046517,0
5046614,0
5046622,0
5046630,0
5046638,0
5046647,0
5046655,0
5046663,0
5046672,0
5046680,0
5046688,0
5046697,0
5046705,0
5046713,0
5046722,0
5046730,0
5046738,0
5046747,0
5046755,0
5046763,0
5046772,0
5046780,0
5046788,0
5046797,0
5046805,0
5046813,0
5046822,0
5046830,0
5046838,0
5046847,0
5046855,0
5046863,0
5046872,0
5046880,0
5046889,0
5046897,0
5046905,0
5046914,0
5046922,0
5046930,0
5046938,0
5046947,0
5046955,0
5046963,0
5046972,0
5046980,0
5046988,0
5046997,0
5047005,0
5047013,0
5047022,0
5047030,0
5047038,0
5047047,0
5047055,0
5047063,0
5047072,0
5047080,0
5047088,0
5047097,0
5047105,0
5047113,0
5047122,0
5047130,0
5047138,0
5047147,0
5047155,0
5047163,0
5047172,0
5047180,0
5047188,0
5047197,0
5047205,0
5047213,0
5047222,0
5047230,0
5047238,0
5047247,0
5047255,0
5047263,0
5047272,0
5047280,0
5047288,0
5047297,0
5047313,0
5047322,0
5047330,0
5047338,0
5047347,0
5047355,0
5047363,0
5047372,0
5047380,0
5047388,0
5047397,0
5047405,0
5047413,0
5047422,0
5047430,0
5047438,0
5047447,0
5047455,0
5047463,0
5047472,0
5047480,0
5047488,0
5047497,0
5047505,0
5047513,0
5047522,0
5047530,0
5047538,0
5047547,0
5047555,0
5047563,0
5047572,0
5047580,0
5047588,0
5047914,2
5047923,1
5047939,5
5047948,5
5047964,5
5047973,5
5047989,0
5047998,0
5048006,0
5048014,0
5048023,0
5048031,0
5048039,0
5048048,0
5048056,0
5048064,0
5048073,0
5048081,0
5048089,0
5048098,0
5048106,0
5048114,0
5048123,0
5048139,0
5048148,0
5048164,0
5048173,0
5048181,0
5048189,0
5048198,0
5048206,0
5048214,0
5048223,0
5048231,0
5048239,0
5048248,0
5048256,0
5048264,0
5048273,0
5048281,0
5048289,0
5048298,0
5048306,0
5048314,0
5048323,0
5048339,0
5048348,0
5048356,0
5048364,0
5048373,0
5048389,0
5048398,0
5048406,0
5048415,0
5048423,0
5048439,0
5048448,0
5048456,5
5048464,5
5048473,5
5048481,5
5048489,5
5048498,5
5048506,5
5048514,5
5048523,5
5048531,5
5048539,5
5048548,5
5048556,5
5048564,5
5048573,5
5048581,5
5048589,5
5048598,5
5048606,5
5048614,5
5048623,5
5048631,5
5048639,5
5048648,5
5048656,5
5048664,5
5048673,5
5048681,5
5048689,5
5048698,5
5048706,5
5048714,5
5048723,5
5048731,5
5048739,5
5048748,5
5048756,5
5048764,5
5048860,5
5048869,5
5048877,5
5048885,5
5048894,5
5048902,5
5048910,5
5048919,5
5048927,5
5048935,5
5048944,5
5048952,5
5048960,5
5048969,5
5048977,5
5048985,5
5048994,5
5049002,5
5049010,5
5049019,5
5049027,5
5049035,5
5049044,5
5049052,5
5049060,5
5049069,5
5049077,5
5049085,5
5049094,5
5049102,5
5049111,5
5049119,5
5049127,5
5049135,5
5049144,5
5049152,5
5049160,5
5049169,5
5049177,5
5049185,5
5049194,5
5049202,5
5049210,5
5049219,5
5049227,5
5049235,5
5049244,5
5049252,5
5049260,5
5049269,5
5049277,5
5049285,5
5049294,5
5049302,5
5049310,5
5049319,5
5049327,5
5049335,5
5049352,5
5049360,5
5049369,5
5049377,5
5049402,5
5049410,5
5049427,5
5049435,5
5049444,5
5049452,5
5049460,5
5049469,5
5049477,5
5049485,5
5049494,5
5049502,5
5049510,5
5049519,5
5049527,5
5049535,5
5049552,5
5049560,5
5049569,5
5049577,5
5049585,5
5049594,5
5049602,5
5049610,5
5049619,5
5049627,5
5049635,5
5049652,5
5049660,5
5049677,5
5049685,5
5049694,5
5049702,5
5049710,5
5049719,5
5049727,5
5049735,5
5049752,5
5049760,5
5049785,5
5049794,5
5049802,5
5049810,5
5049819,5
5049827,5
5049835,5
5049852,5
5049860,5
5049877,5
5049885,5
5049902,5
5049910,5
5049927,5
5049935,5
5049952,5
5049960,5
5049977,5
5049985,5
5050002,5
5050010,5
5050027,5
5050035,5
5050052,5
5050060,5
5050069,5
5050085,5
5050094,5
5050102,5
5050110,5
5050119,5
5050127,5
5050135,5
5050144,5
5050152,5
5050160,5
5050169,5
5050177,5
5050185,5
5050194,5
5050202,5
5050210,5
5050219,5
5050227,5
5050235,5
5050244,5
5050252,5
5050260,5
5050269,5
5050277,5
5050285,5
5050294,5
5050302,5
5050310,5
5050319,5
5050327,5
5050335,5
5050352,5
5050360,5
5050369,5
5050377,5
5050385,5
5050394,5
5050402,5
5050410,5
5050427,5
5050435,5
5050444,5
5050452,5
5050460,5
5050469,5
5050477,5
5050485,5
5050494,5
5050502,5
5050510,5
5050519,5
5050527,5
5050535,5
5050544,5
5050552,5
5050560,5
5050569,5
5050577,5
5050585,5
5050602,5
5050610,5
5050619,5
5050627,5
5050635,5
5050644,5
5050652,5
5050660,5
5050669,5
5050677,5
5050685,5
5050694,5
5050702,5
5050710,5
5050719,5
5050727,5
5050735,5
5050744,5
5050752,5
5050760,5
5050769,5
5050777,5
5050785,5
5050794,5
5050802,5
5050810,5
5050819,5
5050827,5
5050835,5
5050844,5
5050852,5
5050860,5
5050869,5
5050877,5
5050885,5
5050894,5
5050902,5
5050910,5
5050919,5
5050927,5
5050935,5
5050944,5
5050952,5
5050960,5
5050969,5
5050977,5
5050985,5
5050994,5
5051002,5
5051010,5
5051019,5
5051027,5
5051035,5
5051044,5
5051052,5
5051060,5
5051069,5
5051077,5
5051085,5
5051094,5
5051102,5
5051110,5
5051119,5
5051127,5
5051135,5
5051144,5
5051152,5
5051160,5
5051169,5
5051177,5
5051185,5
5051194,5
5051202,5
5051210,5
5051219,5
5051227,5
5051235,5
5051402,0
5051427,1
5051452,1
5051460,5
5051468,5
5051477,1
5051485,5
5051494,5
5051502,5
5051510,5
5051519,5
5051527,5
5051535,5
5051543,0
5051552,0
5051560,0
5051568,0
5051577,0
5051585,0
5051594,0
5051602,0
5051610,0
5051619,0
5051627,0
5051635,0
5051643,0
5051652,0
5051660,0
5051668,0
5051677,0
5051685,0
5051694,0
5051702,0
5051710,0
5051727,0
5051735,0
5051743,0
5051752,0
5051760,0
5051768,0
5051777,0
5051785,0
5051793,0
5051802,0
5051810,0
5051818,0
5051827,0
5051835,0
5051843,0
5051852,0
5051860,0
5051868,0
5051877,0
5051885,0
5051893,0
5051902,0
5051910,0
5051918,0
5051927,0
5051935,0
5051943,0
5051952,0
5051960,0
5051968,0
5051977,0
5051985,0
5051993,0
5052002,0
5052010,0
5052018,0
5052027,0
5052035,0
5052043,0
5052052,0
5052060,0
5052068,0
5052077,0
5052085,0
5052093,0
5052102,0
5052110,0
5052118,0
5052127,0
5052135,0
5052143,0
5052152,0
5052160,0
5052168,0
5052177,0
5052185,0
5052193,0
5052202,0
5052210,0
5052218,0
5052227,0
5052235,0
5052252,0
5052260,0
5052268,0
5052277,0
5052285,0
5052293,0
5052302,0
5052310,0
5052318,0
5052327,0
5052335,0
5052352,0
5052360,0
5052368,0
5052377,0
5052385,0
5052393,0
5052402,0
5052410,0
5052418,0
5052427,0
5052435,0
5052443,0
5052452,5
5052460,5
5052468,5
5052477,5
5052485,5
5052493,5
5052502,5
5052510,5
5052518,5
5052527,5
5052535,5
5052543,5
5052552,5
5052560,5
5052568,5
5052577,5
5052585,5
5052593,5
5052602,5
5052610,5
5052618,5
5052627,5
5052635,5
5052643,5
5052652,0
5052660,0
5052668,0
5052677,0
5052685,0
5052693,0
5052702,0
5052710,0
5052718,0
5052727,0
5052735,0
5052743,5
5052752,0
5052760,0
5052768,0
5052777,0
5052785,0
5052793,5
5052802,5
5052810,5
5052818,5
5052827,0
5052835,0
5052843,5
5052852,5
5052860,5
5052868,5
5052877,0
5052885,0
5052893,0
5052902,0
5052910,0
5052918,5
5052927,5
5052935,5
5052952,5
5052960,5
5052968,5
5052977,5
5052985,5
5052993,5
5053002,5
5053010,5
5053018,5
5053027,5
5053035,5
5053043,5
5053052,5
5053060,5
5053068,5
5053077,5
5053085,5
5053093,5
5053102,5
5053110,5
5053118,5
5053127,5
5053135,5
5053143,5
5053152,5
5053160,5
5053177,5
5053185,5
5053193,5
5053202,5
5053210,5
5053219,5
5053227,5
5053235,5
5053243,5
5053252,5
5053260,5
5053268,5
5053277,5
5053285,5
5053293,5
5053302,5
5053310,5
5053318,5
5053327,5
5053335,5
5053343,5
5053352,5
5053360,5
5053368,5
5053377,5
5053385,5
5053393,5
5053402,5
5053410,5
5053418,5
5053427,5
5053435,5
5053443,5
5053452,5
5053460,5
5053468,5
5053477,5
5053485,5
5053493,5
5053502,5
5053510,5
5053518,5
5053527,5
5053535,5
5053543,5
5053552,5
5053560,5
5053568,5
5053577,5
5053585,5
5053593,5
5053602,5
5053610,5
5053618,5
5053627,5
5053635,5
5053643,5
5053652,5
5053660,5
5053677,5
5053685,5
5053693,5
5053702,5
5053710,5
5053718,5
5053727,5
5053735,5
5053743,5
5053752,5
5053760,5
5053768,5
5053777,5
5053785,5
5053793,5
5053802,5
5053810,5
5053818,5
5053827,5
5053835,0
5053843,0
5053852,0
5053860,0
5053868,0
5053877,0
5053885,0
5053893,0
5053902,0
5053910,0
5053918,0
5053927,0
5053935,0
5053943,0
5053952,0
5053960,0
5053968,0
5053977,0
5053985,0
5053993,0
5054002,0
5054010,0
5054018,0
5054027,0
5054035,0
5054043,0
5054052,0
5054060,0
5054068,0
5054077,0
5054085,0
5054094,0
5054102,0
5054110,0
5054118,0
5054127,0
5054135,0
5054143,0
5054152,0
5054160,0
5054168,0
5054177,0
5054185,0
5054193,0
5054202,0
5054210,0
5054218,0
5054227,0
5054235,0
5054243,0
5054252,0
5054260,0
5054268,0
5054277,0
5054285,0
5054293,0
5054302,0
5054310,0
5054318,0
5054327,0
5054335,0
5054343,0
5054352,0
5054360,0
5054368,0
5054377,0
5054385,0
5054393,0
5054402,0
5054410,0
5054418,0
5054427,0
5054435,0
5054443,0
5054452,0
5054460,0
5054468,0
5054477,0
5054485,0
5054502,0
5054510,0
5054518,0
5054527,0
5054535,0
5054544,0
5054552,0
5054560,0
5054568,0
5054577,0
5054585,0
5054593,0
5054602,5
5054610,0
5054618,0
5054627,0
5054635,0
5054643,5
5054652,5
5054660,0
5054668,0
5054677,0
5054685,0
5054693,0
5054702,0
5054710,0
5054718,0
5054727,0
5054735,0
5054743,5
5054902,5
5054918,5
5054927,5
5054935,5
5054943,5
5054952,0
5054960,0
5054968,0
5054977,0
5054985,0
5054993,0
5055002,0
5055010,0
5055018,0
5055027,0
5055035,0
5055043,0
5055052,0
5055060,0
5055068,0
5055077,0
5055085,0
5055093,0
5055102,0
5055110,0
5055118,0
5055126,0
5055135,0
5055143,0
5055151,0
5055160,0
5055168,0
5055176,0
5055185,0
5055193,0
5055202,0
5055210,0
5055218,0
5055226,0
5055235,0
5055243,0
5055251,0
5055260,0
5055268,0
5055276,0
5055285,0
5055293,0
5055301,0
5055310,0
5055318,0
5055326,0
5055335,0
5055343,0
5055352,0
5055360,0
5055368,0
5055376,0
5055385,0
5055401,0
5055410,0
5055418,0
5055426,0
5055435,0
5055452,0
5055460,0
5055477,0
5055485,0
5055501,0
5055510,0
5055518,0
5055526,0
5055535,0
5055551,0
5055560,0
5055701,5
5055710,5
5055718,3
5055726,5
5055735,5
5055743,5
5055751,5
5055760,0
5055768,0
5055776,0
5055785,0
5055793,0
5055801,0
5055810,0
5055818,0
5055826,0
5055835,0
5055843,0
5055851,0
5055860,0
5055868,0
5055876,0
5055885,0
5055893,0
5055901,0
5055910,0
5055918,0
5055926,0
5055935,5
5055943,5
5055951,5
5055960,5
5055968,5
5055976,5
5055985,5
5055993,5
5056001,5
5056010,5
5056018,5
5056026,5
5056035,5
5056043,5
5056051,5
5056060,5
5056068,5
5056076,5
5056085,5
5056093,5
5056101,5
5056110,5
5056118,5
5056126,5
5056135,5
5056143,5
5056151,5
5056160,5
5056168,5
5056176,5
5056185,5
5056193,5
5056201,5
5056210,5
5056218,5
5056226,5
5056235,5
5056243,5
5056251,5
5056260,5
5056276,5
5056285,5
5056293,5
5056301,5
5056310,5
5056318,5
5056326,5
5056335,5
5056343,5
5056351,5
5056360,5
5056368,5
5056376,5
5056385,5
5056393,5
5056401,5
5056410,5
5056418,5
5056426,5
5056435,5
5056443,5
5056451,5
5056460,5
5056468,5
5056477,5
5056485,5
5056493,5
5056501,5
5056510,5
5056518,5
5056526,5
5056535,5
5056543,5
5056551,5
5056560,5
5056568,5
5056576,5
5056585,5
5056593,5
5056601,5
5056610,5
5056618,5
5056626,5
5056635,5
5056643,5
5056651,5
5056660,5
5056668,5
5056676,5
5056685,5
5056693,5
5056701,5
5056710,5
5056718,5
5056726,5
5056735,5
5056743,5
5056751,5
5056760,5
5056768,5
5056776,5
5056785,5
5056793,5
5056801,5
5056810,0
5056818,0
5056826,0
5056835,0
5056843,5
5056851,0
5056860,0
5056868,0
5056876,0
5056885,0
5056893,0
5056901,0
5056910,0
5056918,5
5056926,0
5056935,0
5056943,0
5056951,0
5056960,0
5056968,5
5056976,0
5056985,0
5056993,0
5057001,0
5057010,0
5057018,0
5057026,0
5057035,0
5057043,0
5057051,0
5057060,0
5057068,0
5057076,0
5057085,0
5057093,5
5057101,0
5057110,0
5057118,5
5057126,0
5057135,0
5057143,5
5057151,0
5057160,0
5057168,5
5057176,5
5057185,5
5057193,5
5057201,0
5057210,0
5057218,0
5057227,0
5057235,0
5057243,0
5057251,0
5057260,0
5057268,0
5057276,0
5057285,0
5057293,0
5057301,0
5057310,0
5057318,0
5057326,0
5057335,0
5057343,0
5057351,0
5057360,0
5057368,0
5057376,0
5057385,0
5057401,0
5057410,0
5057426,0
5057435,0
5057451,0
5057460,0
5057476,0
5057485,0
5057501,0
5057510,0
5057526,0
5057535,0
5057551,0
5057560,0
5057576,0
5057585,0
5057593,0
5057601,0
5057610,0
5057618,5
5057626,5
5057635,5
5057643,5
5057651,5
5057660,5
5057668,5
5057676,5
5057685,5
5057693,5
5057701,5
5057710,5
5057718,5
5057726,0
5057735,0
5057743,0
5057751,0
5057760,0
5057776,0
5057785,0
5057801,0
5057810,0
5057818,0
5057826,0
5057835,0
5057851,0
5057860,0
5057876,0
5057885,0
5057893,0
5057901,0
5057910,0
5057918,0
5057926,0
5057935,0
5057951,0
5057960,0
5057976,0
5057985,0
5058151,1
5058160,5
5058168,5
5058176,5
5058185,5
5058193,5
5058201,0
5058210,0
5058218,0
5058226,0
5058235,0
5058243,0
5058251,0
5058260,0
5058268,0
5058276,0
5058285,0
5058293,0
5058301,5
5058310,5
5058326,5
5058335,5
5058351,5
5058360,5
5058368,5
5058376,5
5058384,5
5058393,5
5058401,5
5058410,5
5058418,5
5058426,5
5058435,5
5058443,5
5058451,5
5058460,5
5058468,5
5058476,5
5058485,5
5058493,5
5058501,5
5058510,5
5058518,5
5058526,5
5058535,5
5058543,5
5058551,5
5058560,5
5058568,5
5058576,5
5058585,5
5058593,5
5058601,5
5058610,5
5058626,5
5058635,5
5058643,5
5058651,5
5058660,5
5058668,5
5058676,5
5058685,5
5058701,5
5058710,5
5058718,5
5058726,5
5058735,5
5058751,5
5058760,5
5058776,5
5058785,5
5058801,5
5058810,5
5058826,5
5058834,5
5058843,5
5058851,5
5058859,5
5058876,5
5058885,5
5058901,5
5058909,5
5058926,5
5058934,5
5058951,5
5058959,5
5058968,5
5058976,1
5058984,1
5058993,1
5059001,1
5059010,1
5059018,2
5059026,2
5059034,2
5059043,2
5059051,2
5059059,2
5059068,2
5059076,2
5059084,2
5059093,2
5059101,2
5059109,2
5059118,2
5059126,2
5059134,2
5059151,1
5059159,1
5059176,1
5059184,1
5059193,1
5059201,1
5059210,1
5059226,1
5059234,1
5059243,2
5059251,1
5059259,1
5059268,1
5059276,1
5059284,1
5059293,5
5059301,1
5059309,1
5059318,1
5059326,1
5059334,1
5059351,1
5059359,1
5059368,5
5059376,1
5059384,1
5059393,5
5059401,5
5059409,1
5059418,1
5059426,1
5059434,1
5059443,1
5059451,1
5059459,1
5059468,1
5059476,1
5059484,1
5059493,1
5059501,1
5059509,5
5059518,5
5059526,5
5059534,5
5059543,5
5059551,5
5059559,5
5059568,5
5059576,5
5059584,5
5059601,5
5059609,5
5059618,5
5059626,5
5059634,5
5059643,5
5059651,5
5059659,5
5059668,5
5059676,2
5059684,2
5059693,2
5059701,3
5059709,3
5059718,3
5059726,3
5059734,3
5059743,3
5059751,3
5059759,3
5059768,3
5059776,3
5059784,3
5059793,3
5059801,3
5059809,3
5059818,3
5059826,3
5059834,3
5059843,3
5059851,3
5059859,3
5059868,3
5059876,3
5059884,2
5059893,2
5059901,2
5059909,2
5059918,3
5059926,3
5059934,3
5059943,3
5059951,3
5059959,3
5059968,3
5059976,3
5059984,2
5059993,2
5060001,3
5060009,2
5060018,2
5060026,3
5060034,3
5060043,3
5060051,3
5060059,3
5060068,3
5060076,3
5060084,2
5060093,2
5060101,2
5060109,3
5060118,3
5060126,2
5060134,2
5060143,2
5060151,2
5060159,2
5060168,2
5060176,2
5060184,2
5060193,3
5060201,3
5060209,3
5060218,3
5060226,3
5060234,3
5060243,3
5060251,3
5060259,3
5060268,2
5060276,2
5060284,1
5060293,5
5060301,5
5060309,5
5060318,5
5060326,5
5060334,5
5060343,5
5060351,5
5060359,5
5060368,5
5060376,5
5060384,5
5060393,0
5060401,0
5060409,0
5060418,0
5060434,0
5060443,0
5060459,0
5060468,0
5060484,0
5060493,0
5060509,0
5060518,0
5060534,0
5060543,0
5060559,0
5060568,0
5060584,0
5060593,0
5060609,0
5060618,0
5060634,0
5060643,0
5060659,0
5060668,0
5060684,0
5060693,0
5060709,0
5060734,0
5060759,0
5060768,0
5060784,0
5060793,0
5060809,0
5060818,0
5060834,5
5060843,5
5060859,2
5060868,3
5060884,2
5060893,3
5060909,2
5060918,5
5060935,2
5060959,2
5060968,5
5060984,1
5060993,5
5061001,5
5061009,2
5061018,3
5061026,3
5061034,2
5061051,3
5061059,3
5061076,3
5061084,2
5061101,3
5061109,2
5061118,3
5061126,3
5061135,2
5061143,3
5061151,3
5061159,2
5061176,2
5061184,5
5061201,5
5061209,0
5061226,0
5061234,0
5061251,0
5061259,0
5061276,0
5061284,0
5061301,0
5061309,0
5061326,0
5061334,0
5061351,0
5061359,0
5061376,0
5061384,0
5061401,0
5061409,0
5061434,0
5061451,0
5061459,0
5061476,0
5061484,0
5061501,0
5061509,0
5061526,5
5061534,5
5061543,5
5061551,2
5061559,2
5061568,3
5061576,3
5061584,3
5061593,3
5061601,3
5061609,3
5061618,3
5061626,3
5061634,3
5061643,5
5061651,5
5061659,5
5061668,3
5061676,3
5061684,3
5061693,3
5061701,3
5061709,3
5061718,3
5061726,3
5061734,2
5061743,3
5061751,3
5061759,5
5061768,5
5061776,5
5061784,5
5061793,5
5061801,5
5061809,5
5061818,5
5061826,5
5061834,5
5061843,5
5061851,5
5061859,5
5061868,5
5061876,5
5061884,5
5061893,5
5061901,5
5061909,5
5061918,5
5061926,5
5061934,5
5061943,5
5061951,5
5061959,5
5061968,5
5061976,5
5061984,5
5061993,5
5062001,5
5062009,5
5062018,5
5062026,5
5062201,5
5062234,5
5062251,5
5062259,5
5062276,5
5062284,5
5062301,5
5062309,5
5062326,5
5062334,5
5062351,5
5062359,5
5062376,5
5062384,5
5062393,5
5062401,5
5062409,5
5062418,5
5062426,5
5062434,5
5062443,5
5062451,5
5062459,5
5062468,5
5062476,5
5062484,5
5062493,5
5062501,5
5062509,5
5062518,5
5062526,5
5062534,5
5062551,5
5062559,5
5062568,5
5062584,5
5062592,5
5062601,5
5062609,5
5062618,5
5062626,5
5062634,5
5062642,5
5062651,5
5062659,5
5062668,5
5062676,5
5062684,5
5062701,5
5062709,5
5062717,5
5062726,5
5062734,5
5062742,5
5062751,3
5062759,3
5062767,2
5062776,5
5062784,5
5062792,5
5062817,5
5062826,5
5062834,5
5062851,5
5062859,5
5062868,5
5062876,5
5062884,5
5062893,5
5062901,5
5062917,5
5062926,3
5062934,3
5062942,5
5062951,5
5062959,5
5062976,5
5062984,5
5062992,5
5063001,5
5063026,5
5063034,5
5063042,5
5063051,5
5063059,5
5063067,5
5063084,5
5063092,5
5063101,5
5063109,5
5063118,5
5063126,5
5063134,5
5063142,5
5063151,5
5063159,5
5063176,5
5063184,5
5063192,5
5063201,5
5063209,5
5063226,5
5063242,5
5063251,5
5063259,5
5063276,5
5063284,5
5063301,5
5063309,5
5063326,5
5063334,5
5063342,5
5063351,5
5063359,5
5063376,5
5063384,5
5063392,5
5063401,5
5063417,5
5063426,5
5063434,5
5063442,5
5063451,5
5063459,5
5063467,5
5063476,5
5063484,5
5063492,5
5063501,5
5063509,5
5063517,3
5063534,3
5063542,3
5063559,3
5063567,3
5063680,4
5063705,3
5063714,3
5063730,5
5064175,0
5064200,0
5064225,0
5064250,0
5064275,0
5064300,0
5064325,5
5064350,0
5064375,0
5064400,0
5064425,0
5064450,0
5064475,0
5064500,0
5064525,0
5064550,0
5064575,0
5064600,5
5064625,5
5064650,0
5064675,0
5064700,0
5064725,5
5064750,5
5064775,5
5064825,5
5064850,5
5064875,5
5064900,5
5064925,5
5064975,5
5065000,5
5065025,5
5065033,5
5065050,5
5065075,5
5065100,5
5065125,5
5065150,5
5065246,5
5065271,5
5065296,5
5065321,5
5065346,5
5065371,5
5065396,5
5065421,5
5065446,5
5065471,1
5065496,5
5065521,5
5065546,5
5065571,5
5065596,5
5065621,5
5065646,5
5065671,5
5065746,1
5065771,1
5065796,1
5065821,5
5065846,5
5065871,5
5065896,5
5065921,5
5065971,5
5065996,5
5066021,5
5066071,5
5066096,5
5066121,5
5066146,5
5066171,5
5066309,5
5066317,1
5066342,1
5066359,5
5066367,5
5066392,5
5066409,1
5066434,1
5066459,2
5066467,2
5066484,2
5066509,2
5066534,2
5066559,2
5066584,1
5066609,1
5066860,5
5066869,5
5066877,5
5066885,5
5066910,5
5066919,5
5066935,1
5066944,5
5066952,5
5066960,5
5066969,5
5066977,5
5066985,5
5066994,5
5067002,5
5067010,5
5067019,5
5067027,5
5067035,5
5067044,5
5067052,5
5067060,5
5067069,5
5067077,5
5067085,5
5067094,5
5067102,5
5067110,5
5067119,5
5067127,5
5067144,5
5067169,5
5067185,5
5067194,5
5067202,5
5067210,5
5067219,5
5067227,5
5067235,5
5067244,5
5067252,5
5067269,5
5067277,5
5067294,5
5067302,5
5067319,5
5067327,5
5067335,5
5067344,5
5067352,5
5067360,5
5067369,5
5067377,5
5067385,5
5067394,5
5067402,5
5067410,5
5067419,5
5067427,5
5067435,5
5067444,5
5067452,5
5067460,5
5067469,5
5067477,5
5067485,5
5067494,5
5067502,5
5067510,5
5067519,5
5067527,5
5067535,5
5067544,5
5067552,5
5067569,5
5067685,5
5067694,5
5067710,5
5067719,5
5067735,5
5067744,5
5067760,5
5067769,5
5067785,5
5067794,5
5067810,5
5067819,5
5068308,0
5068325,0
5068333,0
5068350,0
5068358,0
5068375,0
5068400,0
5068408,0
5068425,0
5068433,0
5068450,0
5068458,0
5068475,0
5068483,0
5068500,0
5068525,0
5068533,0
5068550,0
5068558,0
5068575,0
5068600,0
5068608,0
5068625,0
5068633,0
5068650,0
5068675,0
5068691,0
5068700,0
5068741,0
5068775,0
5070333,0
5070342,5
5070358,5
5070367,5
5070383,0
5070392,0
5070417,0
5070433,0
5070458,5
5070467,5
5070483,5
5070492,5
5070508,5
5070517,5
5070533,5
5070542,5
5070558,5
5070567,5
5070583,5
5070592,1
5070608,1
5070617,1
5070783,1
5070792,1
5070808,1
5070817,1
5070833,1
5070842,5
5070858,1
5070892,1
5070908,1
5070917,1
5070933,1
5070942,1
5070958,1
5070967,1
5070992,1
5071008,1
5071017,1
5071033,1
5071042,2
5071058,2
5071067,2
5071083,4
5071092,5
5071108,4
5071117,5
5071133,5
5071142,5
5071158,5
5071167,5
5071183,5
5071192,5
5071208,5
5071217,5
5071233,5
5071242,5
5071258,5
5071267,5
5071283,5
5071292,5
5071308,5
5071317,5
5071333,5
5071358,5
5071367,5
5071383,5
5071392,5
5071408,5
5071417,5
5071433,5
5071442,5
5071458,5
5071467,5
5071483,5
5071492,5
5071508,5
5071517,5
5071533,5
5071542,5
5071558,5
5071567,5
5071583,5
5071592,5
5071608,5
5071617,5
5071633,5
5071642,5
5071650,5
5071658,5
5071667,5
5071675,5
5071683,5
5071692,5
5071700,5
5071708,5
5071717,5
5071733,5
5071742,5
5071758,5
5071767,5
5071783,5
5071792,5
5071808,5
5071817,5
5071833,5
5071842,5
5071858,5
5071867,5
5071883,5
5071892,5
5071908,5
5071917,5
5071933,5
5071942,5
5071958,5
5071967,5
5071983,5
5071991,5
5072008,5
5072017,5
5072033,5
5072058,5
5072067,5
5072083,5
5072092,5
5072108,5
5072117,5
5072133,5
5072142,5
5072158,5
5072167,5
5072183,5
5072192,5
5072208,4
5072233,5
5072242,4
5072258,5
5072267,5
5072283,5
5072292,5
5072308,5
5072317,5
5072333,5
5072342,5
5072358,5
5072366,4
5072383,4
5072391,5
5072408,4
5072417,5
5072433,4
5072442,4
5072458,5
5072467,5
5072483,5
5072492,5
5072508,5
5072517,5
5072533,5
5072541,5
5072558,5
5072933,5
5072958,5
5072966,5
5072983,5
5072991,5
5073008,5
5073017,5
5073033,5
5073041,5
5073058,5
5073066,5
5073083,5
5073091,5
5073108,5
5073116,5
5073133,5
5073141,5
5073158,5
5073166,5
5073183,5
5073191,5
5073208,5
5073216,5
5073233,5
5073241,5
5073258,5
5073266,5
5073283,5
5073341,5
5073366,5
5073466,5
5073491,5
5073591,5
5073633,5
5073641,5
5073658,5
5073666,4
5073683,5
5073692,5
5073708,4
5073716,4
5073733,5
5073741,4
5073758,4
5073766,5
5073783,4
5073791,4
5073800,4
5073808,5
5073816,5
5073833,4
5073841,5
5073858,5
5073866,5
5073883,5
5073891,4
5073908,5
5073916,5
5073933,5
5073941,5
5073958,5
5073966,5
5073983,5
5073991,5
5074008,5
5074016,5
5074033,5
5074041,5
5074058,5
5074066,5
5074083,5
5074091,5
5074108,5
5074116,5
5074133,5
5074141,5
5074158,5
5074166,5
5074183,5
5074191,5
5074233,5
5074241,5
5074258,5
5074266,5
5074283,5
5074291,5
5074308,5
5074316,5
5074333,5
5074341,5
5074358,5
5074366,5
5074383,5
5074391,5
5074416,5
5074433,5
5074458,5
5074483,5
5074491,5
5074508,5
5074516,4
5074533,4
5074541,5
5074558,4
5074566,4
5074583,4
5074591,4
5074608,5
5074617,5
5074633,4
5074641,5
5074658,5
5074666,5
5074683,5
5074691,5
5074708,5
5074716,5
5074733,5
5074741,5
5074758,5
5074766,5
5074783,5
5074791,5
5074808,5
5074816,5
5074833,5
5074841,5
5074858,5
5074866,5
5074883,5
5074891,5
5074908,4
5074916,5
5074933,5
5074941,5
5074958,5
5074966,4
5074983,4
5074991,5
5075008,5
5075016,5
5075033,5
5075041,5
5075058,5
5075066,5
5075083,5
5075091,5
5075108,4
5075116,4
5075133,5
5075141,5
5075158,4
5075166,5
5075183,5
5075200,5
5075208,5
5075216,5
5075233,5
5075241,5
5075266,5
5075283,5
5075308,5
5075316,5
5075333,5
5075341,5
5075416,5
5075566,5
5075766,5
5075808,5
5075816,5
5076083,5
5076108,5
5076133,4
5076183,5
5076191,5
5076208,5
5076216,5
5076233,5
5076241,4
5076258,4
5076283,4
5076291,4
5076308,4
5076316,4
5076333,4
5076341,4
5076358,4
5076366,4
5076383,5
5076391,4
5076408,4
5076433,4
5076458,4
5076483,5
5076491,5
5076508,5
5076516,5
5076533,5
5076558,5
5076566,5
5076583,5
5076591,5
5076608,5
5076633,5
5076641,5
5076658,5
5076666,5
5076683,5
5076691,5
5076708,5
5076716,5
5076733,5
5076741,5
5076758,5
5076766,5
5076783,4
5076791,4
5076808,4
5076816,5
5076833,4
5076841,4
5076858,4
5076866,5
5077066,5
5077083,4
5077091,3
5077108,3
5077116,3
5077133,2
5077158,2
5077183,2
5077208,3
5077216,3
5077258,3
5077283,2
5077291,3
5077308,3
5077316,3
5077333,3
5077341,3
5077358,3
5077366,3
5077391,3
5077408,3
5077416,3
5077433,3
5077441,3
5077458,3
5077466,3
5077483,3
5077491,3
5077508,3
5077516,3
5077613,5
5077620,4
5077637,5
5077646,4
5077662,4
5077670,4
5077687,4
5077695,4
5077712,4
5077720,5
5077737,5
5077745,5
5077762,5
5077770,5
5077787,5
5077795,5
5077812,5
5077820,5
5077837,5
5077846,5
5077862,5
5077870,5
5077887,5
5077895,5
5077912,5
5077920,5
5077937,5
5077945,5
5077954,5
5077962,5
5077970,5
5077979,5
5077987,5
5077995,5
5078012,5
5078020,5
5078037,5
5078045,5
5078062,5
5078070,5
5078087,5
5078095,5
5078112,5
5078120,5
5078137,5
5078146,5
5078162,5
5078170,5
5078187,5
5078195,5
5078212,5
5078220,5
5078237,4
5078246,4
5078262,4
5078270,4
5078287,4
5078295,4
5078312,4
5078320,4
5078337,4
5078345,4
5078362,4
5078370,4
5078387,5
5078537,5
5078570,5
5078587,5
5078595,5
5078612,5
5078620,5
5078637,5
5078646,5
5078654,5
5078662,5
5078670,5
5078687,5
5078695,5
5078712,5
5078720,5
5078737,5
5078745,5
5078762,5
5078770,5
5078787,5
5078795,5
5078812,5
5078820,5
5078837,5
5078845,5
5078862,5
5078887,5
5078895,5
5078912,5
5078920,4
5078937,5
5078962,4
5078970,5
5078987,5
5078995,5
5079012,5
5079020,5
5079037,5
5079045,5
5079062,5
5079070,5
5079087,5
5079095,5
5079120,4
5079162,4
5079170,4
5079187,4
5079195,4
5079212,4
5079237,4
5079262,4
5079270,4
5079279,5
5079287,5
5079295,4
5079304,4
5079312,3
5079320,4
5079337,2
5079345,4
5079370,3
5079387,3
5079395,5
5079412,2
5079437,1
5079445,1
5079462,1
5079470,1
5079487,2
5079495,2
5079504,2
5079512,1
5079520,2
5079537,2
5079545,2
5079562,2
5079587,2
5079595,2
5079612,2
5079620,3
5079629,3
5079637,3
5079645,3
5079662,3
5079670,3
5079687,3
5079695,2
5079712,3
5079720,3
5079737,3
5079745,3
5079762,4
5079770,4
5079787,4
5079795,5
5079812,5
5079820,4
5079837,4
5079845,5
5079862,5
5079870,4
5079887,4
5079895,5
5079912,5
5079920,5
5079937,5
5079945,5
5079962,5
5079970,5
5079995,5
5080004,5
5080012,5
5080020,4
5080037,2
5080045,2
5080070,2
5080079,2
5080087,2
5080095,2
5080104,2
5080112,2
5080120,2
5080129,2
5080137,2
5080145,2
5080154,2
5080162,2
5080170,2
5080179,2
5080187,2
5080195,2
5080204,2
5080212,2
5080220,2
5080229,2
5080237,2
5080245,2
5080254,2
5080262,1
5080270,1
5080287,5
5080295,5
5080312,5
5080337,5
5080345,5
5080362,5
5080370,5
5080395,5
5080412,5
5080420,5
5080437,5
5080445,5
5080462,5
5080470,5
5080487,5
5080495,5
5080512,5
5080537,5
5080545,5
5080562,5
5080587,5
5080595,5
5080612,5
5080745,5
5080762,5
5080770,5
5080787,5
5080795,5
5080812,5
5080820,5
5080837,5
5080845,5
5080862,5
5080870,5
5080887,5
5080895,5
5080912,5
5080937,5
5080945,5
5080962,5
5080970,5
5080987,5
5080995,5
5081012,5
5081020,5
5081037,5
5081045,5
5081062,5
5081070,5
5081087,5
5081095,5
5081112,5
5081120,1
5081137,1
5081145,1
5081162,1
5081170,1
5081187,1
5081195,1
5081203,2
5081370,5
5081387,5
5081395,5
5081412,5
5081420,5
5081437,5
5081445,5
5081462,5
5081470,5
5081487,5
5081495,5
5081512,5
5081520,5
5081537,5
5081545,5
5081562,5
5081570,5
5081587,5
5081595,5
5081612,5
5081620,5
5081637,5
5081645,5
5081662,5
5081670,5
5081687,5
5081695,5
5081712,5
5081720,5
5081728,5
5081737,5
5081745,5
5081753,5
5081762,5
5081770,5
5081778,5
5081787,5
5081795,5
5081803,5
5081820,5
5081829,5
5081837,5
5081845,5
5081853,5
5081862,5
5081870,5
5081878,5
5081887,5
5081895,5
5081903,5
5081912,5
5081920,5
5081928,5
5081937,5
5081945,5
5081953,5
5081962,5
5081970,5
5081978,5
5081987,5
5081995,5
5082003,5
5082012,5
5082020,5
5082028,5
5082045,5
5082062,5
5082070,5
5082078,5
5082087,5
5082095,5
5082103,5
5082112,5
5082120,5
5082128,5
5082137,5
5082145,5
5082153,5
5082162,5
5082170,5
5082178,5
5082187,5
5082195,5
5082220,5
5082278,3
5082303,2
5082312,2
5082328,5
5082337,5
5082345,5
5082362,5
5082370,5
5082378,2
5082395,3
5082403,3
5082412,3
5082420,2
5082462,3
5082470,2
5082478,2
5082503,2
5082512,1
5082528,1
5082545,1
5082670,5
5082712,5
5082720,5
5082745,5
5082762,5
5082770,5
5082812,5
5082837,5
5082845,5
5082870,5
5082895,5
5082912,5
5082937,5
5082945,5
5082970,5
5083012,5
5083037,5
5083045,5
5083070,5
5083112,5
5083137,5
5083145,5
5083170,5
5083212,5
5083237,5
5083575,5
5083600,5
5083609,5
5083633,5
5083675,5
5083700,5
5083708,5
5083775,5
5083800,5
5083808,5
5083833,5
5083875,5
5083900,5
5083908,5
5083933,5
5083975,5
5084000,5
5084033,5
5084100,5
5084108,5
5084133,5
5084158,0
5084175,0
5084200,5
5084208,5
5084233,5
5084275,5
5084300,5
5084308,5
5084404,5
5084446,5
5084471,0
5084546,0
5084571,0
5084579,0
5084604,0
5084646,0
5084671,0
5084704,0
5084746,0
5084771,5
5084779,5
5084796,2
5084804,3
5084838,3
5084863,2
5084871,2
5084879,2
5084896,2
5084904,2
5084929,3
5084946,3
5084971,3
5084979,2
5084996,3
5085004,3
5085029,3
5085046,2
5085063,2
5085071,3
5085079,2
5085096,2
5085104,2
5085146,2
5085163,2
5085171,2
5085179,2
5085196,2
5085204,2
5085467,3
5085550,3
5085625,2
5085633,3
5085642,2
5085650,3
5085700,2
5085709,2
5085725,3
5085750,3
5085767,2
5085775,2
5085784,2
5085808,2
5085825,2
5085833,3
5085850,2
5085859,2
5085867,2
5085875,1
5085884,1
5085892,2
5085900,2
5085908,2
5085917,2
5085925,2
5085933,3
5085942,2
5085950,2
5085958,3
5085967,1
5085975,2
5085983,2
5085992,1
5086000,1
5086008,2
5086017,1
5086025,1
5086033,2
5086050,2
5086058,2
5086075,2
5086083,2
5086100,1
5086108,2
5086117,1
5086125,2
5086133,2
5086142,1
5086150,2
5086158,2
5086167,1
5086175,1
5086184,2
5086192,1
5086200,2
5086208,2
5086217,1
5086225,2
5086233,3
5086242,1
5086250,1
5086258,2
5086267,1
5086275,2
5086283,2
5086300,1
5086317,1
5086325,2
5086342,1
5086350,1
5086358,1
5086367,2
5086375,2
5086383,2
5086392,2
5086400,2
5086409,2
5086417,2
5086425,2
5086433,2
5086450,2
5086458,2
5086467,2
5086475,2
5086484,2
5086492,2
5086500,2
5086508,2
5086517,2
5086525,3
5086533,2
5086550,3
5086558,2
5086567,2
5086575,2
5086583,2
5086600,2
5086608,2
5086617,2
5086625,3
5086633,3
5086642,3
5086650,3
5086658,3
5086667,2
5086675,2
5086683,2
5086692,2
5086700,2
5086708,2
5086717,2
5086725,2
5086733,2
5086742,2
5086750,2
5086758,2
5086775,2
5086783,2
5086792,2
5086800,2
5086808,2
5086825,2
5086833,2
5086850,2
5086858,2
5086875,2
5086883,2
5086900,2
5086908,2
5086925,2
5086933,2
5086950,2
5086958,1
5086975,2
5086983,2
5087000,2
5087008,2
5087017,2
5087025,2
5087033,2
5087042,2
5087050,2
5087058,2
5087067,2
5087075,2
5087083,2
5087092,2
5087100,2
5087117,2
5087125,2
5087133,2
5087142,2
5087150,2
5087158,2
5087167,2
5087175,2
5087183,2
5087192,2
5087200,2
5087208,2
5087217,2
5087225,2
5087233,2
5087242,2
5087250,2
5087258,2
5087267,2
5087275,2
5087283,2
5087292,2
5087300,2
5087308,2
5087317,2
5087325,2
5087333,2
5087342,2
5087350,2
5087358,1
5087367,1
5087375,1
5087383,2
5087392,2
5087400,2
5087408,2
5087417,2
5087425,2
5087433,2
5087450,2
5087467,3
5087475,3
5087483,3
5087500,3
5087508,3
5087517,2
5087525,2
5087533,2
5087550,3
5087567,2
5087575,2
5087583,2
5087592,4
5087600,2
5087608,2
5087617,3
5087625,4
5087633,2
5087642,3
5087650,3
5087658,2
5087667,3
5087675,3
5087683,3
5087692,3
5087700,3
5087708,3
5087717,3
5087725,3
5087750,3
5087758,3
5087767,3
5087775,3
5087783,3
5087792,3
5087800,2
5087808,5
5087817,5
5087833,2
5087842,2
5087858,5
5087867,3
5087875,3
5087883,3
5087892,3
5087900,3
5087908,3
5087917,3
5087925,3
5087933,3
5087942,3
5087950,3
5087958,3
5087967,3
5087975,3
5087983,3
5087992,3
5088000,3
5088009,3
5088017,3
5088025,3
5088033,3
5088042,3
5088050,3
5088058,3
5088067,3
5088250,4
5088258,3
5088267,4
5088275,3
5088283,3
5088292,3
5088300,2
5088308,2
5088317,2
5088325,3
5088333,3
5088342,3
5088350,3
5088358,3
5088367,3
5088375,3
5088383,3
5088392,3
5088400,3
5088408,3
5088417,2
5088425,2
5088433,3
5088442,3
5088450,3
5088458,3
5088467,3
5088475,3
5088483,3
5088492,3
5088500,3
5088508,3
5088517,3
5088525,3
5088533,3
5088542,3
5088550,2
5088558,2
5088567,2
5088575,2
5088583,2
5088592,2
5088600,2
5088608,2
5088617,2
5088625,2
5088633,2
5088642,2
5088650,2
5088658,2
5088667,2
5088675,2
5088683,2
5088692,3
5088700,2
5088708,2
5088717,3
5088725,2
5088733,2
5088742,2
5088750,2
5088758,2
5088767,2
