5286479,0
5286488,0
5286495,0
5286504,0
5286520,0
5286529,0
5286537,0
5286545,0
5286554,0
5286562,0
5286570,0
5286579,0
5286587,0
5286595,0
5286604,0
5286620,4
5286629,0
5286645,0
5286654,0
5286670,0
5286679,0
5286687,0
5286695,0
5286704,0
5286721,4
5286729,0
5286754,5
5286762,0
5286770,0
5286779,0
5286787,0
5286795,0
5286804,0
5286812,0
5286820,4
5286829,0
5286837,0
5286845,4
5286854,5
5286862,0
5286870,5
5286879,5
5286887,5
5286895,5
5286904,5
5286920,5
5286929,5
5286937,5
5286945,5
5286954,5
5286962,5
5286970,5
5286987,5
5286995,5
5287004,5
5287012,5
5287020,5
5287029,5
5287037,5
5287045,5
5287062,5
5287070,5
5287079,5
5287087,5
5287095,5
5287104,5
5287129,5
5287137,5
5287145,5
5287162,5
5287170,5
5287187,5
5287195,5
5287204,5
5287220,5
5287229,5
5287237,5
5287245,5
5287254,4
5287262,5
5287270,5
5287287,5
5287295,5
5287320,5
5287329,5
5287337,5
5287362,5
5287387,5
5287404,5
5287412,5
5287420,5
5287429,5
5287437,5
5287462,5
5287487,5
5287496,5
5287504,5
5287512,5
5287537,5
5287545,5
5287562,5
5287604,5
5287612,5
5287620,5
5287629,5
5287637,5
5287645,5
5287662,5
5287670,5
5287687,5
5287695,5
5287704,5
5287712,5
5287720,5
5287729,5
5287737,5
5287745,5
5287762,5
5287771,5
5287787,5
5287795,5
5287804,5
5287812,5
5287820,5
5287829,5
5287837,5
5287862,5
5287870,5
5287887,5
5287895,5
5287904,5
5287912,5
5287920,5
5287929,5
5287937,5
5287945,5
5287962,5
5287970,5
5287987,5
5287995,5
5288004,5
5288012,5
5288021,5
5288029,5
5288037,5
5288045,5
5288062,5
5288070,5
5288087,5
5288095,5
5288104,5
5288120,5
5288129,5
5288137,5
5288145,5
5288162,5
5288171,5
5288195,5
5288204,5
5288220,5
5288229,5
5288237,5
5288245,5
5288262,5
5288270,5
5288287,5
5288295,4
5288304,5
5288320,4
5288329,5
5288337,5
5288345,5
5288362,5
5288370,5
5288395,5
5288404,5
5288412,5
5288420,5
5288429,5
5288438,5
5288446,5
5288604,1
5288612,0
5288620,0
5288629,0
5288637,0
5288645,0
5288662,0
5288671,0
5288687,0
5288695,0
5288704,0
5288720,0
5288729,0
5288737,0
5288745,0
5288754,0
5288762,0
5288770,0
5288778,0
5288795,0
5288804,0
5288812,0
5288821,5
5288829,0
5288837,0
5288845,0
5288854,0
5288862,0
5288870,0
5288878,0
5288887,5
5288895,5
5288903,5
5288920,5
5288929,5
5288938,5
5288945,5
5288953,5
5288962,5
5288970,5
5288978,5
5288995,5
5289003,5
5289020,5
5289028,0
5289037,0
5289045,5
5289054,0
5289062,0
5289071,0
5289079,5
5289087,5
5289095,0
5289104,0
5289112,0
5289120,0
5289128,0
5289137,0
5289145,0
5289162,5
5289170,0
5289195,0
5289204,0
5289212,0
5289220,0
5289228,0
5289237,0
5289245,1
5289262,5
5289270,0
5289295,0
5289304,0
5289312,0
5289320,0
5289338,0
5289345,0
5289362,0
5289370,0
5289387,0
5289395,0
5289404,0
5289412,0
5289420,5
5289428,0
5289438,0
5289445,5
5289453,5
5289462,0
5289470,0
5289495,0
5289504,5
5289512,5
5289520,5
5289528,5
5289537,5
5289545,5
5289553,5
5289562,5
5289570,5
5289587,5
5289595,5
5289603,0
5289612,0
5289620,5
5289628,5
5289637,5
5289645,5
5289653,5
5289662,5
5289670,0
5289678,0
5289687,0
5289695,0
5289703,0
5289712,0
5289720,2
5289737,0
5289745,0
5289753,0
5289762,0
5289770,0
5289787,0
5289795,0
5289803,0
5289812,0
5289820,5
5289837,0
5289845,0
5289853,0
5289862,0
5289870,0
5289887,0
5289895,0
5289903,0
5289920,0
5289928,0
5289937,0
5289945,0
5289953,0
5289962,0
5289970,0
5289979,0
5289987,0
5289995,0
5290003,0
5290012,0
5290020,0
5290028,0
5290037,0
5290045,0
5290053,0
5290062,0
5290070,0
5290078,0
5290087,0
5290095,0
5290103,0
5290112,0
5290120,0
5290128,0
5290137,0
5290145,0
5290153,0
5290162,0
5290170,0
5290178,0
5290187,0
5290195,0
5290203,0
5290212,0
5290220,0
5290228,0
5290237,0
5290245,0
5290253,0
5290262,0
5290270,0
5290278,0
5290287,0
5290295,0
5290303,0
5290312,0
5290320,0
5290328,0
5290337,0
5290345,0
5290353,0
5290362,0
5290370,0
5290378,0
5290387,0
5290395,0
5290403,0
5290412,0
5290420,0
5290428,0
5290437,0
5290445,0
5290462,0
5290470,0
5290478,0
5290487,0
5290495,0
5290503,0
5290512,0
5290520,0
5290528,0
5290537,0
5290545,0
5290553,0
5290562,0
5290570,0
5290587,0
5290595,0
5290603,0
5290612,0
5290620,0
5290629,0
5290637,0
5290645,0
5290662,0
5290670,0
5290687,0
5290695,0
5290703,0
5290712,0
5290837,0
5290845,0
5290862,0
5290870,0
5290887,0
5290895,0
5290903,0
5290912,0
5290920,5
5290937,0
5290945,1
5290953,0
5290962,0
5290970,0
5290987,0
5290995,0
5291003,0
5291012,0
5291020,0
5291028,0
5291037,0
5291045,0
5291053,0
5291062,0
5291070,0
5291087,0
5291095,0
5291103,0
5291112,0
5291120,0
5291129,0
5291137,0
5291145,0
5291162,0
5291170,0
5291187,0
5291195,0
5291203,0
5291220,0
5291228,0
5291237,0
5291262,0
5291270,0
5291287,0
5291295,0
5291303,0
5291312,0
5291320,0
5291328,0
5291337,0
5291345,0
5291362,0
5291370,0
5291387,0
5291395,0
5291404,0
5291412,0
5291420,0
5291428,0
5291437,0
5291445,0
5291462,0
5291470,0
5291487,0
5291495,0
5291503,0
5291512,0
5291520,0
5291537,0
5291545,0
5291562,0
5291570,0
5291587,0
5291595,0
5291603,0
5291620,0
5291628,0
5291637,0
5291645,0
5291662,0
5291670,0
5291695,0
5291703,0
5291712,0
5291720,0
5291728,0
5291737,0
5291745,0
5291762,0
5291770,0
5291778,0
5291787,0
5291795,0
5291803,0
5291812,0
5291820,0
5291828,0
5291937,0
5291962,0
5291970,0
5291978,0
5291995,0
5292003,0
5292012,0
5292020,4
5292028,0
5292037,0
5292053,0
5292062,0
5292070,0
5292078,0
5292087,0
5292095,0
5292103,0
5292112,0
5292120,4
5292128,0
5292137,0
5292145,0
5292153,0
5292162,0
5292170,0
5292178,0
5292195,0
5292203,0
5292212,0
5292220,4
5292237,0
5292245,0
5292253,0
5292262,0
5292270,0
5292278,0
5292287,0
5292295,0
5292303,0
5292337,0
5292345,0
5292353,0
5292362,0
5292370,0
5292378,0
5292387,0
5292395,0
5292403,0
5292412,0
5292437,0
5292445,5
5292453,5
5292462,5
5292470,5
5292478,5
5292487,5
5292495,5
5292503,5
5292512,5
5292520,5
5292528,5
5292537,5
5292545,5
5292553,5
5292562,5
5292570,5
5292587,5
5292595,5
5292603,5
5292612,5
5292628,5
5292637,5
5292645,5
5292653,5
5292662,5
5292678,5
5292687,5
5292703,5
5292737,5
5292745,5
5292753,5
5292761,5
5292770,5
5292778,5
5292786,5
5292795,5
5292803,5
5292812,5
5292820,5
5292828,5
5292837,5
5292845,5
5292853,5
5292861,5
5292870,5
5292878,5
5292886,5
5292895,5
5292903,5
5292920,5
5292928,5
5292936,5
5292945,5
5292953,5
5292961,5
5292970,5
5292978,5
5292986,5
5292995,5
5293003,5
5293020,5
5293036,5
5293053,5
5293061,5
5293070,5
5293078,5
5293086,5
5293103,5
5293120,5
5293128,5
5293136,5
5293145,5
5293161,5
5293170,5
5293195,5
5293203,5
5293220,5
5293228,5
5293236,5
5293261,5
5293270,5
5293286,5
5293295,5
5293303,5
5293311,5
5293320,5
5293328,5
5293336,5
5293361,5
5293370,5
5293386,5
5293395,5
5293403,5
5293411,5
5293420,5
5293428,5
5293436,5
5293445,5
5293453,5
5293461,5
5293470,5
5293478,5
5293486,5
5293495,5
5293503,5
5293511,5
5293520,5
5293528,5
5293536,5
5293545,5
5293553,5
5293561,5
5293570,5
5293578,5
5293586,5
5293595,5
5293603,5
5293612,5
5293620,5
5293628,5
5293636,5
5293645,5
5293653,5
5293661,5
5293670,5
5293678,5
5293686,5
5293695,5
5293703,5
5293720,5
5293728,5
5293861,5
5293870,0
5293878,0
5293895,0
5293903,0
5293911,0
5293920,0
5293928,0
5293936,0
5293945,0
5293953,0
5293961,0
5293970,0
5293978,0
5293986,0
5293995,0
5294003,0
5294020,4
5294028,0
5294036,0
5294045,5
5294053,5
5294061,5
5294070,5
5294086,5
5294095,5
5294103,5
5294111,5
5294120,5
5294128,5
5294136,5
5294161,5
5294170,5
5294195,5
5294203,5
5294228,5
5294237,5
5294245,5
5294261,5
5294270,5
5294286,5
5294295,5
5294303,5
5294311,5
5294320,5
5294328,5
5294336,5
5294345,5
5294361,5
5294370,5
5294386,5
5294395,5
5294403,5
5294411,5
5294420,5
5294428,5
5294436,5
5294445,5
5294453,5
5294461,5
5294470,5
5294478,5
5294486,5
5294495,5
5294503,5
5294511,5
5294520,5
5294536,5
5294545,5
5294553,5
5294561,5
5294570,5
5294578,5
5294586,5
5294595,5
5294603,5
5294611,5
5294620,5
5294628,5
5294637,5
5294645,5
5294653,5
5294661,5
5294670,5
5294678,5
5294686,5
5294695,5
5294703,5
5294720,5
5294728,5
5294736,5
5294745,5
5294753,0
5294761,0
5294770,0
5294778,0
5294786,0
5294795,0
5294803,0
5294811,0
5294820,5
5294828,0
5294845,5
5294853,4
5294861,0
5294870,0
5294878,0
5294886,0
5294895,0
5294903,0
5294911,0
5294920,0
5294928,0
5294936,0
5294945,0
5294961,0
5294970,0
5294978,0
5294986,0
5294995,0
5295003,0
5295011,0
5295020,1
5295036,0
5295045,0
5295061,0
5295070,0
5295078,0
5295086,0
5295095,0
5295103,0
5295111,0
5295120,0
5295128,0
5295136,0
5295145,0
5295161,0
5295170,0
5295178,0
5295186,0
5295195,0
5295203,0
5295211,0
5295220,0
5295228,0
5295236,0
5295245,0
5295253,0
5295261,0
5295270,0
5295278,0
5295286,0
5295295,0
5295303,0
5295311,0
5295320,0
5295328,0
5295336,0
5295345,0
5295361,0
5295370,0
5295378,0
5295386,0
5295395,0
5295403,0
5295411,0
5295420,0
5295428,0
5295436,0
5295445,0
5295461,0
5295470,0
5295486,0
5295495,0
5295503,0
5295511,0
5295520,4
5295528,0
5295536,0
5295545,0
5295561,0
5295570,0
5295578,0
5295586,0
5295595,0
5295603,0
5295611,0
5295620,0
5295628,0
5295636,0
5295645,0
5295653,0
5295661,0
5295670,0
5295678,0
5295686,0
5295695,0
5295703,0
5295711,0
5295720,2
5295728,0
5295736,0
5295745,0
5295753,0
5295761,0
5295770,0
5295778,0
5295786,0
5295795,0
5295803,0
5295820,1
5295836,0
5295845,0
5295853,0
5295861,0
5295870,0
5295878,0
5295895,0
5295903,0
5295911,0
5295920,4
5295936,0
5295945,0
5295953,0
5295961,0
5295970,0
5295978,0
5295986,0
5295995,0
5296003,0
5296011,0
5296020,4
5296028,0
5296036,0
5296045,0
5296053,0
5296061,0
5296070,0
5296078,0
5296086,0
5296095,0
5296103,0
5296195,3
5296203,5
5296211,5
5296220,5
5296228,5
5296236,5
5296245,5
5296253,5
5296261,5
5296270,5
5296278,5
5296286,5
5296295,5
5296303,5
5296320,0
5296328,5
5296336,5
5296345,5
5296353,5
5296361,5
5296370,5
5296378,5
5296386,5
5296395,5
5296403,3
5296411,5
5296420,5
5296428,5
5296436,5
5296445,5
5296453,5
5296461,5
5296469,5
5296478,5
5296486,5
5296495,0
5296503,0
5296511,0
5296519,0
5296528,5
5296536,5
5296544,5
5296553,5
5296561,5
5296569,5
5296578,5
5296586,5
5296594,5
5296603,5
5296611,5
5296620,5
5296628,5
5296636,5
5296644,5
5296653,5
5296661,5
5296669,5
5296678,5
5296686,5
5296694,5
5296703,5
5296711,5
5296719,5
5296728,5
5296736,5
5296745,5
5296753,5
5296761,5
5296770,5
5296778,5
5296786,5
5296794,5
5296803,5
5296811,5
5296819,5
5296828,5
5296836,5
5296844,5
5296853,5
5296861,5
5296869,5
5296878,0
5296886,0
5296894,0
5296903,0
5296911,0
5296919,4
5296928,0
5296936,0
5296944,4
5296953,4
5296961,0
5296969,0
5296978,0
5296986,0
5296994,0
5297003,0
5297020,4
5297028,0
5297036,0
5297044,0
5297053,0
5297061,0
5297069,0
5297078,0
5297086,0
5297094,0
5297103,0
5297119,0
5297136,0
5297145,0
5297153,5
5297161,5
5297169,0
5297178,0
5297186,0
5297194,0
5297203,0
5297211,0
5297219,4
5297228,0
5297236,0
5297244,0
5297253,0
5297261,0
5297269,0
5297278,0
5297286,0
5297294,0
5297303,5
5297311,5
5297319,5
5297328,5
5297336,5
5297344,5
5297353,5
5297361,5
5297369,5
5297378,5
5297386,5
5297394,5
5297403,5
5297411,5
5297419,5
5297428,5
5297436,5
5297444,5
5297453,5
5297461,5
5297469,5
5297478,5
5297486,5
5297494,5
5297503,5
5297511,5
5297520,5
5297528,5
5297536,5
5297545,5
5297553,5
5297561,5
5297569,5
5297578,5
5297586,5
5297594,5
5297603,5
5297619,5
5297628,5
5297636,5
5297653,5
5297661,5
5297669,5
5297678,5
5297686,5
5297694,5
5297703,5
5297711,5
5297719,5
5297728,5
5297736,5
5297744,5
5297753,5
5297761,5
5297769,5
5297778,5
5297786,5
5297794,5
5297803,5
5297811,5
5297820,5
5297828,5
5297836,5
5297844,5
5297853,0
5297861,0
5297869,0
5297878,0
5297886,0
5297894,0
5297903,0
5297911,0
5297920,0
5297928,0
5297936,0
5297945,0
5297953,0
5297961,0
5297969,0
5297978,5
5297986,5
5297994,5
5298003,5
5298011,5
5298019,5
5298028,5
5298036,5
5298045,5
5298053,5
5298061,5
5298069,5
5298078,5
5298086,5
5298094,5
5298103,5
5298111,5
5298119,5
5298128,5
5298136,5
5298144,5
5298161,5
5298169,5
5298178,5
5298186,5
5298195,5
5298203,5
5298211,5
5298219,5
5298228,5
5298236,5
5298244,5
5298253,5
5298261,5
5298269,5
5298278,5
5298286,4
5298294,4
5298303,5
5298311,5
5298444,5
5298453,5
5298461,5
5298469,5
5298478,5
5298494,5
5298503,5
5298511,5
5298519,5
5298528,5
5298536,5
5298544,5
5298553,5
5298561,5
5298569,5
5298578,5
5298586,5
5298594,5
5298603,5
5298611,5
5298619,5
5298628,5
5298636,5
5298644,5
5298653,5
5298661,5
5298669,5
5298678,0
5298686,0
5298694,0
5298703,0
5298712,0
5298719,0
5298728,0
5298736,0
5298744,0
5298753,0
5298761,0
5298769,0
5298778,0
5298786,0
5298794,0
5298803,0
5298811,0
5298819,0
5298828,0
5298836,0
5298844,0
5298853,0
5298861,0
5298869,0
5298878,0
5298886,0
5298894,0
5298903,0
5298911,0
5298919,0
5298928,0
5298936,0
5298944,0
5298953,0
5298961,0
5298969,0
5298978,0
5298986,0
5298994,0
5299003,0
5299011,0
5299019,0
5299028,0
5299036,0
5299044,0
5299053,0
5299061,0
5299069,0
5299078,0
5299086,0
5299094,0
5299103,0
5299111,0
5299119,0
5299128,0
5299136,0
5299144,0
5299153,0
5299161,0
5299169,0
5299178,0
5299186,0
5299194,0
5299203,0
5299211,0
5299220,0
5299228,0
5299236,0
5299244,0
5299253,0
5299261,0
5299269,0
5299278,0
5299286,0
5299294,0
5299303,0
5299311,0
5299319,0
5299328,0
5299336,0
5299344,0
5299353,5
5299361,5
5299369,5
5299378,5
5299386,5
5299394,5
5299403,5
5299411,5
5299419,1
5299428,0
5299436,0
5299444,0
5299453,0
5299461,5
5299469,5
5299478,5
5299486,5
5299494,5
5299503,5
5299511,5
5299519,5
5299528,5
5299536,5
5299544,5
5299553,5
5299561,5
5299569,5
5299578,5
5299586,5
5299594,5
5299603,5
5299611,5
5299628,5
5299636,5
5299644,5
5299653,5
5299661,5
5299669,5
5299678,5
5299686,5
5299694,5
5299703,5
5299711,5
5299728,5
5299736,5
5299744,5
5299753,5
5299761,5
5299769,5
5299778,5
5299786,5
5299794,5
5299803,5
5299811,5
5299828,5
5299836,5
5299844,5
5299853,5
5299861,5
5299869,5
5299878,5
5299886,5
5299894,5
5299903,5
5299911,5
5299928,5
5299936,5
5299944,5
5299953,5
5299961,5
5299969,5
5299978,5
5299986,5
5299994,5
5300003,5
5300011,5
5300019,5
5300028,5
5300036,5
5300044,5
5300053,5
5300061,5
5300069,5
5300078,5
5300086,5
5300094,5
5300103,5
5300111,4
5300119,4
5300128,5
5300136,5
5300144,5
5300153,0
5300161,0
5300169,0
5300178,0
5300186,5
5300194,5
5300203,0
5300211,0
5300219,0
5300236,0
5300244,0
5300253,0
5300261,0
5300269,0
5300278,0
5300286,0
5300294,5
5300303,0
5300311,0
5300319,0
5300336,0
5300344,0
5300361,0
5300369,0
5300378,0
5300386,0
5300394,0
5300403,0
5300411,0
5300419,0
5300427,0
5300436,0
5300444,0
5300461,0
5300469,0
5300477,0
5300486,0
5300494,0
5300502,0
5300511,0
5300519,0
5300536,0
5300544,0
5300561,0
5300569,0
5300577,0
5300586,0
5300594,5
5300602,0
5300611,0
5300619,0
5300627,0
5300636,0
5300644,0
5300653,5
5300661,5
5300669,5
5300677,0
5300686,0
5300694,2
5300711,0
5300719,0
5300736,0
5300744,0
5300752,0
5300761,0
5300769,0
5300778,5
5300794,5
5300811,5
5300819,5
5300827,0
5300836,0
5300844,0
5300852,0
5300861,0
5300869,0
5300877,0
5300886,0
5300894,0
5300902,0
5300911,0
5300919,0
5300927,0
5300936,0
5300944,0
5300952,0
5300961,0
5300969,0
5300977,0
5300986,0
5300994,0
5301002,0
5301011,0
5301019,0
5301027,0
5301036,0
5301044,0
5301053,0
5301061,0
5301069,0
5301077,0
5301086,0
5301094,1
5301111,0
5301119,0
5301127,0
5301136,0
5301144,0
5301152,0
5301161,0
5301169,0
5301178,0
5301194,0
5301202,0
5301211,0
5301219,0
5301227,1
5301236,5
5301244,5
5301252,5
5301261,5
5301269,5
5301277,3
5301286,5
5301294,5
5301311,1
5301319,1
5301328,5
5301336,5
5301344,5
5301361,5
5301369,5
5301377,5
5301394,4
5301402,2
5301411,0
5301419,0
5301427,5
5301444,5
5301461,5
5301469,5
5301477,5
5301486,5
5301494,5
5301502,5
5301511,5
5301519,5
5301527,5
5301536,5
5301544,5
5301552,5
5301561,5
5301569,5
5301577,5
5301594,5
5301602,5
5301611,5
5301619,5
5301627,5
5301636,5
5301644,5
5301652,5
5301661,5
5301669,5
5301677,0
5301686,0
5301694,4
5301711,0
5301719,0
5301727,5
5301736,5
5301744,5
5301761,5
5301769,5
5301777,0
5301786,0
5301794,4
5301811,0
5301819,0
5301836,0
5301844,0
5301861,0
5301869,0
5301877,0
5301886,5
5301894,0
5301902,0
5301911,0
5301919,5
5301936,0
5301944,0
5301961,5
5301969,5
5301977,5
5301986,5
5301994,5
5302002,5
5302011,5
5302019,5
5302036,5
5302044,5
5302061,5
5302069,5
5302077,0
5302094,0
5302102,0
5302111,0
5302119,0
5302127,0
5302136,0
5302144,0
5302161,0
5302169,0
5302177,0
5302186,0
5302194,0
5302202,0
5302211,0
5302219,0
5302227,0
5302236,0
5302244,0
5302261,0
5302269,0
5302277,0
5302302,0
5302311,0
5302319,0
5302336,0
5302344,0
5302361,0
5302369,0
5302377,0
5302386,0
5302394,0
5302402,0
5302411,0
5302419,0
5302436,0
5302444,0
5302461,0
5302469,0
5302477,0
5302486,0
5302494,5
5302502,0
5302511,0
5302519,0
5302536,0
5302544,0
5302561,0
5302569,0
5302577,0
5302586,0
5302594,0
5302602,0
5302611,0
5302619,0
5302627,0
5302636,0
5302644,0
5302661,0
5302669,0
5302677,0
5302694,0
5302702,5
5302711,5
5302719,5
5302727,5
5302736,5
5302744,5
5302753,5
5302761,5
5302769,5
5302777,5
5302786,5
5302794,4
5302802,3
5302811,5
5302827,4
5302836,5
5302844,5
5302861,0
5302869,5
5302877,5
5302886,0
5302894,0
5302902,0
5302911,0
5302919,0
5302927,1
5302936,5
5302944,5
5302961,5
5302969,5
5302977,5
5302986,5
5302994,5
5303011,5
5303019,5
5303027,5
5303036,5
5303044,6
5303052,5
5303061,5
5303069,6
5303086,5
5303094,5
5303111,5
5303119,5
5303136,5
5303144,5
5303161,5
5303169,5
5303186,5
5303194,5
5303211,5
5303219,5
5303236,5
5303244,5
5303261,5
5303269,5
5303286,5
5303294,5
5303302,5
5303311,5
5303319,5
5303327,5
5303336,5
5303344,5
5303361,5
5303369,5
5303386,5
5303394,5
5303411,5
5303419,5
5303436,5
5303444,5
5303461,5
5303469,5
5303477,5
5303486,5
5303502,5
5303511,5
5303519,5
5303527,0
5303536,0
5303544,0
5303561,0
5303569,0
5303577,0
5303586,0
5303594,3
5303611,0
5303619,0
5303644,0
5303661,0
5303669,0
5303677,0
5303686,0
5303694,0
5303702,0
5303711,0
5303719,0
5303736,0
5303744,0
5303761,0
5303769,0
5303777,0
5303794,0
5303802,0
5303811,0
5303819,0
5303827,0
5303836,0
5303844,0
5303861,0
5303869,0
5303877,0
5303886,0
5303894,0
5303903,0
5303911,0
5303919,0
5303927,0
5303936,0
5303944,0
5303961,0
5303969,0
5303977,0
5303994,0
5304002,0
5304010,0
5304019,5
5304036,0
5304044,0
5304061,0
5304069,0
5304077,0
5304094,0
5304102,0
5304110,0
5304127,0
5304135,0
5304144,0
5304161,0
5304169,0
5304177,0
5304194,0
5304202,0
5304210,0
5304219,0
5304227,0
5304235,0
5304244,0
5304252,5
5304260,5
5304269,0
5304277,0
5304294,0
5304302,0
5304311,0
5304319,0
5304335,0
5304344,0
5304360,0
5304369,0
5304377,0
5304385,0
5304394,4
5304410,0
5304419,0
5304435,0
5304445,0
5304460,0
5304469,0
5304477,0
5304610,0
5304635,0
5304644,0
5304652,0
5304660,0
5304669,0
5304677,0
5304685,0
5304694,0
5304702,0
5304711,0
5304719,0
5304727,0
5304735,0
5304744,0
5304752,0
5304760,0
5304769,0
5304777,0
5304785,0
5304794,0
5304810,0
5304819,0
5304827,0
5304835,0
5304844,0
5304852,0
5304860,0
5304869,0
5304877,0
5304885,0
5304894,0
5304902,0
5304910,0
5304919,0
5304927,0
5304935,0
5304944,0
5304952,0
5304960,0
5304969,0
5304977,0
5304994,0
5305002,0
5305010,0
5305019,0
5305027,0
5305035,0
5305044,0
5305052,0
5305060,0
5305069,0
5305077,0
5305085,0
5305094,0
5305110,0
5305119,0
5305127,0
5305135,0
5305144,0
5305152,0
5305160,0
5305169,0
5305177,0
5305194,0
5305202,0
5305211,0
5305219,0
5305227,0
5305235,0
5305244,0
5305252,0
5305260,0
5305269,0
5305277,0
5305294,4
5305310,0
5305319,0
5305327,0
5305335,0
5305344,0
5305352,0
5305360,0
5305369,0
5305377,0
5305394,4
5305402,0
5305419,0
5305427,0
5305435,0
5305444,0
5305452,0
5305461,0
5305469,0
5305477,0
5305494,4
5305502,0
5305510,0
5305519,0
5305527,0
5305535,0
5305544,0
5305552,0
5305560,0
5305569,0
5305577,0
5305594,0
5305602,0
5305611,0
5305627,0
5305635,0
5305644,0
5305652,0
5305660,0
5305669,0
5305677,0
5305710,0
5305719,0
5305727,0
5305735,0
5305744,0
5305752,0
5305769,0
5305777,0
5305785,0
5305794,0
5305810,0
5305819,0
5305827,0
5305835,0
5305844,0
5305852,0
5305869,0
5305878,0
5305885,0
5305894,0
5305910,0
5305919,0
5305927,0
5305935,0
5305944,0
5305952,0
5305960,0
5305969,0
5305977,0
5305994,0
5306002,0
5306011,0
5306019,0
5306027,0
5306035,0
5306044,0
5306052,5
5306069,5
5306077,4
5306085,4
5306094,4
5306110,4
5306119,4
5306127,3
5306135,4
5306144,4
5306152,3
5306160,3
5306169,3
5306177,3
5306194,2
5306202,3
5306210,3
5306219,2
5306227,2
5306235,2
5306244,2
5306252,5
5306260,5
5306269,1
5306277,2
5306302,3
5306310,2
5306319,2
5306327,2
5306335,2
5306344,2
5306352,2
5306360,2
5306369,2
5306378,2
5306385,2
5306394,2
5306402,2
5306411,2
5306419,2
5306435,3
5306444,2
5306452,2
5306460,2
5306469,3
5306477,3
5306494,3
5306502,3
5306511,3
5306535,2
5306544,5
5306552,5
5306560,5
5306569,5
5306577,5
5306594,5
5306602,5
5306610,5
5306619,5
5306627,5
5306636,5
5306644,5
5306661,5
5306669,5
5306677,5
5306685,5
5306694,5
5306710,5
5306719,5
5306727,5
5306735,5
5306744,0
5306760,0
5306769,0
5306778,0
5306794,5
5306802,0
5306811,0
5306819,5
5306827,5
5306835,0
5306844,0
5306852,0
5306860,0
5306869,0
5306877,0
5306885,0
5306894,5
5306910,0
5306919,0
5306927,0
5306935,0
5306944,0
5306952,0
5306960,0
5306969,0
5306977,0
5306985,0
5306994,0
5307010,0
5307019,0
5307035,0
5307044,0
5307052,0
5307060,0
5307069,0
5307077,0
5307085,0
5307094,5
5307110,5
5307285,5
5307294,0
5307302,5
5307310,0
5307319,5
5307327,0
5307335,0
5307344,0
5307352,0
5307360,0
5307369,0
5307377,0
5307394,5
5307402,5
5307410,5
5307419,5
5307427,5
5307435,0
5307444,0
5307452,0
5307460,0
5307469,0
5307477,0
5307485,0
5307494,0
5307510,0
5307519,0
5307527,0
5307535,0
5307544,0
5307552,0
5307560,0
5307569,0
5307577,0
5307594,0
5307602,0
5307610,0
5307619,0
5307627,0
5307635,0
5307644,0
5307652,0
5307669,0
5307677,0
5307685,0
5307694,0
5307702,0
5307710,0
5307719,0
5307727,0
5307735,0
5307744,0
5307752,0
5307760,0
5307769,0
5307777,0
5307785,0
5307794,0
5307810,0
5307819,0
5307835,0
5307843,0
5307860,0
5307869,0
5307877,0
5307885,0
5307894,5
5307902,0
5307910,0
5307918,0
5307935,0
5307944,0
5307960,0
5307968,0
5307977,0
5307985,0
5307993,5
5308002,0
5308010,0
5308018,0
5308027,0
5308035,0
5308043,0
5308052,0
5308060,0
5308069,0
5308077,0
5308094,5
5308102,0
5308110,0
5308118,5
5308127,5
5308135,5
5308143,5
5308152,5
5308160,5
5308168,5
5308177,5
5308193,5
5308202,5
5308210,5
5308218,5
5308227,3
5308235,5
5308243,5
5308268,5
5308277,5
5308285,5
5308293,4
5308302,5
5308310,5
5308327,5
5308335,5
5308343,5
5308352,5
5308360,1
5308369,5
5308377,1
5308393,5
5308402,0
5308410,0
5308427,5
5308435,5
5308444,5
5308460,5
5308469,5
5308477,5
5308493,5
5308502,0
5308510,0
5308518,5
5308527,1
5308535,5
5308543,5
5308560,1
5308568,5
5308577,5
5308585,5
5308593,5
5308610,5
5308627,5
5308635,0
5308643,0
5308652,5
5308660,5
5308668,0
5308677,0
5308685,0
5308693,5
5308702,0
5308710,0
5308718,5
5308727,5
5308735,0
5308743,5
5308760,5
5308768,0
5308777,0
5308810,0
5308818,0
5308827,5
5308835,5
5308844,5
5308860,5
5308868,0
5308877,0
5308893,4
5308902,0
5308910,0
5308918,5
5308927,1
5308935,0
5308943,0
5308952,1
5308960,1
5308968,5
5308977,0
5308993,4
5309002,0
5309010,0
5309018,5
5309027,5
5309035,0
5309043,0
5309052,0
5309060,0
5309068,0
5309077,0
5309093,4
5309102,0
5309110,0
5309119,1
5309135,0
5309143,0
5309160,0
5309168,0
5309177,0
5309193,5
5309202,0
5309210,0
5309227,0
5309235,0
5309244,0
5309260,0
5309268,0
5309277,0
5309293,4
5309302,0
5309310,0
5309318,0
5309327,0
5309335,0
5309343,0
5309352,0
5309360,0
5309368,0
5309377,0
5309393,4
5309402,0
5309410,0
5309418,5
5309427,5
5309435,0
5309443,0
5309452,0
5309460,0
5309468,0
5309477,0
5309493,4
5309502,0
5309510,0
5309518,0
5309543,0
5309552,0
5309560,0
5309568,0
5309577,0
5309593,4
5309610,0
5309627,0
5309635,0
5309643,0
5309652,0
5309660,5
5309668,0
5309677,0
5309693,4
5309702,0
5309710,0
5309718,5
5309727,5
5309735,0
5309743,0
5309752,5
5309760,5
5309768,0
5309777,0
5309793,4
5309802,0
5309810,0
5309818,5
5309827,5
5309835,0
5309843,0
5309852,0
5309861,0
5309868,0
5309877,0
5309893,4
5309902,0
5309910,0
5309918,0
5309927,5
5309935,0
5309943,0
5309952,0
5309960,0
5309968,0
5309977,0
5309993,0
5310010,0
5310027,0
5310035,0
5310043,0
5310060,0
5310068,0
5310077,0
5310085,0
5310093,4
5310102,0
5310110,0
5310118,0
5310268,0
5310285,0
5310293,0
5310302,0
5310310,0
5310318,0
5310327,0
5310335,0
5310343,0
5310352,0
5310360,5
5310368,0
5310377,0
5310385,0
5310393,0
5310402,0
5310410,0
5310418,0
5310427,0
5310435,0
5310443,0
5310452,0
5310460,0
5310468,0
5310477,0
5310485,0
5310493,0
5310502,0
5310510,0
5310518,0
5310535,0
5310543,0
5310552,0
5310560,0
5310568,0
5310577,0
5310585,0
5310593,0
5310602,0
5310610,0
5310618,0
5310627,5
5310635,5
5310643,0
5310652,0
5310660,5
5310668,5
5310677,0
5310685,0
5310693,0
5310702,0
5310710,0
5310718,0
5310727,0
5310735,0
5310743,0
5310752,0
5310760,0
5310768,0
5310777,0
5310785,0
5310793,4
5310802,0
5310810,0
5310818,0
5310827,0
5310835,0
5310843,0
5310852,0
5310860,0
5310868,0
5310877,0
5310885,0
5310893,0
5310902,0
5310910,0
5310918,0
5310927,0
5310935,0
5310943,0
5310952,0
5310960,0
5310968,0
5310977,0
5310985,0
5310993,0
5311002,0
5311010,0
5311018,0
5311027,5
5311035,0
5311043,0
5311052,0
5311060,0
5311068,0
5311077,0
5311085,0
5311093,0
5311102,0
5311110,0
5311118,0
5311127,0
5311135,0
5311143,0
5311160,0
5311168,0
5311177,0
5311185,0
5311193,4
5311202,0
5311210,0
5311218,0
5311227,0
5311235,0
5311243,0
5311252,0
5311260,0
5311268,0
5311310,0
5311327,0
5311335,0
5311343,0
5311352,0
5311360,0
5311368,0
5311377,0
5311402,0
5311410,0
5311418,0
5311427,0
5311435,0
5311443,0
5311452,0
5311460,0
5311468,0
5311477,0
5311485,0
5311510,0
5311518,0
5311527,0
5311535,0
5311543,0
5311552,0
5311560,0
5311568,0
5311577,0
5311585,0
5311593,4
5311602,0
5311610,0
5311618,0
5311627,0
5311635,0
5311643,0
5311652,0
5311660,0
5311668,0
5311677,0
5311685,0
5311693,4
5311702,0
5311710,0
5311718,4
5311727,4
5311735,0
5311743,0
5311752,0
5311760,0
5311768,0
5311777,0
5311793,4
5311802,0
5311810,0
5311818,0
5311827,5
5311835,0
5311843,0
5311852,0
5311860,0
5311868,0
5311876,0
5311885,0
5311893,4
5311901,0
5311910,0
5311918,4
5311927,4
5311935,0
5311943,0
5311951,0
5311960,0
5311968,0
5311977,0
5311993,4
5312001,0
5312010,0
5312018,0
5312026,0
5312035,0
5312043,0
5312051,0
5312060,0
5312068,0
5312076,0
5312085,0
5312093,4
5312101,0
5312110,0
5312118,0
5312126,4
5312135,0
5312143,0
5312151,0
5312160,0
5312168,0
5312177,0
5312185,0
5312193,0
5312210,0
5312218,0
5312226,5
5312235,0
5312243,0
5312260,5
5312268,0
5312276,0
5312293,5
5312301,0
5312310,0
5312318,5
5312326,5
5312335,0
5312343,0
5312360,5
5312368,0
5312376,0
5312393,0
5312410,0
5312418,0
5312427,0
5312435,0
5312443,0
5312468,0
5312476,0
5312485,0
5312493,5
5312501,0
5312510,0
5312526,0
5312535,0
5312543,0
5312551,0
5312560,0
5312568,0
5312710,0
5312726,0
5312735,0
5312743,0
5312751,0
5312760,0
5312768,0
5312776,0
5312785,0
5312793,0
5312801,0
5312810,0
5312818,0
5312826,0
5312835,0
5312843,0
5312851,5
5312860,5
5312868,0
5312876,0
5312885,0
5312893,4
5312901,0
5312910,0
5312918,0
5312926,0
5312935,0
5312943,0
5312952,0
5312960,0
5312968,0
5312976,0
5312985,5
5312993,5
5313001,0
5313010,0
5313018,5
5313035,0
5313043,0
5313051,0
5313060,5
5313068,5
5313076,0
5313085,0
5313093,5
5313110,0
5313118,5
5313135,0
5313143,0
5313151,0
5313160,0
5313168,0
5313176,0
5313193,4
5313201,0
5313210,0
5313218,5
5313226,5
5313235,0
5313243,0
5313251,0
5313260,0
5313268,0
5313276,0
5313285,0
5313293,5
5313301,0
5313310,0
5313318,0
5313326,0
5313335,0
5313343,0
5313351,0
5313360,0
5313368,0
5313376,0
5313385,0
5313393,0
5313401,0
5313410,0
5313418,0
5313426,0
5313435,0
5313443,0
5313451,0
5313460,0
5313468,0
5313476,0
5313485,0
5313493,0
5313510,0
5313518,0
5313526,0
5313535,0
5313543,0
5313551,0
5313560,0
5313568,0
5313576,0
5313585,0
5313593,0
5313602,0
5313610,0
5313618,0
5313626,0
5313635,0
5313643,0
5313651,0
5313660,0
5313668,0
5313676,0
5313685,0
5313693,5
5313710,0
5313718,0
5313726,0
5313735,0
5313743,0
5313751,0
5313760,0
5313768,0
5313776,0
5313785,0
5313793,0
5313801,0
5313810,0
5313818,0
5313826,0
5313835,0
5313843,0
5313851,0
5313860,0
5313868,0
5313876,0
5313885,0
5313893,4
5313901,0
5313910,0
5313918,1
5313926,4
5313935,0
5313943,0
5313951,0
5313960,0
5313968,0
5313976,0
5313985,0
5313993,0
5314010,0
5314018,0
5314026,0
5314035,0
5314043,0
5314051,0
5314060,0
5314068,0
5314076,0
5314093,4
5314101,0
5314110,0
5314118,0
5314126,0
5314135,0
5314143,0
5314151,0
5314160,0
5314168,0
5314176,0
5314193,4
5314201,0
5314210,0
5314235,0
5314243,0
5314251,0
5314260,0
5314268,0
5314276,0
5314285,0
5314293,0
5314310,0
5314318,0
5314326,0
5314335,0
5314344,0
5314351,0
5314360,0
5314368,0
5314376,0
5314393,0
5314401,0
5314410,0
5314418,0
5314426,0
5314435,0
5314443,0
5314451,0
5314460,0
5314468,0
5314476,0
5314485,0
5314493,4
5314502,0
5314510,0
5314518,0
5314526,0
5314535,0
5314543,0
5314710,0
5314718,0
5314726,0
5314735,0
5314743,0
5314751,0
5314760,0
5314768,0
5314776,0
5314785,0
5314793,0
5314801,0
5314810,0
5314818,0
5314826,0
5314835,0
5314843,0
5314851,0
5314860,0
5314868,0
5314876,0
5314885,0
5314893,0
5314901,0
5314910,0
5314926,0
5314935,0
5314943,0
5314951,0
5314960,0
5314968,0
5314976,0
5314985,0
5314993,0
5315001,0
5315010,0
5315018,0
5315026,0
5315035,0
5315043,0
5315051,0
5315060,0
5315068,0
5315076,0
5315085,0
5315093,0
5315101,0
5315110,0
5315118,0
5315135,0
5315143,0
5315151,0
5315160,0
5315168,0
5315176,0
5315201,0
5315210,0
5315218,0
5315235,0
5315243,0
5315251,5
5315260,5
5315268,5
5315276,5
5315285,5
5315293,5
5315301,5
5315310,5
5315318,5
5315335,5
5315343,5
5315351,5
5315360,5
5315368,5
5315376,5
5315385,5
5315393,5
5315401,0
5315410,0
5315418,0
5315426,0
5315435,0
5315443,0
5315451,0
5315459,0
5315468,0
5315476,0
5315485,0
5315493,0
5315501,0
5315510,0
5315518,0
5315526,5
5315535,5
5315544,5
5315551,5
5315560,5
5315568,5
5315576,5
5315584,5
5315593,5
5315601,5
5315609,5
5315618,5
5315626,5
5315634,5
5315643,5
5315651,0
5315660,0
5315668,0
5315676,0
5315685,0
5315693,0
5315701,0
5315709,0
5315718,5
5315726,5
5315734,5
5315743,5
5315751,5
5315759,5
5315768,5
5315776,5
5315784,5
5315793,5
5315801,5
5315810,5
5315818,5
5315826,5
5315834,5
5315843,5
5315851,5
5315859,5
5315868,5
5315876,5
5315884,5
5315893,5
5315901,5
5315909,5
5315918,5
5315934,5
5315943,5
5315951,5
5315959,5
5315968,5
5315976,5
5315984,2
5315993,2
5316001,2
5316009,2
5316018,2
5316026,2
5316034,2
5316043,2
5316051,2
5316059,2
5316068,2
5316076,2
5316084,2
5316093,2
5316101,2
5316109,2
5316118,2
5316126,2
5316134,2
5316143,2
5316151,3
5316159,3
5316168,3
5316176,2
5316184,3
5316193,3
5316201,3
5316210,3
5316218,3
5316226,3
5316234,3
5316243,3
5316251,3
5316259,3
5316268,2
5316276,2
5316284,3
5316293,3
5316301,2
5316309,2
5316318,2
5316326,2
5316334,3
5316343,3
5316351,3
5316359,3
5316368,3
5316376,2
5316384,2
5316393,2
5316401,2
5316409,2
5316418,1
5316435,1
5316443,1
5316451,1
5316459,1
5316468,1
5316476,1
5316484,1
5316493,1
5316501,2
5316509,2
5316518,2
5316526,2
5316534,2
5316543,2
5316551,2
5316560,2
5316568,2
5316576,1
5316584,1
5316593,4
5316601,1
5316609,1
5316618,1
5316626,1
5316634,1
5316643,1
5316651,1
5316659,1
5316668,1
5316676,2
5316684,1
5316693,1
5316701,1
5316709,1
5316718,1
5316734,5
5316743,5
5316751,5
5316759,5
5316768,5
5316776,5
5316784,5
5316793,5
5316801,5
5316809,5
5316818,5
5316826,5
5316834,5
5316843,5
5316851,5
5316859,5
5316868,5
5316876,5
5316884,5
5316893,5
5316901,5
5316909,5
5316918,5
5316926,5
5316934,5
5316943,5
5316951,5
5316959,5
5316968,5
5316976,5
5316984,5
5316993,5
5317001,5
5317009,5
5317018,5
5317026,5
5317034,5
5317043,5
5317051,5
5317059,5
5317068,5
5317076,2
5317085,3
5317093,3
5317101,2
5317109,2
5317118,3
5317126,3
5317134,3
5317143,3
5317151,3
5317159,3
5317168,3
5317176,3
5317184,3
5317193,3
5317201,3
5317209,3
5317218,3
5317226,4
5317234,3
5317243,3
5317251,3
5317259,3
5317268,3
5317276,3
5317284,3
5317293,3
5317301,3
5317309,3
5317318,3
5317326,3
5317334,3
5317343,3
5317351,2
5317360,3
5317368,3
5317384,2
5317393,2
5317401,2
5317409,2
5317418,2
5317426,3
5317434,3
5317443,3
5317451,3
5317459,3
5317468,3
5317476,2
5317509,2
5317518,1
5317526,5
5317534,5
5317543,5
5317551,5
5317559,0
5317568,5
5317584,5
5317593,5
5317601,5
5317609,5
5317618,5
5317626,5
5317634,5
5317643,5
5317651,5
5317659,5
5317668,5
5317676,5
5317684,5
5317693,5
5317701,5
5317709,5
5317718,5
5317726,5
5317734,5
5317743,5
5317768,5
5317776,0
5317784,0
5317793,0
5317801,5
5317809,5
5317818,5
5317834,5
5317843,5
5317851,0
5317859,3
5317868,4
5317876,5
5317884,5
5317893,5
5317909,5
5317918,5
5317934,0
5317943,0
5317951,0
5317959,0
5317968,0
5317976,0
5317984,0
5317993,0
5318001,5
5318009,5
5318018,5
5318034,5
5318043,5
5318051,5
5318059,5
5318068,5
5318076,5
5318084,5
5318093,5
5318101,5
5318109,5
5318118,5
5318126,5
5318134,5
5318143,5
5318151,5
5318168,5
5318176,5
5318184,5
5318193,5
5318201,5
5318209,5
5318218,5
5318226,5
5318234,5
5318243,5
5318268,5
5318276,5
5318284,5
5318301,5
5318309,5
5318318,5
5318326,5
5318334,5
5318343,5
5318351,5
5318368,5
5318376,5
5318384,5
5318401,5
5318409,5
5318418,5
5318426,5
5318434,5
5318443,5
5318451,5
5318459,5
5318468,5
5318476,5
5318484,5
5318509,5
5318518,5
5318534,5
5318543,5
5318551,5
5318559,5
5318568,5
5318576,5
5318584,5
5318743,0
5318751,0
5318759,0
5318768,0
5318776,0
5318784,0
5318793,0
5318801,0
5318809,0
5318818,0
5318826,0
5318834,0
5318843,0
5318851,0
5318868,0
5318876,0
5318884,0
5318893,0
5318901,0
5318909,0
5318918,0
5318926,0
5318934,0
5318943,0
5318951,0
5318959,0
5318968,4
5318984,0
5318993,0
5319001,0
5319009,0
5319018,0
5319026,0
5319034,0
5319043,0
5319051,0
5319068,1
5319076,0
5319084,0
5319093,0
5319101,0
5319109,0
5319118,0
5319126,0
5319134,0
5319143,0
5319151,0
5319160,0
5319168,0
5319176,0
5319184,0
5319193,0
5319201,0
5319209,0
5319218,0
5319226,0
5319243,0
5319251,0
5319259,0
5319268,3
5319276,0
5319285,0
5319293,0
5319301,0
5319309,0
5319318,0
5319334,5
5319342,5
5319351,6
5319359,6
5319368,6
5319376,6
5319384,6
5319393,6
5319409,6
5319418,6
5319443,6
5319451,6
5319459,5
5319468,6
5319476,6
5319484,6
5319492,6
5319509,6
5319517,6
5319534,6
5319542,6
5319551,6
5319559,6
5319568,6
5319584,6
5319592,6
5319609,6
5319617,6
5319634,6
5319642,6
5319651,6
5319667,6
5319676,6
5319684,6
5319693,5
5319709,6
5319717,6
5319734,6
5319742,6
5319751,6
5319759,6
5319767,6
5319776,6
5319784,6
5319792,6
5319809,6
5319842,6
5319851,6
5319867,6
5319876,6
5319884,6
5319892,6
5319909,6
5319917,6
5319926,5
5319934,5
5319942,5
5319951,6
5319959,6
5319967,6
5319976,6
5319984,6
5319992,6
5320009,5
5320017,5
5320026,0
5320034,0
5320042,0
5320051,0
5320059,0
5320067,0
5320076,0
5320085,0
5320092,0
5320109,0
5320117,0
5320134,0
5320142,0
5320151,0
5320159,0
5320167,0
5320176,0
5320184,0
5320318,0
5320342,0
5320351,0
5320367,0
5320376,0
5320384,0
5320392,0
5320409,0
5320417,0
5320426,0
5320434,0
5320442,0
5320451,0
5320459,0
5320467,5
5320485,0
5320493,0
5320501,0
5320509,0
5320517,0
5320526,0
5320534,0
5320542,0
5320551,0
5320559,0
5320567,4
5320576,0
5320584,0
5320592,0
5320601,0
5320609,0
5320617,0
5320626,0
5320634,0
5320642,0
5320651,0
5320659,0
5320667,0
5320676,0
5320684,0
5320692,0
5320701,0
5320709,0
5320718,0
5320726,0
5320734,0
5320742,0
5320751,0
5320759,0
5320767,5
5320784,0
5320792,0
5320801,0
5320809,0
5320984,5
5320992,5
5321001,5
5321009,5
5321017,0
5321026,0
5321034,0
5321042,0
5321051,0
5321059,0
5321067,5
5321076,5
5321084,5
5321092,5
5321101,5
5321109,5
5321118,5
5321126,0
5321134,0
5321142,0
5321151,0
5321167,2
5321184,0
5321192,0
5321201,0
5321209,0
5321217,0
5321226,0
5321234,0
5321242,0
5321251,0
5321259,0
5321267,1
5321284,0
5321292,0
5321301,0
5321309,0
5321317,0
5321326,0
5321334,0
5321342,0
5321351,0
5321359,0
5321367,0
5321376,0
5321384,0
5321392,0
5321401,0
5321409,0
5321417,0
5321426,0
5321434,0
5321442,0
5321451,0
5321459,0
5321467,2
5321484,0
5321492,0
5321501,0
5321509,0
5321517,0
5321526,0
5321534,0
5321542,0
5321551,0
5321559,0
5321567,1
5321584,0
5321592,0
5321601,0
5321609,0
5321617,0
5321626,0
5321634,0
5321642,0
5321651,0
5321659,0
5321667,0
5321676,0
5321684,0
5321692,0
5321701,0
5321709,0
5321717,0
5321726,0
5321734,0
5321742,0
5321751,0
5321759,0
5321767,4
5321784,0
5321792,0
5321809,0
5321817,0
5321834,0
5321842,0
5321851,0
5321859,0
5321867,0
5321876,0
5321884,0
5321893,0
5321901,0
5321909,0
5321917,0
5321926,0
5321934,0
5321942,0
5321951,0
5321959,0
5321967,0
5321976,0
5321984,0
5321992,0
5322001,0
5322009,0
5322017,0
5322034,0
5322042,0
5322051,0
5322059,0
5322067,4
5322084,0
5322092,0
5322109,0
5322117,0
5322134,0
5322142,0
5322151,0
5322159,0
5322176,0
5322184,0
5322192,0
5322201,0
5322209,0
5322217,0
5322234,0
5322242,0
5322251,0
5322259,0
5322267,0
5322276,0
5322284,0
5322292,0
5322301,0
5322309,0
5322317,0
5322334,0
5322342,0
5322351,0
5322359,0
5322367,0
5322376,5
5322384,0
5322542,1
5322551,5
5322567,5
5322576,5
5322584,5
5322592,5
5322601,0
5322609,0
5322617,0
5322634,0
5322642,0
5322651,0
5322659,0
5322667,0
5322676,0
5322684,0
5322692,0
5322709,0
5322718,0
5322734,0
5322742,0
5322751,0
5322759,0
5322767,1
5322784,0
5322792,0
5322801,0
5322809,0
5322817,0
5322826,0
5322842,0
5322851,0
5322859,0
5322867,0
5322876,0
5322884,0
5322892,0
5322901,0
5322909,0
5322917,0
5322934,0
5322942,0
5322951,0
5322959,0
5322967,0
5322976,0
5322984,0
5322992,0
5323001,0
5323009,0
5323017,0
5323042,0
5323051,0
5323059,0
5323067,0
5323076,0
5323084,0
5323092,0
5323101,0
5323109,0
5323117,0
5323142,0
5323151,0
5323159,0
5323167,0
5323184,0
5323192,0
5323209,0
5323217,0
5323234,0
5323242,0
5323251,0
5323259,0
5323267,0
5323275,0
5323284,0
5323292,0
5323300,0
5323309,0
5323317,0
5323334,0
5323342,0
5323351,0
5323359,0
5323367,1
5323384,0
5323392,0
5323409,0
5323417,0
5323434,0
5323442,0
5323450,0
5323459,0
5323467,0
5323476,0
5323484,0
5323492,0
5323509,0
5323517,0
5323534,0
5323542,0
5323550,0
5323567,1
5323584,0
5323592,0
5323609,0
5323617,0
5323634,0
5323642,0
5323650,0
5323667,1
5323684,0
5323692,0
5323709,0
5323717,0
5323734,0
5323742,0
5323751,0
5323759,0
5323767,0
5323775,0
5323784,0
5323792,0
5323809,0
5323817,0
5323834,0
5323842,0
5323851,0
5323867,0
5323875,0
5323884,0
5323892,0
5323909,0
5323917,0
5323934,0
5323942,0
5323951,0
5323959,0
5323967,0
5323975,0
5323984,0
5324142,0
5324150,0
5324167,5
5324175,0
5324184,0
5324192,5
5324209,0
5324217,0
5324234,0
5324242,0
5324251,0
5324259,0
5324267,1
5324284,0
5324292,0
5324309,0
5324317,0
5324325,0
5324334,0
5324342,0
5324351,0
5324359,0
5324367,1
5324384,0
5324392,0
5324409,0
5324417,0
5324434,0
5324442,0
5324451,0
5324467,2
5324484,0
5324492,0
5324509,0
5324517,0
5324534,0
5324542,0
5324551,0
5324559,0
5324567,4
5324584,0
5324592,0
5324609,0
5324617,0
5324634,0
5324642,0
5324651,0
5324659,0
5324667,0
5324675,0
5324684,0
5324692,0
5324709,0
5324717,0
5324734,0
5324742,0
5324750,0
5324759,0
5324767,1
5324784,0
5324792,0
5324809,0
5324817,0
5324834,0
5324842,0
5324850,0
5324859,0
5324867,0
5324876,0
5324884,0
5324892,0
5324909,0
5324917,0
5324934,0
5324942,0
5324950,0
5324959,0
5324967,0
5324975,0
5324984,0
5324992,0
5325000,0
5325009,0
5325017,0
5325042,0
5325050,0
5325059,0
5325067,0
5325075,0
5325084,0
5325092,0
5325100,0
5325109,0
5325117,0
5325125,0
5325134,0
5325142,0
5325150,0
5325159,0
5325167,0
5325175,0
5325184,0
5325192,0
5325200,0
5325209,0
5325217,0
5325225,0
5325234,0
5325242,0
5325250,0
5325259,0
5325267,0
5325275,0
5325284,0
5325417,5
5325425,5
5325442,5
5325450,0
5325467,0
5325475,0
5325484,0
5325492,0
5325500,0
5325509,0
5325517,0
5325525,0
5325534,0
5325542,0
5325551,0
5325559,0
5325567,0
5325575,0
5325584,0
5325592,0
5325600,0
5325609,0
5325617,0
5325625,0
5325634,0
5325642,0
5325650,0
5325659,0
5325667,1
5325684,0
5325692,0
5325709,0
5325717,0
5325725,0
5325734,0
5325742,0
5325750,0
5325759,0
5325767,3
5325784,0
5325792,0
5325800,0
5325809,0
5325817,0
5325825,0
5325834,0
5325842,0
5325850,0
5325867,0
5325875,0
5325884,0
5325892,0
5325900,0
5325909,0
5325917,0
5325925,0
5325934,0
5325942,0
5325950,0
5325959,0
5325967,4
5325984,0
5325992,0
5326000,0
5326009,0
5326017,0
5326025,0
5326034,0
5326042,0
5326050,0
5326059,0
5326067,2
5326084,0
5326092,0
5326100,0
5326109,0
5326117,0
5326125,0
5326134,0
5326142,0
5326150,0
5326159,0
5326167,0
5326176,0
5326184,0
5326192,0
5326200,0
5326209,0
5326217,0
5326225,0
5326234,0
5326242,0
5326250,0
5326259,0
5326267,0
5326284,0
5326292,0
5326300,0
5326309,0
5326317,0
5326325,0
5326334,0
5326342,0
5326350,0
5326359,0
5326367,4
5326384,0
5326392,0
5326400,0
5326409,0
5326417,0
5326425,0
5326434,0
5326442,0
5326450,0
5326459,0
5326467,5
5326475,0
5326484,0
5326492,0
5326500,0
5326509,0
5326517,0
5326525,0
5326534,0
5326542,0
5326550,0
5326559,0
5326567,0
5326575,0
5326584,0
5326592,0
5326600,0
5326609,0
5326617,0
5326625,0
5326634,0
5326642,0
5326650,0
5326659,0
5326667,0
5326675,0
5326684,0
5326692,0
5326700,0
5326709,0
5326717,0
5326725,0
5326734,0
5326742,0
5326750,0
5326767,0
5326775,0
5326784,0
5326792,0
5326800,0
5326809,0
5326817,0
5326825,0
5326834,0
5326842,0
5326850,0
5326859,0
5326867,1
5326875,4
5326884,0
5327017,5
5327025,5
5327042,5
5327050,0
5327067,0
5327075,0
5327084,0
5327092,0
5327100,0
5327109,0
5327117,0
5327125,0
5327134,0
5327142,0
5327150,0
5327158,0
5327167,0
5327175,0
5327183,0
5327192,0
5327200,0
5327209,0
5327217,0
5327225,0
5327242,0
5327250,0
5327259,0
5327267,0
5327283,0
5327292,0
5327300,0
5327308,0
5327317,0
5327325,0
5327333,0
5327342,0
5327350,0
5327358,0
5327367,2
5327375,0
5327383,0
5327392,0
5327400,0
5327408,0
5327417,0
5327425,0
5327442,0
5327450,0
5327459,0
5327467,4
5327475,0
5327484,0
5327492,0
5327500,0
5327508,0
5327517,0
5327525,0
5327533,0
5327542,0
5327550,0
5327558,0
5327567,4
5327575,0
5327583,0
5327592,3
5327600,5
5327609,0
5327617,0
5327625,0
5327633,0
5327642,0
5327650,0
5327658,0
5327667,0
5327683,0
5327692,0
5327700,0
5327708,0
5327717,0
5327726,0
5327733,0
5327742,0
5327750,0
5327767,0
5327775,0
5327783,0
5327792,0
5327800,0
5327809,0
5327817,0
5327825,0
5327833,0
5327842,0
5327850,0
5327858,0
5327867,0
5327875,0
5327883,0
5327892,0
5327900,0
5327908,0
5327917,0
5327925,0
5327933,0
5327942,0
5327950,0
5327958,0
5327967,0
5327975,0
5327983,0
5327992,0
5328000,0
5328008,0
5328017,0
5328025,0
5328033,0
5328042,0
5328050,0
5328058,0
5328067,0
5328075,0
5328083,0
5328092,0
5328100,0
5328108,0
5328117,0
5328125,0
5328133,0
5328142,0
5328150,0
5328158,0
5328167,0
5328175,0
5328183,0
5328192,0
5328200,0
5328208,0
5328217,0
5328225,0
5328233,0
5328242,0
5328250,0
5328259,0
5328267,0
5328275,0
5328283,0
5328292,0
5328300,0
5328308,0
5328317,0
5328333,0
5328342,0
5328350,0
5328367,1
5328375,0
5328383,0
5328392,0
5328408,0
5328417,0
5328433,0
5328442,0
5328450,0
5328458,0
5328475,0
5328483,0
5328492,0
5328509,0
5328517,0
5328525,0
5328542,0
5328550,0
5328558,0
5328567,0
5328575,0
5328583,0
5328592,0
5328600,0
5328608,0
5328617,0
5328625,0
5328642,0
5328650,0
5328659,0
5328667,0
5328675,0
5328683,0
5328692,0
5328700,0
5328708,0
5328717,0
5328725,0
5328733,0
5328742,0
5328750,0
5328758,0
5328775,0
5328783,0
5328792,0
5328800,0
5328808,0
5328817,0
5328825,0
5328833,0
5328842,0
5328850,0
5328858,0
5328867,0
5328875,0
5328883,0
5328892,0
5328900,0
5328908,0
5328917,0
5328925,0
5328933,0
5328942,0
5328950,0
5328958,0
5328967,0
5328975,0
5328983,0
5328992,0
5329000,0
5329008,0
5329017,0
5329025,0
5329033,0
5329042,0
5329050,0
5329067,0
5329075,0
5329083,0
5329242,0
5329258,0
5329267,0
5329283,0
5329300,0
5329308,0
5329317,0
5329325,0
5329333,0
5329342,0
5329350,0
5329358,0
5329367,0
5329375,0
5329383,0
5329392,0
5329400,0
5329408,0
5329417,0
5329425,0
5329433,0
5329442,0
5329450,0
5329458,0
5329467,0
5329475,0
5329483,0
5329492,0
5329500,0
5329508,0
5329517,0
5329525,0
5329533,0
5329542,0
5329550,0
5329559,0
5329567,0
5329575,0
5329583,0
5329592,0
5329600,0
5329608,0
5329617,0
5329625,0
5329633,0
5329642,0
5329650,0
5329658,0
5329667,0
5329675,0
5329683,0
5329692,0
5329700,0
5329708,0
5329717,0
5329725,0
5329733,0
5329742,0
5329750,0
5329767,0
5329775,0
5329783,0
5329792,0
5329800,0
5329808,0
5329817,0
5329825,0
5329833,0
5329842,0
5329850,0
5329858,0
5329867,0
5329875,0
5329883,0
5329892,0
5329900,0
5329908,0
5329917,0
5329925,0
5329933,0
5329942,0
5329950,0
5329967,0
5329975,0
5329983,0
5329992,0
5330000,0
5330008,0
5330017,0
5330025,0
5330033,0
5330042,0
5330050,0
5330067,0
5330075,0
5330083,0
5330092,0
5330100,0
5330117,0
5330125,0
5330133,0
5330142,0
5330150,0
5330167,4
5330175,0
5330192,0
5330200,0
5330217,0
5330225,0
5330242,0
5330383,5
5330392,5
5330400,5
5330408,0
5330417,0
5330425,0
5330442,0
5330450,0
5330458,0
5330467,0
5330475,0
5330483,0
5330492,0
5330500,0
5330508,0
5330517,0
5330525,0
5330533,0
5330542,0
5330550,0
5330558,0
5330567,0
5330575,0
5330583,0
5330592,0
5330600,0
5330608,0
5330617,0
5330625,0
5330633,0
5330642,0
5330650,0
5330658,0
5330667,0
5330675,0
5330683,0
5330692,0
5330700,0
5330708,0
5330717,0
5330725,0
5330733,0
5330742,0
5330750,0
5330758,0
5330766,0
5330775,0
5330783,0
5330791,0
5330800,0
5330808,0
5330816,0
5330825,0
5330833,0
5330841,0
5330850,0
5330858,0
5330866,0
5330875,0
5330883,0
5330891,0
5330900,0
5330908,0
5330916,0
5330925,0
5330933,0
5330941,0
5330950,0
5330958,0
5330966,0
5330975,0
5330983,0
5330992,0
5331000,0
5331008,0
5331017,0
5331025,0
5331041,0
5331050,0
5331058,0
5331066,0
5331075,0
5331083,0
5331091,0
5331100,0
5331108,0
5331116,0
5331125,0
5331133,0
5331142,0
5331150,0
5331158,0
5331167,0
5331175,0
5331183,0
5331191,0
5331200,0
5331208,5
5331216,5
5331225,5
5331233,0
5331241,0
5331250,0
5331267,4
5331283,0
5331291,0
5331300,0
5331308,0
5331316,0
5331325,0
5331333,0
5331341,0
5331350,0
5331366,4
5331375,0
5331383,0
5331392,0
5331400,0
5331408,0
5331416,0
5331425,0
5331433,0
5331441,0
5331450,0
5331466,5
5331475,0
5331483,0
5331491,0
5331508,0
5331516,0
5331541,0
5331550,0
5331575,0
5331583,0
5331591,0
5331600,0
5331608,0
5331616,0
5331625,0
5331633,5
5331641,0
5331650,0
5331658,0
5331666,0
5331675,0
5331683,0
5331691,0
5331700,0
5331708,0
5331716,0
5331725,0
5331733,0
5331741,0
5331750,0
5331758,0
5331767,0
5331775,0
5331783,0
5331791,0
5331808,0
5331816,0
5331825,0
5331841,0
5331850,0
5331858,0
5331866,0
5331875,0
5331883,0
5331891,0
5331908,0
5331916,0
5331933,0
5331941,0
5331950,0
5331958,0
5331966,5
5331975,0
5331983,0
5331991,0
5332008,0
5332017,0
5332025,0
5332033,0
5332042,0
5332050,0
5332066,5
5332075,0
5332083,0
5332091,5
5332100,0
5332108,0
5332116,0
5332125,0
5332133,0
5332141,0
5332150,0
5332166,0
5332175,0
5332183,0
5332191,0
5332200,5
5332208,0
5332216,5
5332225,5
5332233,5
5332241,5
5332250,5
5332266,5
5332275,5
5332283,5
5332291,5
5332300,5
5332309,5
5332316,5
5332325,0
5332333,0
5332341,0
5332350,0
5332366,0
5332375,0
5332383,0
5332391,0
5332400,0
5332408,0
5332416,0
5332425,0
5332441,0
5332450,0
5332458,5
5332466,4
5332475,0
5332483,0
5332616,5
5332641,5
5332650,1
5332658,0
5332666,0
5332675,0
5332683,0
5332691,0
5332700,0
5332708,0
5332716,0
5332725,0
5332733,0
5332741,0
5332750,0
5332766,0
5332775,0
5332783,0
5332791,0
5332808,0
5332816,0
5332825,0
5332833,0
5332842,0
5332850,0
5332858,0
5332866,0
5332883,0
5332891,0
5332900,0
5332908,0
5332916,0
5332925,0
5332933,5
5332941,5
5332950,0
5332958,0
5332966,4
5332975,0
5332984,0
5332991,0
5333000,0
5333008,0
5333016,0
5333025,0
5333033,1
5333041,1
5333050,0
5333058,0
5333066,0
5333075,0
5333083,0
5333091,0
5333100,0
5333108,0
5333117,0
5333125,0
5333133,0
5333141,0
5333150,0
5333158,0
5333166,0
5333175,0
5333183,0
5333191,0
5333200,0
5333208,0
5333216,0
5333225,0
5333233,0
5333241,0
5333250,0
5333258,0
5333266,0
5333275,0
5333283,0
5333291,0
5333300,0
5333308,0
5333316,0
5333325,0
5333333,0
5333341,0
5333350,0
5333358,0
5333366,0
5333375,0
5333383,0
5333391,0
5333400,0
5333408,0
5333416,0
5333425,0
5333433,0
5333441,0
5333450,0
5333458,0
5333466,0
5333475,0
5333483,0
5333491,0
5333500,0
5333509,0
5333516,0
5333525,0
5333533,0
5333541,0
5333550,0
5333558,0
5333566,0
5333575,0
5333583,0
5333591,0
5333600,0
5333608,0
5333616,0
5333625,0
5333633,0
5333641,0
5333650,0
5333658,0
5333666,0
5333675,0
5333683,0
5333691,0
5333700,0
5333708,0
5333716,0
5333725,0
5333741,0
5333750,0
5333758,0
5333766,0
5333775,0
5333783,0
5333791,0
5333800,0
5333808,0
5333816,0
5333825,0
5333833,0
5333841,0
5333850,0
5333858,0
5333866,0
5333875,0
5333883,0
5333891,0
5333900,0
5333908,0
5333916,0
5333925,0
5333933,0
5333941,0
5333950,0
5333958,0
5333966,0
5333975,0
5333983,0
5333991,0
5334000,0
5334008,0
5334016,0
5334025,0
5334033,0
5334041,0
5334050,0
5334058,0
5334066,0
5334075,0
5334083,0
5334091,0
5334100,0
5334108,0
5334116,0
5334125,0
5334133,0
5334141,0
5334150,0
5334158,0
5334166,0
5334175,0
5334183,0
5334191,0
5334200,0
5334208,0
5334216,0
5334225,0
5334233,0
5334241,0
5334408,0
5334416,0
5334425,0
5334441,0
5334450,0
5334458,0
5334466,0
5334475,0
5334483,0
5334491,0
5334500,0
5334508,0
5334516,0
5334525,0
5334533,0
5334541,0
5334550,0
5334558,0
5334575,0
5334583,0
5334591,0
5334599,0
5334608,0
5334616,0
5334624,0
5334633,0
5334641,0
5334649,0
5334658,0
5334675,0
5334683,0
5334691,0
5334699,0
5334708,0
5334716,0
5334724,0
5334733,0
5334741,0
5334749,0
5334758,0
5334766,0
5334775,0
5334783,0
5334791,0
5334800,0
5334808,0
5334816,0
5334825,0
5334833,0
5334841,0
5334849,0
5334858,0
5334866,0
5334874,0
5334883,0
5334891,0
5334899,0
5334908,0
5334916,0
5334925,0
5334933,0
5334941,0
5334949,0
5334958,0
5334966,0
5334974,0
5334983,0
5334991,0
5334999,0
5335008,0
5335016,0
5335024,0
5335033,0
5335041,0
5335050,0
5335058,0
5335066,0
5335074,0
5335083,0
5335091,0
5335099,0
5335108,0
5335116,0
5335124,0
5335141,4
5335158,0
5335166,0
5335175,0
5335183,0
5335192,0
5335199,0
5335208,0
5335216,0
5335224,0
5335241,4
5335249,0
5335258,0
5335266,0
5335274,0
5335283,0
5335291,0
5335299,0
5335308,0
5335317,0
5335325,0
5335341,0
5335349,0
5335358,0
5335366,0
5335374,0
5335383,0
5335391,0
5335399,0
5335408,0
5335416,0
5335425,0
5335433,0
5335441,4
5335449,0
5335458,0
5335466,0
5335474,0
5335483,0
5335491,0
5335499,0
5335508,0
5335516,0
5335524,0
5335533,0
5335541,0
5335549,0
5335558,0
5335566,0
5335574,0
5335583,0
5335591,0
5335599,0
5335608,0
5335616,0
5335624,0
5335641,0
5335650,0
5335658,0
5335666,0
5335674,0
5335683,0
5335691,0
5335699,0
5335708,0
5335716,0
5335724,0
5335733,0
5335741,0
5335749,0
5335758,0
5335766,0
5335774,0
5335783,0
5335791,0
5335799,0
5335808,0
5335816,0
5335824,0
5335833,0
5335841,0
5335849,0
5335858,0
5335866,0
5335874,0
5335883,0
5335891,0
5335899,0
5335908,0
5335916,0
5335924,0
5335933,0
5336083,0
5336091,0
5336099,0
5336116,0
5336124,0
5336141,0
5336149,0
5336158,0
5336166,5
5336174,5
5336183,0
5336191,0
5336199,0
5336208,0
5336216,0
5336224,0
5336241,0
5336249,0
5336258,0
5336266,5
5336274,0
5336283,0
5336291,0
5336299,0
5336308,0
5336316,0
5336324,0
5336333,0
5336341,0
5336350,0
5336358,0
5336366,0
5336374,0
5336383,0
5336391,0
5336399,0
5336408,0
5336416,0
5336424,0
5336433,0
5336441,0
5336449,0
5336458,0
5336466,0
5336474,0
5336483,0
5336491,0
5336508,0
5336516,0
5336524,0
5336533,0
5336541,0
5336549,0
5336558,0
5336566,0
5336574,0
5336583,0
5336591,0
5336608,0
5336616,0
5336624,0
5336633,0
5336641,0
5336649,0
5336658,0
5336666,0
5336674,0
5336683,0
5336691,0
5336699,0
5336708,0
5336716,0
5336724,0
5336733,0
5336741,0
5336749,0
5336758,0
5336766,5
5336774,5
5336783,5
5336791,0
5336816,0
5336824,0
5336833,0
5336841,5
5336849,0
5336858,0
5336866,0
5336874,0
5336883,0
5336891,0
5336899,0
5336908,0
5336916,0
5336924,0
5336941,0
5336949,0
5336958,0
5336966,5
5336974,5
5336983,0
5336991,0
5336999,0
5337008,0
5337016,0
5337024,0
5337041,0
5337049,0
5337058,0
5337066,5
5337074,5
5337083,0
5337091,0
5337099,0
5337108,0
5337116,0
5337124,0
5337141,4
5337149,0
5337158,0
5337166,0
5337316,0
5337333,0
5337341,0
5337349,0
5337358,0
5337366,0
5337374,0
5337383,0
5337391,0
5337399,0
5337408,0
5337416,0
5337424,0
5337433,0
5337441,0
5337449,0
5337458,0
5337466,0
5337474,0
5337483,0
5337491,0
5337499,0
5337508,0
5337516,0
5337524,0
5337533,0
5337541,0
5337549,0
5337558,0
5337566,0
5337574,0
5337583,0
5337591,0
5337599,0
5337608,0
5337616,0
5337624,0
5337633,0
5337641,0
5337649,0
5337658,0
5337666,0
5337674,0
5337683,0
5337691,0
5337699,0
5337708,0
5337716,0
5337724,0
5337733,0
5337741,0
5337749,0
5337758,0
5337766,0
5337774,0
5337783,0
5337791,0
5337799,0
5337808,0
5337816,0
5337824,0
5337833,0
5337841,0
5337849,0
5337858,0
5337866,0
5337874,0
5337883,0
5337891,0
5337899,0
5337908,0
5337916,0
5337924,0
5337941,0
5337949,0
5337958,0
5337966,0
5337974,0
5337983,0
5337991,0
5337999,0
5338008,0
5338016,0
5338024,0
5338041,0
5338049,0
5338058,0
5338066,0
5338074,0
5338083,0
5338091,0
5338099,0
5338108,0
5338116,0
5338124,0
5338141,0
5338149,0
5338158,0
5338166,0
5338174,0
5338183,0
5338191,0
5338199,0
5338208,0
5338216,0
5338224,0
5338241,4
5338249,0
5338258,0
5338266,0
5338283,0
5338291,0
5338316,0
5338324,0
5338333,0
5338341,5
5338349,0
5338358,0
5338366,0
5338383,0
5338391,0
5338407,0
5338416,0
5338424,0
5338433,0
5338441,5
5338449,0
5338457,0
5338466,0
5338483,0
5338491,0
5338499,5
5338507,5
5338516,0
5338524,0
5338541,5
5338549,0
5338558,0
5338566,0
5338583,0
5338591,0
5338599,0
5338607,0
5338616,0
5338624,5
5338641,5
5338649,0
5338658,5
5338666,5
5338674,5
5338682,0
5338691,0
5338699,0
5338716,0
5338724,0
5338733,0
5338741,4
5338749,0
5338757,0
5338766,5
5338782,0
5338791,0
5338799,0
5338808,5
5338816,0
5338824,0
5338833,5
5338841,5
5338849,0
5338857,0
5338866,5
5338874,5
5338882,0
5338891,0
5338907,0
5338916,0
5338924,0
5338932,5
5338941,5
5338949,0
5338958,0
5338966,5
5338974,5
5338982,0
5338991,0
5339007,0
5339016,0
5339024,0
5339041,5
5339049,0
5339057,5
5339066,1
5339082,1
5339091,3
5339116,3
5339124,3
5339132,3
5339141,3
5339149,3
5339158,3
5339166,3
5339174,3
5339182,3
5339191,3
5339207,3
5339216,3
5339224,3
5339241,3
5339257,3
5339291,5
5339299,0
5339307,0
5339316,0
5339324,0
5339341,0
5339349,0
5339357,5
5339366,5
5339374,5
5339382,0
5339391,0
5339399,0
5339407,0
5339416,0
5339424,0
5339441,0
5339449,0
5339457,0
5339466,0
5339474,0
5339482,0
5339491,0
5339499,5
5339507,5
5339516,5
5339524,5
5339541,5
5339549,0
5339557,0
5339566,5
5339582,0
5339591,0
5339608,0
5339616,0
5339641,5
5339657,0
5339682,0
5339691,0
5339699,5
5339716,5
5339724,0
5339741,5
5339749,5
5339757,5
5339766,5
5339774,0
5339782,0
5339791,5
5339799,5
5339816,5
5339824,5
5339832,5
5339841,5
5339849,5
5339858,5
5339866,5
5339874,5
5339882,5
5339891,5
5339899,5
5339916,5
5339924,5
5339932,5
5339949,5
5339957,5
5339974,5
5339982,5
5339991,5
5339999,5
5340016,5
5340024,5
5340049,5
5340057,5
5340082,5
5340091,5
5340099,5
5340116,5
5340124,5
5340141,2
5340149,5
5340157,5
5340166,5
5340182,5
5340191,5
5340199,5
5340207,5
5340216,5
5340224,5
5340241,1
5340249,5
5340257,5
5340266,5
5340274,5
5340282,5
5340291,5
5340307,5
5340316,5
5340341,5
5340349,1
5340358,2
5340382,2
5340391,2
5340416,2
5340424,2
5340433,3
5340441,2
5340449,2
5340458,2
5340466,2
5340482,2
5340491,2
5340507,2
5340516,2
5340525,2
5340532,2
5340541,2
5340549,1
5340557,1
5340566,1
5340574,2
5340582,2
5340591,2
5340607,3
5340616,3
5340632,2
5340641,2
5340657,2
5340666,2
5340682,2
5340691,2
5340707,2
5340716,2
5340732,2
5340741,2
5340757,1
5340766,1
5340782,1
5340791,1
5340807,1
5340816,5
5340824,5
5340841,1
5340849,5
5340858,5
5340866,5
5340882,5
5340891,5
5340916,5
5340957,5
5340966,5
5340982,5
5340991,5
5341016,5
5341024,5
5341049,5
5341057,5
5341066,5
5341082,5
5341091,5
5341099,5
5341116,5
5341125,5
5341141,5
5341149,5
5341157,5
5341182,5
5341191,5
5341199,5
5341207,5
5341216,5
5341224,5
5341241,2
5341249,5
5341258,5
5341282,5
5341291,5
5341299,5
5341307,5
5341316,5
5341324,5
5341341,5
5341349,5
5341358,5
5341366,5
5341374,5
5341382,5
5341391,5
5341399,5
5341407,5
5341416,5
5341424,5
5341441,5
5341458,5
5341466,5
5341474,5
5341482,5
5341491,0
5341499,0
5341507,0
5341516,0
5341524,5
5341541,5
5341557,0
5341566,2
5341592,0
5341599,0
5341607,0
5341616,0
5341624,0
5341641,5
5341649,0
5341666,5
5341674,5
5341691,0
5341699,0
5341707,0
5341716,0
5341725,0
5341741,4
5341749,0
5341758,5
5341766,5
5341774,5
5341782,0
5341791,0
5341799,0
5341807,5
5341816,0
5341824,0
5341841,5
5341849,0
5341857,0
5341882,0
5341891,0
5341907,0
5341916,0
5342016,5
5342024,0
5342032,5
5342041,0
5342057,0
5342066,0
5342082,0
5342091,0
5342107,0
5342116,0
5342124,0
5342132,0
5342141,5
5342149,0
5342157,0
5342165,0
5342182,0
5342191,0
5342207,5
5342216,0
5342224,0
5342232,0
5342241,0
5342249,0
5342257,0
5342265,0
5342282,0
5342291,0
5342307,0
5342315,0
5342324,0
5342332,0
5342340,5
5342349,0
5342357,0
5342366,0
5342382,0
5342390,0
5342407,0
5342416,0
5342424,0
5342432,0
5342440,0
5342449,0
5342457,0
5342465,0
5342482,0
5342490,0
5342507,0
5342515,5
5342524,0
5342532,5
5342541,5
5342549,0
5342557,0
5342566,0
5342582,0
5342590,0
5342607,5
5342616,5
5342624,0
5342632,5
5342640,5
5342649,0
5342657,0
5342665,0
5342682,0
5342690,0
5342699,0
5342707,0
5342716,0
5342724,0
5342732,0
5342740,0
5342749,0
5342757,0
5342774,0
5342782,0
5342790,0
5342799,0
5342807,0
5342815,0
5342824,0
5342832,0
5342840,0
5342849,0
5342857,0
5342865,0
5342882,0
5342890,0
5342899,0
5342907,0
5342915,0
5342924,0
5342932,0
5342940,0
5342949,0
5342957,0
5342974,0
5342982,0
5342990,0
5342999,0
5343007,0
5343015,0
5343024,0
5343040,0
5343049,0
5343057,0
5343065,0
5343074,5
5343082,0
5343090,0
5343099,0
5343107,0
5343115,0
5343124,0
5343140,0
5343149,0
5343157,0
5343166,0
5343182,0
5343190,0
5343207,0
5343215,0
5343224,0
5343232,0
5343240,0
5343249,0
5343257,0
5343265,0
5343274,0
5343282,0
5343290,0
5343299,0
5343307,0
5343316,0
5343324,5
5343340,5
5343349,0
5343357,0
5343365,5
5343374,5
5343382,0
5343390,0
5343407,0
5343415,0
5343424,0
5343440,5
5343449,0
5343457,0
5343465,5
5343474,5
5343482,0
5343490,0
5343507,0
5343515,0
5343524,0
5343540,4
5343549,0
5343557,0
5343565,5
5343582,0
5343590,0
5343615,0
5343624,0
5343640,5
5343649,0
5343657,0
5343665,0
5343674,0
5343682,0
5343690,0
5343699,0
5343707,0
5343715,0
5343724,0
5343740,5
5343749,0
5343757,0
5343765,5
5343774,5
5343782,0
5343790,0
5343807,0
5343815,0
5343824,0
5343832,0
5343840,0
5343849,0
5343857,0
5343865,0
5343882,0
5343890,0
5343907,0
5343915,0
5343924,0
5343940,0
5343949,0
5343957,0
5343966,5
5343974,5
5343982,0
5343990,0
5343999,0
5344007,0
5344015,0
5344024,0
5344040,0
5344049,5
5344057,5
5344065,0
5344074,5
5344082,5
5344090,5
5344099,5
5344107,5
5344116,1
5344124,1
5344140,2
5344149,1
5344157,1
5344165,2
5344174,5
5344182,1
5344190,1
5344199,5
5344207,5
5344215,5
5344224,5
5344240,5
5344249,1
5344257,1
5344265,5
5344274,1
5344282,1
5344290,1
5344299,1
5344307,1
5344315,1
5344324,5
5344340,5
5344349,5
5344357,5
5344365,5
5344382,5
5344390,5
5344399,5
5344415,5
5344424,5
5344440,5
5344449,5
5344457,5
5344465,5
5344482,5
5344491,5
5344499,5
5344515,5
5344524,5
5344549,5
5344557,5
5344574,5
5344582,5
5344590,5
5344599,5
5344607,5
5344615,5
5344624,5
5344640,4
5344649,5
5344657,5
5344665,5
5344682,5
5344690,5
5344699,5
5344715,5
5344724,5
5344740,1
5344749,5
5344757,5
5344765,1
5344774,1
5344782,5
5344790,5
5344807,5
5344815,5
5344824,5
5344832,5
5344840,4
5344857,5
5344865,5
5344882,5
5344890,5
5344899,5
5344915,5
5344924,0
5344940,0
5344949,5
5344957,5
5344965,1
5344974,5
5344982,5
5344990,5
5345007,5
5345015,5
5345024,5
5345040,5
5345057,5
5345065,1
5345074,1
5345082,5
5345090,5
5345115,5
5345124,5
5345132,5
5345140,5
5345149,5
5345157,5
5345174,5
5345182,5
5345190,5
5345199,0
5345207,0
5345215,0
5345224,0
5345232,0
5345240,0
5345249,0
5345257,0
5345265,0
5345274,0
5345282,0
5345290,0
5345299,0
5345307,0
5345315,0
5345324,0
5345340,0
5345349,0
5345357,0
5345365,0
5345374,0
5345382,0
5345390,0
5345399,0
5345407,0
5345415,0
5345424,0
5345440,0
5345449,0
5345457,0
5345465,0
5345474,0
5345482,0
5345490,0
5345499,0
5345507,0
5345515,0
5345524,0
5345540,0
5345549,0
5345557,0
5345565,0
5345582,0
5345590,0
5345607,0
5345615,0
5345624,0
5345632,0
5345640,0
5345649,0
5345657,0
5345665,0
5345674,0
5345682,0
5345690,0
5345699,0
5345707,0
5345715,0
5345724,0
5345740,5
5345749,0
5345757,0
5345765,5
5345774,5
5345782,0
5345790,0
5345799,0
5345815,0
5345824,0
5345832,0
5345840,0
5345849,0
5345857,0
5345865,0
5345874,5
5345882,0
5345890,0
5345899,0
5345907,5
5345915,5
5345924,0
5345940,4
5345949,0
5345957,0
5345965,5
5345974,5
5345982,0
5345990,0
5345999,0
5346007,0
5346015,0
5346024,0
5346040,0
5346049,0
5346057,0
5346065,5
5346074,5
5346090,0
5346098,0
5346107,0
5346115,0
5346123,0
5346148,0
5346157,0
5346173,0
5346190,0
5346198,0
5346207,0
5346215,0
5346224,0
5346232,0
5346240,4
5346248,0
5346257,0
5346265,4
5346457,0
5346465,0
5346473,0
5346482,0
5346490,0
5346507,0
5346515,0
5346523,0
5346540,5
5346548,0
5346557,0
5346565,5
5346573,5
5346582,0
5346590,0
5346598,0
5346607,0
5346615,0
5346624,0
5346640,0
5346649,1
5346657,0
5346665,5
5346673,5
5346682,0
5346690,0
5346698,0
5346707,0
5346715,0
5346723,0
5346757,0
5346765,0
5346773,0
5346782,0
5346790,0
5346815,0
5346832,0
5346840,5
5346857,0
5346865,0
5346873,0
5346882,0
5346890,0
5346898,0
5346915,0
5346923,0
5346932,4
5346940,5
5346948,5
5346957,5
5346965,0
5346973,0
5346982,0
5346990,0
5346998,0
5347007,0
5347015,0
5347040,0
5347048,5
5347057,0
5347065,5
5347082,5
5347090,0
5347098,0
5347107,0
5347115,0
5347123,0
5347132,0
5347140,0
5347148,0
5347157,0
5347165,0
5347182,0
5347190,0
5347198,0
5347207,0
5347215,0
5347223,0
5347240,0
5347257,0
5347265,0
5347274,0
5347282,0
5347290,0
5347298,0
5347307,0
5347315,0
5347323,0
5347340,0
5347348,0
5347357,0
5347365,0
5347373,0
5347382,0
5347390,0
5347398,0
5347407,0
5347415,0
5347423,0
5347432,0
5347440,0
5347448,0
5347457,0
5347465,0
5347473,0
5347482,0
5347490,0
5347498,0
5347507,0
5347515,0
5347523,0
5347532,0
5347540,0
5347557,0
5347565,0
5347573,0
5347582,0
5347590,0
5347598,0
5347607,0
5347615,0
5347623,0
5347632,0
5347640,0
5347648,0
5347657,0
5347665,0
5347673,0
5347682,0
5347690,0
5347715,5
5347723,2
5347732,2
5347740,1
5347748,2
5347757,2
5347765,2
5347773,2
5347782,2
5347790,2
5347798,2
5347807,2
5347815,3
5347823,3
5347832,3
5347840,3
5347848,3
5347857,3
5347865,2
5347882,2
5347890,2
5347898,1
5347907,1
5347915,1
5347923,5
5347932,5
5347940,5
5347949,5
5347957,5
5347965,5
5347973,5
5347982,5
5347990,5
5347998,5
5348007,5
5348015,5
5348023,5
5348040,4
5348048,0
5348057,0
5348065,0
5348073,0
5348082,0
5348090,5
5348099,5
5348107,5
5348115,5
5348123,5
5348132,5
5348140,1
5348148,5
5348157,5
5348165,5
5348182,5
5348190,5
5348198,5
5348215,5
5348223,5
5348232,5
5348240,5
5348248,5
5348257,5
5348265,5
5348273,5
5348282,5
5348290,5
5348298,5
5348307,5
5348315,5
5348323,5
5348332,5
5348340,5
5348348,5
5348357,5
5348365,5
5348373,5
5348382,5
5348390,5
5348398,0
5348407,0
5348415,5
5348423,5
5348432,5
5348440,5
5348448,5
5348457,5
5348465,5
5348473,5
5348482,5
5348490,5
5348498,5
5348507,5
5348515,5
5348523,5
5348532,5
5348540,5
5348548,5
5348557,5
5348565,5
5348573,5
5348582,5
5348590,5
5348598,5
5348607,0
5348615,0
5348623,0
5348640,0
5348657,0
5348665,5
5348673,5
5348682,5
5348690,0
5348698,0
5348715,0
5348723,0
5348732,0
5348740,5
5348757,5
5348765,0
5348773,0
5348782,0
5348790,0
5348798,0
5348807,0
5348815,0
5348823,0
5348832,0
5348840,0
5348857,0
5348865,0
5348882,0
5348890,0
5348898,0
5348907,0
5348915,0
5348923,0
5348932,0
5348940,0
5348948,0
5348957,0
5348965,0
5348982,0
5348990,0
5349007,0
5349015,0
5349023,0
5349157,5
5349165,5
5349173,0
5349182,0
5349190,0
5349198,0
5349207,0
5349215,5
5349223,0
5349232,0
5349240,0
5349248,0
5349257,0
5349265,5
5349273,5
5349282,5
5349290,5
5349298,5
5349315,5
5349323,5
5349332,5
5349340,5
5349348,5
5349357,5
5349365,5
5349373,5
5349382,5
5349390,5
5349398,5
5349407,5
5349415,5
5349423,5
5349432,5
5349440,4
5349448,5
5349457,5
5349465,5
5349473,5
5349482,5
5349490,5
5349498,5
5349515,5
5349523,5
5349532,5
5349540,5
5349548,3
5349557,3
5349565,4
5349573,4
5349582,3
5349590,3
5349598,3
5349607,3
5349615,3
5349623,3
5349640,4
5349648,2
5349657,2
5349665,2
5349673,5
5349682,1
5349690,2
5349698,4
5349707,4
5349715,3
5349723,2
5349732,4
5349740,4
5349748,2
5349757,2
5349765,3
5349773,1
5349781,1
5349790,1
5349798,1
5349806,1
5349815,1
5349823,1
5349832,1
5349840,1
5349848,1
5349857,2
5349865,2
5349873,1
5349881,1
5349890,1
5349898,2
5349906,2
5349915,2
5349923,2
5349931,2
5349940,2
5349948,2
5349957,2
5349965,2
5349973,2
5349982,2
5349990,2
5349998,3
5350007,3
5350015,3
5350023,2
5350031,2
5350040,2
5350048,2
5350056,3
5350065,2
5350073,2
5350081,2
5350090,3
5350098,3
5350115,3
5350123,3
5350131,2
5350140,3
5350148,2
5350156,3
5350165,3
5350173,3
5350181,2
5350190,2
5350198,2
5350206,2
5350215,2
5350223,2
5350231,2
5350240,2
5350256,2
5350265,3
5350273,2
5350281,1
5350290,5
5350298,5
5350306,5
5350315,5
5350323,5
5350331,5
5350340,0
5350348,0
5350356,5
5350365,5
5350382,5
5350390,5
5350398,5
5350406,5
5350415,5
5350431,5
5350440,5
5350456,5
5350465,5
5350473,5
5350481,5
5350490,5
5350498,5
5350506,5
5350515,5
5350523,5
5350681,5
5350690,0
5350698,0
5350706,5
5350715,0
5350723,5
5350731,0
5350748,0
5350756,0
5350765,0
5350781,0
5350790,0
5350798,0
5350807,0
5350815,0
5350823,0
5350831,0
5350840,0
5350848,0
5350856,5
5350865,5
5350873,0
5350881,0
5350890,0
5350898,0
5350906,0
5350915,0
5350923,0
5350931,0
5350940,0
5350948,0
5350956,0
5350965,0
5350973,0
5350981,0
5350990,0
5350998,0
5351015,0
5351023,0
5351031,0
5351040,0
5351048,0
5351057,0
5351065,0
5351073,0
5351081,0
5351090,0
5351098,0
5351106,0
5351115,0
5351123,0
5351131,0
5351140,0
5351148,0
5351156,0
5351165,0
5351173,0
5351181,0
5351190,0
5351198,0
5351215,0
5351223,0
5351231,0
5351240,5
5351248,0
5351256,0
5351265,0
5351273,0
5351281,0
5351290,0
5351298,0
5351306,0
5351315,0
5351323,0
5351331,0
5351340,5
5351348,5
5351356,5
5351365,0
5351373,0
5351381,0
5351390,0
5351398,0
5351406,0
5351415,0
5351423,0
5351431,0
5351440,0
5351448,0
5351456,0
5351465,0
5351473,0
5351481,0
5351490,0
5351498,0
5351506,0
5351515,0
5351523,0
5351531,0
5351540,0
5351548,0
5351556,0
5351565,0
5351573,0
5351581,0
5351590,0
5351598,0
5351615,0
5351623,0
5351631,0
5351640,0
5351648,0
5351656,0
5351815,0
5351831,0
5351840,0
5351848,0
5351857,0
5351865,0
5351881,0
5351890,0
5351898,0
5351906,0
5351915,0
5351923,0
5351931,0
5351940,0
5351948,0
5351956,0
5351965,0
5351973,0
5351981,0
5351990,0
5351998,0
5352006,0
5352015,0
5352023,0
5352031,0
5352040,0
5352056,0
5352065,0
5352081,0
5352090,0
5352098,0
5352115,0
5352123,0
5352131,0
5352140,0
5352148,0
5352156,0
5352165,0
5352173,0
5352181,0
5352190,0
5352198,0
5352206,0
5352215,0
5352231,0
5352240,0
5352248,0
5352256,0
5352265,0
5352273,0
5352281,0
5352290,0
5352298,0
5352306,0
5352315,5
5352323,0
5352331,0
5352340,0
5352348,0
5352356,0
5352365,0
5352373,0
5352381,0
5352390,0
5352415,0
5352423,0
5352431,0
5352440,5
5352448,0
5352456,0
5352465,0
5352473,0
5352481,0
5352490,0
5352498,0
5352506,0
5352515,3
5352523,0
5352531,0
5352540,0
5352556,0
5352565,0
5352581,0
5352590,0
5352598,0
5352606,0
5352615,0
5352623,0
5352631,0
5352640,0
5352648,0
5352656,0
5352665,0
5352673,0
5352681,0
5352690,0
5352698,0
5352706,0
5352715,3
5352723,0
5352731,0
5352740,0
5352748,0
5352756,0
5352765,0
5352773,0
5352781,0
5352790,0
5352798,0
5352806,0
5352815,4
5352823,0
5352831,0
5352840,0
5352848,0
5352856,0
5352865,0
5352873,0
5352881,0
5352890,0
5352898,0
5352906,0
5352915,0
5352923,0
5352931,0
5352940,0
5352948,0
5352956,0
5352965,0
5352973,0
5352981,0
5352990,0
5352998,0
5353006,0
5353015,0
5353031,0
5353040,0
5353048,0
5353056,0
5353065,0
5353073,0
5353081,0
5353090,0
5353098,0
5353106,0
5353115,0
5353123,0
5353131,0
5353140,0
5353148,0
5353156,0
5353165,0
5353173,0
5353181,0
5353190,0
5353198,0
5353206,0
5353215,0
5353223,0
5353231,0
5353240,0
5353248,0
5353256,0
5353265,0
5353273,0
5353281,0
5353290,0
5353298,0
5353306,0
5353315,0
5353323,0
5353331,0
5353340,0
5353348,0
5353356,0
5353365,0
5353381,0
5353390,0
5353398,0
5353406,0
5353415,0
5353423,0
5353431,0
5353440,0
5353448,0
5353456,0
5353465,0
5353481,0
5353490,0
5353498,0
5353506,0
5353515,0
5353523,0
5353531,0
5353540,0
5353548,0
5353556,0
5353565,0
5353573,0
5353581,0
5353590,0
5353598,0
5353606,0
5353615,4
5353631,0
5353639,0
5353656,5
5353790,0
5353814,0
5353832,0
5353848,0
5353856,0
5353864,0
5353889,0
5353898,0
5353906,0
5353923,0
5353931,0
5353939,0
5353948,0
5353956,0
5353965,0
5353973,0
5353981,0
5353989,0
5353998,0
5354014,0
5354031,0
5354039,0
5354056,0
5354073,0
5354106,0
5354115,1
5354123,1
5354131,0
5354139,0
5354148,3
5354156,2
5354164,3
5354173,3
5354181,3
5354190,3
5354198,3
5354206,4
5354214,4
5354223,4
5354232,3
5354240,3
5354248,3
5354256,3
5354265,3
5354273,3
5354281,3
5354289,3
5354298,3
5354306,4
5354314,4
5354323,4
5354331,4
5354339,4
5354348,4
5354356,4
5354365,4
5354373,3
5354381,4
5354389,4
5354398,4
5354406,4
5354414,4
5354423,4
5354431,4
5354439,4
5354448,3
5354456,3
5354464,3
5354473,3
5354481,3
5354489,3
5354498,4
5354506,5
5354514,5
5354523,4
5354531,3
5354539,3
5354556,3
5354564,3
5354581,3
5354589,3
5354598,4
5354606,3
5354614,4
5354623,4
5354631,3
5354656,3
5354664,3
5354681,3
5354689,2
5354698,1
5354706,1
5354714,2
5354723,5
5354731,5
5354739,5
5354756,0
5354764,0
5354773,0
5354789,0
5354798,0
5354806,0
5354814,0
5354823,0
5354831,0
5354839,0
5354848,0
5354856,0
5354864,0
5354881,0
5354889,0
5354898,0
5354906,0
5354914,0
5354923,0
5354931,0
5354939,0
5354948,0
5354956,0
5354964,0
5354973,0
5354981,0
5354989,0
5354998,0
5355006,0
5355014,1
5355032,0
5355039,0
5355048,0
5355056,0
5355064,0
5355073,0
5355081,0
5355089,0
5355098,0
5355106,0
5355114,0
5355123,0
5355131,0
5355139,0
5355148,0
5355156,0
5355164,0
5355173,0
5355181,0
5355189,0
5355198,0
5355206,0
5355214,0
5355223,0
5355231,0
5355239,0
5355248,0
5355256,0
5355264,0
5355273,0
5355281,0
5355289,0
5355298,0
5355314,0
5355323,0
5355331,0
5355339,0
5355348,0
5355356,0
5355364,0
5355373,0
5355381,0
5355389,0
5355398,0
5355414,0
5355423,0
5355432,0
5355439,0
5355448,0
5355456,0
5355464,0
5355473,0
5355481,0
5355489,0
5355498,0
5355506,0
5355514,0
5355523,0
5355531,0
5355539,0
5355548,0
5355556,0
5355564,0
5355573,0
5355581,0
5355589,0
5355598,0
5355606,0
5355614,0
5355623,0
5355631,0
5355639,0
5355648,5
5355656,5
5355664,0
5355673,0
5355839,0
5355848,0
5355856,0
5355864,0
5356056,0
5356064,0
5356073,0
5356089,0
5356123,0
5356131,0
5356139,0
5356148,0
5356156,0
5356164,0
5356181,0
5356189,0
5356198,0
5356206,0
5356214,0
5356223,1
5356232,5
5356239,3
5356248,5
5356256,2
5356264,3
5356281,3
5356289,3
5356298,3
5356306,3
5356314,3
5356323,3
5356331,3
5356339,3
5356348,3
5356356,3
5356364,3
5356373,3
5356381,3
5356390,3
5356398,3
5356406,3
5356414,2
5356431,2
5356439,2
5356448,5
5356456,4
5356464,5
5356473,5
5356481,5
5356489,5
5356498,5
5356506,5
5356514,5
5356523,5
5356531,5
5356539,5
5356556,5
5356564,5
5356581,5
5356589,5
5356598,5
5356606,5
5356614,0
5356631,0
5356639,0
5356656,5
5356665,5
5356673,5
5356689,5
5356698,5
5356714,0
5356723,0
5356731,0
5356739,0
5356756,0
5356764,5
5356773,5
5356790,5
5356798,5
5356806,5
5356814,5
5356831,0
5356839,0
5356848,0
5356856,0
5356864,5
5356873,5
5356889,5
5356898,5
5356906,5
5356914,5
5356923,0
5356931,0
5356940,0
5356956,5
5356964,5
5356989,5
5357006,5
5357031,6
5357039,6
5357056,6
5357064,6
5357081,5
5357089,5
5357114,5
5357131,6
5357156,6
5357164,5
5357181,5
5357189,5
5357206,5
5357214,5
5357231,6
5357239,6
5357256,5
5357264,5
5357281,5
5357289,5
5357298,5
5357306,5
5357314,5
5357323,5
5357331,5
5357339,2
5357348,3
5357356,2
5357364,3
5357373,3
5357381,3
5357389,3
5357398,3
5357406,3
5357414,3
5357423,2
5357431,2
5357439,3
5357448,2
5357456,2
5357464,2
5357472,1
5357481,1
5357489,1
5357498,3
5357514,2
5357523,3
5357531,4
5357539,4
5357548,3
5357556,3
5357564,4
5357572,4
5357581,4
5357589,4
5357597,4
5357606,4
5357614,4
5357631,4
5357639,3
5357656,1
5357664,1
5357681,1
5357689,1
5357698,1
5357706,1
5357714,2
5357722,2
5357731,2
5357739,2
5357756,2
5357781,2
5357789,1
5357798,1
5357806,1
5357814,1
5357822,1
5357831,1
5357839,1
5357847,2
5357856,2
5357872,4
5357881,4
5357889,4
5357898,3
5357906,4
5357914,4
5357922,3
5357931,4
5357939,4
5357947,2
5357956,3
5357964,3
5357972,3
5357981,3
5357989,3
5357998,3
5358006,4
5358014,4
5358022,3
5358031,3
5358039,3
5358047,4
5358056,4
5358065,4
5358073,4
5358081,4
5358089,4
5358098,4
5358106,4
5358114,4
5358122,4
5358131,4
5358139,4
5358147,4
5358156,4
5358164,4
5358172,4
5358181,4
5358189,4
5358198,4
5358206,4
5358214,4
5358222,4
5358231,4
5358239,4
5358247,4
5358256,4
5358264,4
5358272,4
5358281,4
5358289,4
5358297,4
5358306,4
5358314,4
5358322,4
5358331,4
5358339,4
5358348,4
5358356,4
5358364,4
5358381,2
5358389,2
5358397,1
5358406,5
5358414,5
5358431,5
5358439,5
5358447,5
5358456,5
5358464,5
5358473,5
5358481,5
5358489,0
5358498,0
5358506,0
5358514,0
5358522,0
5358531,0
5358547,0
5358556,0
5358564,0
5358572,0
5358581,0
5358589,0
5358598,0
5358606,0
5358614,0
5358622,0
5358631,0
5358639,0
5358647,0
5358656,0
5358664,0
5358672,5
5358681,5
5358689,0
5358697,0
5358706,0
5358714,5
5358722,0
5358732,0
5358739,0
5358747,0
5358756,0
5358764,0
5358772,0
5358789,0
5358798,0
5358806,0
5358814,0
5358822,0
5358831,0
5358839,0
5358847,0
5358856,0
5358865,0
5358872,0
5358881,0
5358889,0
5358898,0
5358914,0
5358931,0
5358939,0
5358947,0
5358956,0
5358964,0
5358972,0
5358981,0
5358989,0
5358997,0
5359014,0
5359022,0
5359031,0
5359039,0
5359131,0
5359139,0
5359156,0
5359164,0
5359172,0
5359197,0
5359206,0
5359214,0
5359222,0
5359231,0
5359239,0
5359247,5
5359256,5
5359264,5
5359272,5
5359281,5
5359289,5
5359298,5
5359306,5
5359314,5
5359331,5
5359339,5
5359347,0
5359356,0
5359364,0
5359381,0
5359389,0
5359398,5
5359406,0
5359414,5
5359422,0
5359431,5
5359439,5
5359456,5
5359464,5
5359481,5
5359489,5
5359497,0
5359506,5
5359514,5
5359522,0
5359531,0
5359539,0
5359547,0
5359556,0
5359565,0
5359573,0
5359597,0
5359606,0
5359614,0
5359622,0
5359631,0
5359639,0
5359647,0
5359656,0
5359664,0
5359672,0
5359689,0
5359698,0
5359714,0
5359722,0
5359731,0
5359739,0
5359747,0
5359756,0
5359764,0
5359772,0
5359781,0
5359789,0
5359797,0
5359814,0
5359822,0
5359831,0
5359839,0
5359847,5
5359856,0
5359864,0
5359872,0
5359881,0
5359889,0
5359897,0
5359906,0
5359914,0
5359922,0
5359931,0
5359939,0
5359947,0
5359956,0
5359964,0
5359972,0
5359989,0
5359997,0
5360006,0
5360014,0
5360022,0
5360031,0
5360039,0
5360047,0
5360056,0
5360064,0
5360072,0
5360089,0
5360097,0
5360106,0
5360114,0
5360122,0
5360131,0
5360139,0
5360147,0
5360156,0
5360164,0
5360172,0
5360181,0
5360189,0
5360197,0
5360206,0
5360214,0
5360222,0
5360231,0
5360239,0
5360247,0
5360256,0
5360264,0
5360431,0
5360439,0
5360447,0
5360456,0
5360464,0
5360472,0
5360481,0
5360489,0
5360497,0
5360506,0
5360514,4
5360531,0
5360539,0
5360547,0
5360556,0
5360564,0
5360572,0
5360581,0
5360589,0
5360597,0
5360606,0
5360614,0
5360622,0
5360631,0
5360639,0
5360647,0
5360656,0
5360664,0
5360672,0
5360681,0
5360689,0
5360697,5
5360706,5
5360714,5
5360722,1
5360731,1
5360739,1
5360747,5
5360756,5
5360764,2
5360772,1
5360781,2
5360789,2
5360797,2
5360806,2
5360814,2
5360831,2
5360839,1
5360847,1
5360856,5
5360864,1
5360872,1
5360881,1
5360889,1
5360898,2
5360906,5
5360914,2
5360922,2
5360931,2
5360939,3
5360947,3
5360956,3
5360964,2
5360972,2
5360981,5
5360989,5
5360997,2
5361006,2
5361014,1
5361022,1
5361031,1
5361039,1
5361047,5
5361056,5
5361256,0
5361264,0
5361281,0
5361289,0
5361297,0
5361306,0
5361314,3
5361322,0
5361330,0
5361339,0
5361355,0
5361364,0
5361372,0
5361380,0
5361389,0
5361397,0
5361406,0
5361414,0
5361422,0
5361431,0
5361439,0
5361447,0
5361455,0
5361464,0
5361480,0
5361489,0
5361497,0
5361505,5
5361514,5
5361530,0
5361539,0
5361547,0
5361555,0
5361564,0
5361572,0
5361580,0
5361589,0
5361597,0
5361614,0
5361630,0
5361655,0
5361664,0
5361672,0
5361680,0
5361689,0
5361697,0
5361705,0
5361714,4
5361722,0
5361855,5
5361864,0
5361872,0
5361880,0
5361889,0
5361897,0
5361914,0
5361922,0
5361931,0
5361939,0
5361947,0
5361955,0
5361964,0
5361972,0
5361980,0
5361989,0
5361997,0
5362014,0
5362022,0
5362030,0
5362039,0
5362047,0
5362055,0
5362064,0
5362072,0
5362081,0
5362089,0
5362097,5
5362105,5
5362114,3
5362122,5
5362130,3
5362155,5
5362164,5
5362172,5
5362189,5
5362197,5
5362205,5
5362214,5
5362222,5
5362230,5
5362239,5
5362255,5
5362264,5
5362272,5
5362280,5
5362289,5
5362297,5
5362314,5
5362322,0
5362330,0
5362339,5
5362347,1
5362355,5
5362364,5
5362372,5
5362380,5
5362389,5
5362397,5
5362414,5
5362422,5
5362430,5
5362439,5
5362447,5
5362455,5
5362464,5
5362472,5
5362480,5
5362489,5
5362497,5
5362514,4
5362522,5
5362530,0
5362539,5
5362547,5
5362555,0
5362564,0
5362572,0
5362580,0
5362589,0
5362597,0
5362614,0
5362622,0
5362630,0
5362639,0
5362647,0
5362655,0
5362664,0
5362672,0
5362689,0
5362697,0
5362705,0
5362714,0
5362730,0
5362764,4
5362772,4
5362780,4
5362789,4
5362797,4
5362805,4
5362814,4
5362822,4
5362830,4
5362839,4
5362847,4
5362855,4
5362864,4
5362872,4
5362880,4
5362889,4
5362897,4
5362905,4
5362914,4
5362922,4
5362930,4
5362939,4
5362947,3
5362955,3
5362964,3
5362972,3
5362981,2
5362989,3
5362997,4
5363022,4
5363030,4
5363055,4
5363064,4
5363089,4
5363097,3
5363105,4
5363114,4
5363122,3
5363130,4
5363139,4
5363155,3
5363164,3
5363180,3
5363189,3
5363197,3
5363205,3
5363214,4
5363222,3
5363230,3
5363255,3
5363264,3
5363280,3
5363289,3
5363297,3
5363305,4
5363322,3
5363330,4
5363339,4
5363355,4
5363364,4
5363372,4
5363380,4
5363389,4
5363397,4
5363405,4
5363414,4
5363422,4
5363430,4
5363439,4
5363455,4
5363464,4
5363472,4
5363480,4
5363489,4
5363497,4
5363505,4
5363514,4
5363522,2
5363530,3
5363539,4
5363555,3
5363564,3
5363572,4
5363580,4
5363589,3
5363597,3
5363614,3
5363631,3
5363639,3
5363647,3
5363655,3
5363664,3
5363672,4
5363680,4
5363689,3
5363697,3
5363714,4
5363730,3
5363747,4
5363755,4
5363764,4
5363772,4
5363780,4
5363789,4
5363797,3
5363814,3
5363830,3
5363839,3
5363847,4
5363864,4
5363872,3
5363880,4
5363889,4
5363897,3
5363914,3
5363930,3
5363939,3
5363947,3
5363964,3
5363972,3
5363980,2
5363989,3
5363997,3
5364014,3
5364030,3
5364039,3
5364047,3
5364055,4
5364064,4
5364072,4
5364080,4
5364089,3
5364097,3
5364114,2
5364130,3
5364139,2
5364147,2
5364164,3
5364172,3
5364180,3
5364189,3
5364197,3
5364214,3
5364230,3
5364239,3
5364247,3
5364255,3
5364264,4
5364272,3
5364280,3
5364289,3
5364297,3
5364305,3
5364314,2
5364322,2
5364330,2
5364347,5
5364355,5
5364364,0
5364372,0
5364380,0
5364389,0
5364397,0
5364405,0
5364422,0
5364430,0
5364447,0
5364455,0
5364464,0
5364472,0
5364480,0
5364489,0
5364497,0
5364505,0
5364522,0
5364530,0
5364539,0
5364547,0
5364555,0
5364564,0
5364572,0
5364580,0
5364589,0
5364597,0
5364605,0
5364614,0
5364622,0
5364630,0
5364639,0
5364655,0
5364664,4
5364672,4
5364680,4
5364689,4
5364697,4
5364705,4
5364714,4
5364722,4
5364730,4
5364739,3
5364747,4
5364755,4
5364764,4
5364772,4
5364780,4
5364789,4
5364797,4
5364805,4
5364814,4
5364822,4
5364830,4
5364839,4
5364847,3
5364855,4
5364864,4
5364872,4
5364880,4
5364889,4
5364897,4
5364905,4
5364914,4
5364922,4
5364930,4
5364939,4
5364955,4
5364964,4
5364972,4
5364980,4
5364989,3
5364997,4
5365005,4
5365013,4
5365022,4
5365030,4
5365039,4
5365047,4
5365055,4
5365064,4
5365072,4
5365080,4
5365089,4
5365097,4
5365105,4
5365113,4
5365122,3
5365130,4
5365138,4
5365155,4
5365164,4
5365180,4
5365189,4
5365197,3
5365213,4
5365222,4
5365230,4
5365238,4
5365255,4
5365263,4
5365272,2
5365280,2
5365289,3
5365297,3
5365313,3
5365322,3
5365330,3
5365338,3
5365355,3
5365363,3
5365380,3
5365388,3
5365397,3
5365413,3
5365422,3
5365430,2
5365439,5
5365447,5
5365455,5
5365463,5
5365472,5
5365480,5
5365489,5
5365497,5
5365513,4
5365522,5
5365530,5
5365538,3
5365547,5
5365555,5
5365564,5
5365573,5
5365588,5
5365597,5
5365605,5
5365613,5
5365630,5
5365638,5
5365647,5
5365655,5
5365663,5
5365672,5
5365680,5
5365689,5
5365697,5
5365714,5
5365722,0
5365730,0
5365738,0
5365747,5
5365755,0
5365763,5
5365780,5
5365788,5
5365797,5
5365813,5
5365822,0
5365830,0
5365839,0
5365855,0
5365863,0
5365880,5
5365888,5
5365897,0
5365905,0
5365913,0
5365922,0
5365930,0
5365938,0
