0.000,0.000,1.000,0.000,0.000,0.000,0.000
0.000,0.000,1.000,0.000,0.000,0.000,0.000
0.000,0.000,1.000,0.000,0.000,0.000,0.000
0.000,0.000,1.000,0.000,0.000,0.000,0.000
0.000,0.000,1.000,0.000,0.000,0.000,0.000
0.000,0.000,0.999,0.000,0.000,0.000,0.001
0.000,0.000,0.998,0.000,0.000,0.000,0.002
0.000,0.000,0.997,0.000,0.000,0.000,0.003
0.000,0.000,0.995,0.000,0.000,0.000,0.004
0.000,0.000,0.995,0.000,0.000,0.000,0.005
0.000,0.000,0.996,0.000,0.000,0.000,0.004
0.000,0.000,0.997,0.000,0.000,0.000,0.003
0.000,0.000,0.999,0.000,0.000,0.000,0.001
0.000,0.000,1.000,0.000,0.000,0.000,0.000
0.000,0.000,1.000,0.000,0.000,0.000,0.000
0.000,0.000,1.000,0.000,0.000,0.000,0.000
0.000,0.000,1.000,0.000,0.000,0.000,0.000
0.000,0.000,1.000,0.000,0.000,0.000,0.000
0.000,0.000,1.000,0.000,0.000,0.000,0.000
0.000,0.000,1.000,0.000,0.000,0.000,0.000
0.000,0.000,1.000,0.000,0.000,0.000,0.000
0.000,0.000,1.000,0.000,0.000,0.000,0.000
0.000,0.000,1.000,0.000,0.000,0.000,0.000
0.000,0.000,1.000,0.000,0.000,0.000,0.000
0.000,0.000,1.000,0.000,0.000,0.000,0.000
0.000,0.000,0.996,0.000,0.000,0.000,0.004
0.000,0.000,0.986,0.000,0.000,0.000,0.014
0.001,0.000,0.899,0.000,0.000,0.000,0.101
0.004,0.000,0.179,0.000,0.000,0.000,0.816
0.017,0.000,0.018,0.003,0.000,0.000,0.962
0.079,0.000,0.010,0.012,0.000,0.007,0.892
0.186,0.001,0.000,0.026,0.000,0.783,0.005
0.021,0.000,0.000,0.003,0.000,0.975,0.000
0.002,0.000,0.000,0.000,0.000,0.998,0.000
0.000,0.000,0.000,0.000,0.000,1.000,0.000
0.000,0.000,0.000,0.000,0.000,1.000,0.000
0.000,0.000,0.000,0.000,0.000,1.000,0.000
0.000,0.000,0.000,0.000,0.000,1.000,0.000
0.000,0.000,0.000,0.000,0.000,1.000,0.000
0.000,0.000,0.000,0.000,0.000,1.000,0.000
0.000,0.000,0.000,0.000,0.000,1.000,0.000
0.000,0.000,0.000,0.000,0.000,1.000,0.000
0.000,0.000,0.000,0.000,0.000,1.000,0.000
0.000,0.000,0.000,0.000,0.000,1.000,0.000
0.000,0.000,0.000,0.000,0.000,1.000,0.000
0.000,0.000,0.000,0.000,0.000,1.000,0.000
0.000,0.000,0.000,0.000,0.000,1.000,0.000
0.000,0.000,0.000,0.000,0.000,1.000,0.000
0.000,0.000,0.000,0.000,0.000,1.000,0.000
0.000,0.000,0.000,0.000,0.000,1.000,0.000
0.000,0.000,0.000,0.000,0.000,1.000,0.000
0.000,0.000,0.000,0.000,0.000,1.000,0.000
0.000,0.000,0.000,0.000,0.000,1.000,0.000
0.000,0.000,0.000,0.000,0.000,1.000,0.000
0.000,0.000,0.000,0.000,0.000,1.000,0.000
0.000,0.000,0.000,0.000,0.000,1.000,0.000
0.000,0.000,0.000,0.000,0.000,1.000,0.000
0.000,0.000,0.000,0.000,0.000,1.000,0.000
0.000,0.000,0.000,0.000,0.000,1.000,0.000
0.000,0.000,0.000,0.000,0.000,1.000,0.000
0.000,0.000,0.000,0.000,0.000,1.000,0.000
0.000,0.000,0.000,0.000,0.000,1.000,0.000
0.000,0.000,0.000,0.000,0.000,1.000,0.000
0.000,0.000,0.000,0.000,0.000,1.000,0.000
0.000,0.000,0.000,0.000,0.000,1.000,0.000
0.000,0.000,0.000,0.000,0.000,1.000,0.000
0.000,0.000,0.000,0.000,0.000,1.000,0.000
0.000,0.000,0.000,0.000,0.000,1.000,0.000
0.000,0.000,0.000,0.000,0.000,1.000,0.000
0.000,0.000,0.000,0.000,0.000,1.000,0.000
0.000,0.000,0.000,0.000,0.000,1.000,0.000
0.000,0.000,0.000,0.000,0.000,1.000,0.000
0.000,0.000,0.000,0.000,0.000,1.000,0.000
0.000,0.000,0.000,0.000,0.000,1.000,0.000
0.000,0.000,0.000,0.000,0.000,1.000,0.000
0.000,0.000,0.000,0.000,0.000,1.000,0.000
0.000,0.000,0.000,0.000,0.000,1.000,0.000
0.000,0.000,0.000,0.000,0.000,1.000,0.000
0.000,0.000,0.000,0.000,0.000,1.000,0.000
0.000,0.000,0.000,0.000,0.000,1.000,0.000
0.000,0.000,0.000,0.000,0.000,1.000,0.000
0.000,0.000,0.000,0.000,0.000,1.000,0.000
0.000,0.000,0.000,0.000,0.000,1.000,0.000
0.000,0.002,0.000,0.000,0.000,0.998,0.000
0.000,0.001,0.000,0.001,0.000,0.997,0.000
0.000,0.000,0.000,0.006,0.000,0.994,0.000
0.000,0.000,0.000,0.016,0.000,0.983,0.000
0.000,0.000,0.000,0.033,0.000,0.967,0.000
0.001,0.000,0.000,0.096,0.000,0.903,0.000
0.001,0.000,0.000,0.168,0.000,0.831,0.000
0.001,0.000,0.000,0.254,0.000,0.745,0.000
0.001,0.000,0.000,0.448,0.000,0.551,0.000
0.001,0.000,0.000,0.631,0.000,0.368,0.000
0.001,0.000,0.000,0.785,0.000,0.214,0.000
0.001,0.000,0.000,0.898,0.000,0.102,0.000
0.000,0.000,0.000,0.941,0.000,0.059,0.000
0.000,0.000,0.000,0.965,0.000,0.034,0.000
0.000,0.000,0.000,0.982,0.000,0.017,0.000
0.000,0.000,0.000,0.997,0.000,0.003,0.000
0.000,0.000,0.000,1.000,0.000,0.000,0.000
0.000,0.000,0.000,1.000,0.000,0.000,0.000
0.000,0.000,0.000,1.000,0.000,0.000,0.000
0.000,0.000,0.000,1.000,0.000,0.000,0.000
0.000,0.000,0.000,1.000,0.000,0.000,0.000
0.000,0.000,0.000,1.000,0.000,0.000,0.000
0.000,0.000,0.000,1.000,0.000,0.000,0.000
0.000,0.000,0.000,1.000,0.000,0.000,0.000
0.000,0.000,0.000,1.000,0.000,0.000,0.000
0.000,0.000,0.000,1.000,0.000,0.000,0.000
0.000,0.000,0.000,1.000,0.000,0.000,0.000
0.001,0.000,0.000,0.998,0.000,0.000,0.001
0.006,0.000,0.000,0.984,0.000,0.000,0.010
0.003,0.000,0.000,0.251,0.000,0.000,0.746
0.000,0.000,0.000,0.004,0.000,0.000,0.995
0.000,0.000,0.000,0.000,0.000,0.000,1.000
0.000,0.000,0.000,0.000,0.000,0.000,1.000
0.000,0.000,0.000,0.000,0.000,0.000,1.000
0.000,0.000,0.000,0.000,0.000,0.000,1.000
0.000,0.000,0.000,0.000,0.000,0.000,1.000
0.000,0.000,0.000,0.000,0.000,0.000,1.000
0.000,0.000,0.000,0.000,0.000,0.000,1.000
0.000,0.000,0.001,0.000,0.000,0.000,0.999
0.000,0.000,0.001,0.000,0.000,0.000,0.999
0.000,0.000,0.001,0.000,0.000,0.000,0.999
0.000,0.000,0.000,0.000,0.000,0.000,1.000
0.000,0.000,0.000,0.000,0.000,0.000,1.000
0.000,0.000,0.000,0.000,0.000,0.000,1.000
0.000,0.000,0.000,0.000,0.000,0.000,1.000
0.000,0.000,0.000,0.000,0.000,0.000,1.000
0.000,0.000,0.000,0.000,0.000,0.000,1.000
0.000,0.000,0.000,0.000,0.000,0.000,1.000
0.000,0.000,0.000,0.000,0.000,0.000,1.000
0.000,0.000,0.000,0.000,0.000,0.000,1.000
0.000,0.000,0.001,0.000,0.000,0.000,0.999
0.000,0.000,0.001,0.000,0.000,0.000,0.998
0.000,0.000,0.004,0.000,0.000,0.000,0.996
0.000,0.000,0.017,0.000,0.000,0.000,0.982
0.000,0.000,0.059,0.000,0.000,0.000,0.941
0.001,0.000,0.197,0.000,0.000,0.000,0.802
0.001,0.000,0.724,0.000,0.000,0.000,0.274
0.000,0.000,0.975,0.000,0.000,0.000,0.025
0.000,0.000,1.000,0.000,0.000,0.000,0.000
0.000,0.000,1.000,0.000,0.000,0.000,0.000
0.000,0.000,1.000,0.000,0.000,0.000,0.000
0.000,0.000,1.000,0.000,0.000,0.000,0.000
0.000,0.000,1.000,0.000,0.000,0.000,0.000
0.000,0.000,1.000,0.000,0.000,0.000,0.000
0.000,0.000,1.000,0.000,0.000,0.000,0.000
0.000,0.000,1.000,0.000,0.000,0.000,0.000
0.000,0.000,1.000,0.000,0.000,0.000,0.000
0.000,0.000,1.000,0.000,0.000,0.000,0.000
0.000,0.000,1.000,0.000,0.000,0.000,0.000
0.000,0.000,1.000,0.000,0.000,0.000,0.000
0.000,0.000,1.000,0.000,0.000,0.000,0.000
0.000,0.000,1.000,0.000,0.000,0.000,0.000
0.000,0.000,1.000,0.000,0.000,0.000,0.000
0.000,0.000,1.000,0.000,0.000,0.000,0.000
0.000,0.000,1.000,0.000,0.000,0.000,0.000
0.000,0.000,1.000,0.000,0.000,0.000,0.000
0.000,0.000,1.000,0.000,0.000,0.000,0.000
0.000,0.000,1.000,0.000,0.000,0.000,0.000
0.000,0.000,1.000,0.000,0.000,0.000,0.000
0.000,0.000,1.000,0.000,0.000,0.000,0.000
0.000,0.000,0.999,0.000,0.000,0.000,0.001
0.000,0.000,0.993,0.000,0.000,0.000,0.007
0.000,0.000,0.895,0.000,0.000,0.000,0.105
0.001,0.000,0.674,0.000,0.000,0.000,0.326
0.001,0.000,0.186,0.000,0.000,0.000,0.814
0.000,0.000,0.078,0.000,0.000,0.000,0.922
0.000,0.000,0.016,0.000,0.000,0.000,0.984
0.000,0.000,0.002,0.000,0.000,0.000,0.998
0.000,0.000,0.000,0.000,0.000,0.000,1.000
0.000,0.000,0.000,0.000,0.000,0.000,1.000
0.000,0.000,0.000,0.000,0.000,0.000,1.000
0.000,0.000,0.000,0.000,0.000,0.000,0.999
0.000,0.000,0.002,0.000,0.000,0.000,0.998
0.000,0.000,0.002,0.000,0.000,0.000,0.997
0.000,0.000,0.003,0.000,0.000,0.000,0.997
0.000,0.000,0.002,0.000,0.000,0.000,0.998
0.000,0.000,0.000,0.000,0.000,0.000,1.000
0.000,0.000,0.000,0.000,0.000,0.000,1.000
0.000,0.000,0.001,0.000,0.000,0.000,0.999
0.000,0.000,0.001,0.000,0.000,0.000,0.999
0.000,0.000,0.002,0.000,0.000,0.000,0.998
0.000,0.000,0.001,0.000,0.000,0.000,0.998
0.000,0.000,0.001,0.000,0.000,0.000,0.999
0.000,0.000,0.001,0.000,0.000,0.000,0.998
0.009,0.000,0.007,0.000,0.000,0.000,0.983
0.117,0.000,0.014,0.000,0.000,0.000,0.869
1.000,0.000,0.000,0.000,0.000,0.000,0.000
1.000,0.000,0.000,0.000,0.000,0.000,0.000
0.244,0.000,0.511,0.000,0.001,0.000,0.244
0.191,0.000,0.551,0.000,0.051,0.000,0.206
0.003,0.000,0.000,0.000,0.996,0.000,0.000
0.001,0.000,0.000,0.000,0.999,0.000,0.000
0.063,0.000,0.000,0.000,0.937,0.000,0.000
0.001,0.000,0.000,0.000,0.999,0.000,0.000
0.000,0.000,0.000,0.000,1.000,0.000,0.000
0.000,0.000,0.000,0.000,1.000,0.000,0.000
0.000,0.000,0.000,0.000,1.000,0.000,0.000
0.000,0.000,0.000,0.000,1.000,0.000,0.000
0.000,0.000,0.000,0.000,1.000,0.000,0.000
0.000,0.000,0.000,0.000,1.000,0.000,0.000
0.001,0.000,0.000,0.000,0.999,0.000,0.000
0.157,0.000,0.000,0.000,0.843,0.000,0.000
0.003,0.000,0.000,0.000,0.997,0.000,0.000
0.000,0.000,0.000,0.000,1.000,0.000,0.000
0.000,0.000,0.000,0.000,1.000,0.000,0.000
0.000,0.000,0.000,0.000,1.000,0.000,0.000
0.000,0.000,0.000,0.000,1.000,0.000,0.000
0.000,0.000,0.000,0.000,1.000,0.000,0.000
0.000,0.000,0.000,0.000,1.000,0.000,0.000
0.000,0.000,0.000,0.000,1.000,0.000,0.000
0.000,0.000,0.000,0.000,1.000,0.000,0.000
0.000,0.000,0.000,0.000,1.000,0.000,0.000
0.000,0.000,0.000,0.000,1.000,0.000,0.000
0.000,0.000,0.000,0.000,1.000,0.000,0.000
0.000,0.000,0.000,0.000,1.000,0.000,0.000
0.000,0.000,0.000,0.000,1.000,0.000,0.000
0.000,0.000,0.000,0.000,1.000,0.000,0.000
0.000,0.000,0.000,0.000,1.000,0.000,0.000
0.000,0.000,0.000,0.000,1.000,0.000,0.000
0.000,0.000,0.000,0.000,1.000,0.000,0.000
0.000,0.000,0.000,0.000,1.000,0.000,0.000
0.000,0.000,0.000,0.000,1.000,0.000,0.000
0.000,0.000,0.000,0.000,1.000,0.000,0.000
0.000,0.000,0.000,0.000,1.000,0.000,0.000
0.000,0.000,0.000,0.000,1.000,0.000,0.000
0.000,0.000,0.000,0.000,1.000,0.000,0.000
0.000,0.000,0.000,0.000,1.000,0.000,0.000
0.000,0.000,0.000,0.000,1.000,0.000,0.000
0.000,0.000,0.000,0.000,1.000,0.000,0.000
0.000,0.000,0.000,0.000,1.000,0.000,0.000
0.000,0.000,0.000,0.000,1.000,0.000,0.000
0.000,0.000,0.000,0.000,1.000,0.000,0.000
0.000,0.000,0.000,0.000,1.000,0.000,0.000
0.000,0.000,0.000,0.000,1.000,0.000,0.000
0.000,0.000,0.000,0.000,1.000,0.000,0.000
0.000,0.000,0.000,0.000,1.000,0.000,0.000
0.000,0.000,0.000,0.000,1.000,0.000,0.000
0.003,0.000,0.002,0.000,0.995,0.000,0.000
0.006,0.000,0.986,0.000,0.006,0.000,0.002
0.001,0.000,0.961,0.000,0.000,0.000,0.039
0.000,0.000,0.875,0.000,0.000,0.000,0.124
0.000,0.000,0.825,0.000,0.000,0.000,0.175
0.000,0.000,0.803,0.000,0.000,0.000,0.196
0.002,0.000,0.758,0.000,0.000,0.000,0.240
0.049,0.000,0.739,0.000,0.000,0.000,0.212
1.000,0.000,0.000,0.000,0.000,0.000,0.000
0.022,0.000,0.003,0.000,0.000,0.000,0.974
0.001,0.000,0.000,0.000,0.000,0.000,0.999
0.000,0.000,0.000,0.000,0.000,0.000,1.000
0.000,0.000,0.000,0.000,0.000,0.000,1.000
0.000,0.000,0.000,0.000,0.000,0.000,1.000
0.000,0.000,0.000,0.000,0.000,0.000,1.000
0.000,0.000,0.001,0.000,0.000,0.000,0.999
0.000,0.000,0.002,0.000,0.000,0.000,0.998
0.000,0.000,0.003,0.000,0.000,0.000,0.997
0.001,0.000,0.004,0.000,0.000,0.000,0.995
0.032,0.000,0.005,0.000,0.000,0.000,0.963
1.000,0.000,0.000,0.000,0.000,0.000,0.000
0.044,0.000,0.034,0.000,0.000,0.000,0.922
0.002,0.000,0.024,0.000,0.000,0.000,0.974
0.000,0.000,0.012,0.000,0.000,0.000,0.988
0.000,0.000,0.006,0.000,0.000,0.000,0.994
0.000,0.000,0.002,0.000,0.000,0.000,0.997
0.000,0.000,0.001,0.000,0.000,0.000,0.999
0.000,0.000,0.000,0.000,0.000,0.000,0.999
0.000,0.000,0.000,0.000,0.000,0.000,1.000
0.001,0.000,0.000,0.000,0.000,0.000,0.999
0.030,0.000,0.000,0.001,0.000,0.000,0.969
1.000,0.000,0.000,0.000,0.000,0.000,0.000
0.030,0.000,0.002,0.000,0.000,0.000,0.968
0.001,0.000,0.000,0.000,0.000,0.000,0.999
0.000,0.000,0.000,0.000,0.000,0.000,0.999
0.000,0.000,0.000,0.000,0.000,0.000,0.999
0.000,0.000,0.000,0.000,0.000,0.000,0.999
0.000,0.000,0.000,0.000,0.000,0.000,1.000
0.000,0.000,0.000,0.000,0.000,0.000,1.000
0.000,0.000,0.000,0.000,0.000,0.000,1.000
0.000,0.000,0.000,0.000,0.000,0.000,1.000
0.000,0.000,0.000,0.000,0.000,0.000,1.000
0.000,0.000,0.000,0.000,0.000,0.000,1.000
0.000,0.000,0.001,0.000,0.000,0.000,0.999
0.001,0.000,0.004,0.000,0.000,0.000,0.996
0.025,0.000,0.051,0.000,0.010,0.000,0.913
0.020,0.000,0.011,0.000,0.969,0.000,0.000
0.000,0.000,0.000,0.000,1.000,0.000,0.000
0.000,0.000,0.000,0.000,1.000,0.000,0.000
0.000,0.000,0.000,0.000,1.000,0.000,0.000
0.000,0.000,0.000,0.000,1.000,0.000,0.000
0.000,0.000,0.000,0.000,1.000,0.000,0.000
0.000,0.000,0.000,0.000,1.000,0.000,0.000
0.000,0.000,0.000,0.000,1.000,0.000,0.000
0.000,0.000,0.000,0.000,1.000,0.000,0.000
0.000,0.000,0.000,0.000,1.000,0.000,0.000
0.000,0.000,0.000,0.000,1.000,0.000,0.000
0.000,0.000,0.000,0.000,1.000,0.000,0.000
0.000,0.000,0.000,0.000,1.000,0.000,0.000
0.000,0.000,0.000,0.000,1.000,0.000,0.000
0.000,0.000,0.000,0.000,1.000,0.000,0.000
0.000,0.000,0.000,0.000,1.000,0.000,0.000
0.000,0.000,0.000,0.000,1.000,0.000,0.000
0.000,0.000,0.000,0.000,1.000,0.000,0.000
0.000,0.000,0.000,0.000,1.000,0.000,0.000
0.000,0.000,0.000,0.000,1.000,0.000,0.000
0.000,0.000,0.000,0.000,1.000,0.000,0.000
0.000,0.000,0.000,0.000,1.000,0.000,0.000
0.000,0.000,0.000,0.000,1.000,0.000,0.000
0.000,0.000,0.000,0.000,1.000,0.000,0.000
0.000,0.000,0.000,0.000,1.000,0.000,0.000
0.000,0.000,0.000,0.000,1.000,0.000,0.000
0.000,0.000,0.000,0.000,1.000,0.000,0.000
0.000,0.000,0.000,0.000,1.000,0.000,0.000
0.000,0.000,0.000,0.000,1.000,0.000,0.000
0.000,0.000,0.000,0.000,1.000,0.000,0.000
0.000,0.000,0.000,0.000,1.000,0.000,0.000
0.000,0.000,0.000,0.000,1.000,0.000,0.000
0.000,0.000,0.000,0.000,1.000,0.000,0.000
0.000,0.000,0.000,0.000,1.000,0.000,0.000
0.000,0.000,0.000,0.000,1.000,0.000,0.000
0.000,0.000,0.000,0.000,1.000,0.000,0.000
0.000,0.000,0.000,0.000,1.000,0.000,0.000
0.000,0.000,0.000,0.000,1.000,0.000,0.000
0.000,0.000,0.000,0.000,1.000,0.000,0.000
0.000,0.000,0.000,0.000,1.000,0.000,0.000
0.000,0.000,0.000,0.000,1.000,0.000,0.000
0.000,0.000,0.000,0.000,1.000,0.000,0.000
0.000,0.000,0.000,0.000,1.000,0.000,0.000
0.000,0.000,0.000,0.000,1.000,0.000,0.000
0.000,0.000,0.000,0.000,1.000,0.000,0.000
0.000,0.000,0.000,0.000,1.000,0.000,0.000
0.000,0.000,0.000,0.000,1.000,0.000,0.000
0.000,0.000,0.000,0.000,1.000,0.000,0.000
0.000,0.000,0.000,0.000,1.000,0.000,0.000
0.000,0.000,0.000,0.000,1.000,0.000,0.000
0.000,0.000,0.000,0.000,1.000,0.000,0.000
0.000,0.000,0.000,0.000,1.000,0.000,0.000
0.000,0.000,0.000,0.000,1.000,0.000,0.000
0.000,0.000,0.000,0.000,1.000,0.000,0.000
0.000,0.000,0.000,0.000,1.000,0.000,0.000
0.000,0.000,0.000,0.000,1.000,0.000,0.000
0.000,0.000,0.000,0.000,1.000,0.000,0.000
0.000,0.000,0.000,0.000,1.000,0.000,0.000
0.000,0.000,0.000,0.000,1.000,0.000,0.000
0.000,0.000,0.000,0.000,1.000,0.000,0.000
0.000,0.000,0.000,0.000,1.000,0.000,0.000
0.000,0.000,0.000,0.000,1.000,0.000,0.000
0.000,0.000,0.000,0.000,1.000,0.000,0.000
0.000,0.000,0.000,0.000,1.000,0.000,0.000
0.000,0.000,0.000,0.000,1.000,0.000,0.000
0.000,0.000,0.000,0.000,1.000,0.000,0.000
0.000,0.000,0.000,0.000,1.000,0.000,0.000
0.000,0.000,0.000,0.000,1.000,0.000,0.000
0.000,0.000,0.000,0.000,1.000,0.000,0.000
0.000,0.000,0.000,0.000,1.000,0.000,0.000
0.000,0.000,0.000,0.000,1.000,0.000,0.000
0.000,0.000,0.000,0.000,1.000,0.000,0.000
0.000,0.000,0.000,0.000,1.000,0.000,0.000
0.000,0.000,0.000,0.000,1.000,0.000,0.000
0.000,0.000,0.000,0.000,1.000,0.000,0.000
0.000,0.000,0.000,0.000,1.000,0.000,0.000
0.000,0.000,0.000,0.000,1.000,0.000,0.000
0.000,0.000,0.000,0.000,1.000,0.000,0.000
0.000,0.000,0.000,0.000,1.000,0.000,0.000
0.000,0.000,0.000,0.000,1.000,0.000,0.000
0.000,0.000,0.000,0.000,1.000,0.000,0.000
0.000,0.000,0.000,0.000,1.000,0.000,0.000
0.000,0.000,0.000,0.000,1.000,0.000,0.000
0.000,0.000,0.000,0.000,1.000,0.000,0.000
0.000,0.000,0.000,0.000,1.000,0.000,0.000
0.000,0.000,0.000,0.000,1.000,0.000,0.000
0.000,0.000,0.000,0.000,1.000,0.000,0.000
0.000,0.000,0.000,0.000,1.000,0.000,0.000
0.000,0.000,0.000,0.000,1.000,0.000,0.000
0.000,0.000,0.000,0.000,1.000,0.000,0.000
0.000,0.000,0.000,0.000,1.000,0.000,0.000
0.000,0.000,0.000,0.000,1.000,0.000,0.000
0.000,0.000,0.000,0.000,1.000,0.000,0.000
0.000,0.000,0.000,0.000,1.000,0.000,0.000
0.000,0.000,0.000,0.000,1.000,0.000,0.000
0.000,0.000,0.000,0.000,1.000,0.000,0.000
0.000,0.000,0.000,0.000,1.000,0.000,0.000
0.000,0.000,0.000,0.000,1.000,0.000,0.000
0.000,0.000,0.000,0.000,1.000,0.000,0.000
0.000,0.000,0.000,0.000,1.000,0.000,0.000
0.000,0.000,0.000,0.000,1.000,0.000,0.000
0.000,0.000,0.000,0.000,1.000,0.000,0.000
0.000,0.000,0.000,0.000,1.000,0.000,0.000
0.000,0.000,0.000,0.000,1.000,0.000,0.000
0.000,0.000,0.000,0.000,1.000,0.000,0.000
0.000,0.000,0.000,0.000,1.000,0.000,0.000
0.000,0.000,0.000,0.000,1.000,0.000,0.000
0.000,0.000,0.000,0.000,1.000,0.000,0.000
0.000,0.000,0.000,0.000,1.000,0.000,0.000
0.000,0.000,0.000,0.000,1.000,0.000,0.000
0.000,0.000,0.000,0.000,1.000,0.000,0.000
0.000,0.000,0.000,0.000,1.000,0.000,0.000
0.000,0.000,0.000,0.000,1.000,0.000,0.000
0.216,0.000,0.545,0.000,0.238,0.000,0.001
0.022,0.000,0.167,0.000,0.000,0.000,0.810
0.001,0.000,0.039,0.000,0.000,0.000,0.960
0.000,0.000,0.012,0.000,0.000,0.000,0.988
0.000,0.000,0.003,0.000,0.000,0.000,0.996
0.000,0.000,0.001,0.000,0.000,0.000,0.999
0.000,0.000,0.000,0.000,0.000,0.000,1.000
0.000,0.000,0.000,0.000,0.000,0.000,1.000
0.000,0.000,0.000,0.000,0.000,0.000,1.000
0.001,0.000,0.000,0.000,0.000,0.000,0.999
0.029,0.000,0.003,0.001,0.000,0.000,0.967
0.764,0.000,0.227,0.000,0.000,0.000,0.009
0.824,0.000,0.174,0.000,0.000,0.000,0.002
1.000,0.000,0.000,0.000,0.000,0.000,0.000
1.000,0.000,0.000,0.000,0.000,0.000,0.000
1.000,0.000,0.000,0.000,0.000,0.000,0.000
1.000,0.000,0.000,0.000,0.000,0.000,0.000
1.000,0.000,0.000,0.000,0.000,0.000,0.000
1.000,0.000,0.000,0.000,0.000,0.000,0.000
1.000,0.000,0.000,0.000,0.000,0.000,0.000
1.000,0.000,0.000,0.000,0.000,0.000,0.000
1.000,0.000,0.000,0.000,0.000,0.000,0.000
1.000,0.000,0.000,0.000,0.000,0.000,0.000
1.000,0.000,0.000,0.000,0.000,0.000,0.000
1.000,0.000,0.000,0.000,0.000,0.000,0.000
1.000,0.000,0.000,0.000,0.000,0.000,0.000
1.000,0.000,0.000,0.000,0.000,0.000,0.000
1.000,0.000,0.000,0.000,0.000,0.000,0.000
1.000,0.000,0.000,0.000,0.000,0.000,0.000
1.000,0.000,0.000,0.000,0.000,0.000,0.000
1.000,0.000,0.000,0.000,0.000,0.000,0.000
1.000,0.000,0.000,0.000,0.000,0.000,0.000
1.000,0.000,0.000,0.000,0.000,0.000,0.000
1.000,0.000,0.000,0.000,0.000,0.000,0.000
1.000,0.000,0.000,0.000,0.000,0.000,0.000
1.000,0.000,0.000,0.000,0.000,0.000,0.000
1.000,0.000,0.000,0.000,0.000,0.000,0.000
1.000,0.000,0.000,0.000,0.000,0.000,0.000
1.000,0.000,0.000,0.000,0.000,0.000,0.000
1.000,0.000,0.000,0.000,0.000,0.000,0.000
1.000,0.000,0.000,0.000,0.000,0.000,0.000
1.000,0.000,0.000,0.000,0.000,0.000,0.000
1.000,0.000,0.000,0.000,0.000,0.000,0.000
1.000,0.000,0.000,0.000,0.000,0.000,0.000
1.000,0.000,0.000,0.000,0.000,0.000,0.000
1.000,0.000,0.000,0.000,0.000,0.000,0.000
1.000,0.000,0.000,0.000,0.000,0.000,0.000
1.000,0.000,0.000,0.000,0.000,0.000,0.000
0.919,0.000,0.000,0.000,0.000,0.081,0.000
0.027,0.000,0.000,0.000,0.000,0.973,0.000
0.002,0.000,0.000,0.000,0.000,0.998,0.000
0.000,0.000,0.000,0.000,0.000,1.000,0.000
0.000,0.000,0.000,0.000,0.000,1.000,0.000
0.000,0.000,0.000,0.000,0.000,1.000,0.000
0.000,0.000,0.000,0.000,0.000,1.000,0.000
0.003,0.000,0.000,0.000,0.000,0.997,0.000
0.070,0.005,0.000,0.000,0.000,0.924,0.000
1.000,0.000,0.000,0.000,0.000,0.000,0.000
1.000,0.000,0.000,0.000,0.000,0.000,0.000
0.866,0.019,0.000,0.000,0.000,0.115,0.000
0.866,0.019,0.000,0.000,0.000,0.115,0.000
1.000,0.000,0.000,0.000,0.000,0.000,0.000
0.054,0.000,0.000,0.000,0.000,0.945,0.000
0.002,0.000,0.000,0.000,0.000,0.998,0.000
0.000,0.000,0.000,0.000,0.000,1.000,0.000
0.000,0.000,0.000,0.000,0.000,1.000,0.000
0.000,0.000,0.000,0.000,0.000,1.000,0.000
0.000,0.000,0.000,0.000,0.000,1.000,0.000
0.000,0.000,0.000,0.000,0.000,1.000,0.000
0.000,0.000,0.000,0.000,0.000,1.000,0.000
0.000,0.000,0.000,0.000,0.000,1.000,0.000
0.000,0.000,0.000,0.000,0.000,1.000,0.000
0.000,0.000,0.000,0.000,0.000,1.000,0.000
0.000,0.000,0.000,0.000,0.000,1.000,0.000
0.000,0.000,0.000,0.000,0.000,1.000,0.000
0.000,0.000,0.000,0.000,0.000,1.000,0.000
0.000,0.000,0.000,0.000,0.000,1.000,0.000
0.000,0.000,0.000,0.000,0.000,1.000,0.000
0.000,0.000,0.000,0.000,0.000,1.000,0.000
0.000,0.000,0.000,0.000,0.000,1.000,0.000
0.000,0.000,0.000,0.000,0.000,1.000,0.000
0.000,0.000,0.000,0.000,0.000,1.000,0.000
0.000,0.000,0.000,0.000,0.000,1.000,0.000
0.000,0.000,0.000,0.000,0.000,1.000,0.000
0.000,0.000,0.000,0.000,0.000,1.000,0.000
0.000,0.000,0.000,0.000,0.000,1.000,0.000
0.000,0.000,0.000,0.000,0.000,1.000,0.000
0.000,0.000,0.000,0.000,0.000,1.000,0.000
0.000,0.000,0.000,0.000,0.000,1.000,0.000
0.000,0.000,0.000,0.000,0.000,1.000,0.000
0.000,0.000,0.000,0.000,0.000,1.000,0.000
0.000,0.000,0.000,0.000,0.000,1.000,0.000
0.000,0.000,0.000,0.000,0.000,1.000,0.000
0.000,0.000,0.000,0.000,0.000,1.000,0.000
0.000,0.000,0.000,0.000,0.000,1.000,0.000
0.000,0.000,0.000,0.000,0.000,1.000,0.000
0.000,0.000,0.000,0.000,0.000,1.000,0.000
0.000,0.000,0.000,0.000,0.000,1.000,0.000
0.000,0.000,0.000,0.000,0.000,1.000,0.000
0.000,0.000,0.000,0.000,0.000,1.000,0.000
0.000,0.000,0.000,0.000,0.000,1.000,0.000
0.000,0.000,0.000,0.000,0.000,1.000,0.000
0.000,0.000,0.000,0.000,0.000,1.000,0.000
0.000,0.000,0.000,0.000,0.000,1.000,0.000
0.000,0.000,0.000,0.000,0.000,1.000,0.000
0.000,0.000,0.000,0.000,0.000,1.000,0.000
0.000,0.000,0.000,0.000,0.000,1.000,0.000
0.000,0.000,0.000,0.000,0.000,1.000,0.000
0.000,0.000,0.000,0.000,0.000,1.000,0.000
0.000,0.000,0.000,0.000,0.000,1.000,0.000
0.000,0.000,0.000,0.000,0.000,1.000,0.000
0.000,0.000,0.000,0.000,0.000,1.000,0.000
0.000,0.000,0.000,0.000,0.000,1.000,0.000
0.000,0.000,0.000,0.000,0.000,1.000,0.000
0.000,0.000,0.000,0.000,0.000,1.000,0.000
0.003,0.000,0.000,0.007,0.000,0.990,0.000
0.077,0.000,0.000,0.923,0.000,0.000,0.000
0.106,0.000,0.000,0.894,0.000,0.000,0.000
1.000,0.000,0.000,0.000,0.000,0.000,0.000
0.057,0.000,0.000,0.003,0.000,0.000,0.940
0.003,0.000,0.000,0.002,0.000,0.000,0.994
0.000,0.000,0.000,0.001,0.000,0.000,0.999
0.000,0.000,0.000,0.001,0.000,0.000,0.999
0.000,0.000,0.000,0.002,0.000,0.000,0.998
0.001,0.000,0.000,0.003,0.000,0.000,0.997
0.000,0.000,0.000,0.000,0.000,0.000,1.000
0.000,0.000,0.000,0.000,0.000,0.000,1.000
0.000,0.000,0.000,0.000,0.000,0.000,1.000
0.000,0.000,0.000,0.000,0.000,0.000,1.000
0.000,0.000,0.000,0.000,0.000,0.000,1.000
0.000,0.000,0.000,0.000,0.000,0.000,1.000
0.000,0.000,0.000,0.000,0.000,0.000,1.000
0.000,0.000,0.000,0.000,0.000,0.000,1.000
0.000,0.000,0.000,0.000,0.000,0.000,1.000
0.000,0.000,0.000,0.000,0.000,0.000,1.000
0.000,0.000,0.000,0.000,0.000,0.000,1.000
0.000,0.000,0.000,0.000,0.000,0.000,1.000
0.000,0.000,0.000,0.000,0.000,0.000,1.000
0.000,0.000,0.000,0.000,0.000,0.000,1.000
0.001,0.000,0.000,0.000,0.000,0.000,0.999
0.025,0.000,0.000,0.002,0.000,0.000,0.974
1.000,0.000,0.000,0.000,0.000,0.000,0.000
0.026,0.000,0.000,0.001,0.000,0.000,0.974
0.001,0.000,0.000,0.000,0.000,0.000,0.999
0.000,0.000,0.000,0.000,0.000,0.000,1.000
0.000,0.000,0.000,0.000,0.000,0.000,1.000
0.000,0.000,0.000,0.000,0.000,0.000,1.000
0.000,0.000,0.000,0.000,0.000,0.000,1.000
0.000,0.000,0.000,0.000,0.000,0.000,1.000
0.000,0.000,0.000,0.000,0.000,0.000,1.000
0.001,0.000,0.000,0.000,0.000,0.000,0.999
0.024,0.000,0.000,0.002,0.000,0.000,0.974
1.000,0.000,0.000,0.000,0.000,0.000,0.000
0.025,0.000,0.000,0.001,0.000,0.000,0.975
0.001,0.000,0.000,0.000,0.000,0.000,0.999
0.000,0.000,0.000,0.000,0.000,0.000,1.000
0.000,0.000,0.000,0.000,0.000,0.000,1.000
0.000,0.000,0.000,0.000,0.000,0.000,1.000
0.000,0.000,0.000,0.000,0.000,0.000,1.000
0.000,0.000,0.000,0.000,0.000,0.000,1.000
0.000,0.000,0.000,0.000,0.000,0.000,1.000
0.001,0.000,0.000,0.000,0.000,0.000,0.999
0.021,0.000,0.000,0.001,0.000,0.000,0.977
1.000,0.000,0.000,0.000,0.000,0.000,0.000
0.023,0.000,0.000,0.000,0.000,0.000,0.976
0.001,0.000,0.000,0.000,0.000,0.000,0.999
0.000,0.000,0.000,0.000,0.000,0.000,1.000
0.000,0.000,0.000,0.000,0.000,0.000,1.000
0.000,0.000,0.000,0.000,0.000,0.000,1.000
0.000,0.000,0.000,0.000,0.000,0.000,1.000
0.000,0.000,0.000,0.000,0.000,0.000,1.000
0.000,0.000,0.000,0.000,0.000,0.000,1.000
0.000,0.000,0.000,0.000,0.000,0.000,1.000
0.000,0.000,0.000,0.000,0.000,0.000,1.000
0.001,0.000,0.000,0.001,0.000,0.000,0.999
0.014,0.000,0.000,0.004,0.000,0.000,0.981
0.104,0.003,0.000,0.009,0.000,0.882,0.002
0.002,0.000,0.000,0.000,0.000,0.998,0.000
0.000,0.000,0.000,0.000,0.000,1.000,0.000
0.000,0.000,0.000,0.000,0.000,1.000,0.000
0.000,0.000,0.000,0.000,0.000,1.000,0.000
0.000,0.000,0.000,0.000,0.000,1.000,0.000
0.000,0.000,0.000,0.000,0.000,1.000,0.000
0.000,0.000,0.000,0.000,0.000,1.000,0.000
0.000,0.000,0.000,0.000,0.000,1.000,0.000
0.000,0.000,0.000,0.000,0.000,1.000,0.000
0.000,0.000,0.000,0.000,0.000,1.000,0.000
0.000,0.000,0.000,0.000,0.000,1.000,0.000
0.000,0.000,0.000,0.000,0.000,1.000,0.000
0.000,0.000,0.000,0.000,0.000,1.000,0.000
0.000,0.000,0.000,0.000,0.000,1.000,0.000
0.000,0.000,0.000,0.000,0.000,1.000,0.000
0.000,0.000,0.000,0.000,0.000,1.000,0.000
0.000,0.000,0.000,0.000,0.000,1.000,0.000
0.000,0.000,0.000,0.000,0.000,1.000,0.000
0.000,0.000,0.000,0.000,0.000,1.000,0.000
0.000,0.000,0.000,0.000,0.000,1.000,0.000
0.000,0.000,0.000,0.000,0.000,1.000,0.000
0.000,0.003,0.000,0.000,0.000,0.997,0.000
0.000,0.150,0.000,0.000,0.000,0.850,0.000
0.000,0.648,0.000,0.000,0.000,0.352,0.000
0.000,0.850,0.000,0.000,0.000,0.150,0.000
0.000,0.932,0.000,0.000,0.000,0.067,0.000
0.000,0.961,0.000,0.000,0.000,0.039,0.000
0.000,0.978,0.000,0.000,0.000,0.022,0.000
0.000,0.988,0.000,0.000,0.000,0.012,0.000
0.000,0.994,0.000,0.000,0.000,0.006,0.000
0.000,0.996,0.000,0.000,0.000,0.004,0.000
0.000,0.997,0.000,0.000,0.000,0.003,0.000
0.000,0.998,0.000,0.000,0.000,0.002,0.000
0.000,0.999,0.000,0.000,0.000,0.001,0.000
0.000,0.999,0.000,0.000,0.000,0.001,0.000
0.000,1.000,0.000,0.000,0.000,0.000,0.000
0.000,1.000,0.000,0.000,0.000,0.000,0.000
0.000,1.000,0.000,0.000,0.000,0.000,0.000
0.000,1.000,0.000,0.000,0.000,0.000,0.000
0.000,1.000,0.000,0.000,0.000,0.000,0.000
0.000,1.000,0.000,0.000,0.000,0.000,0.000
0.000,1.000,0.000,0.000,0.000,0.000,0.000
0.000,1.000,0.000,0.000,0.000,0.000,0.000
0.000,1.000,0.000,0.000,0.000,0.000,0.000
0.000,1.000,0.000,0.000,0.000,0.000,0.000
0.000,1.000,0.000,0.000,0.000,0.000,0.000
0.000,1.000,0.000,0.000,0.000,0.000,0.000
0.000,1.000,0.000,0.000,0.000,0.000,0.000
0.000,1.000,0.000,0.000,0.000,0.000,0.000
0.000,1.000,0.000,0.000,0.000,0.000,0.000
0.000,1.000,0.000,0.000,0.000,0.000,0.000
0.000,1.000,0.000,0.000,0.000,0.000,0.000
0.000,1.000,0.000,0.000,0.000,0.000,0.000
0.000,1.000,0.000,0.000,0.000,0.000,0.000
0.000,1.000,0.000,0.000,0.000,0.000,0.000
0.000,1.000,0.000,0.000,0.000,0.000,0.000
0.000,1.000,0.000,0.000,0.000,0.000,0.000
0.000,1.000,0.000,0.000,0.000,0.000,0.000
0.000,1.000,0.000,0.000,0.000,0.000,0.000
0.000,1.000,0.000,0.000,0.000,0.000,0.000
0.000,1.000,0.000,0.000,0.000,0.000,0.000
0.000,1.000,0.000,0.000,0.000,0.000,0.000
0.000,1.000,0.000,0.000,0.000,0.000,0.000
0.000,1.000,0.000,0.000,0.000,0.000,0.000
0.000,1.000,0.000,0.000,0.000,0.000,0.000
0.000,1.000,0.000,0.000,0.000,0.000,0.000
0.000,1.000,0.000,0.000,0.000,0.000,0.000
0.000,1.000,0.000,0.000,0.000,0.000,0.000
0.000,1.000,0.000,0.000,0.000,0.000,0.000
0.000,1.000,0.000,0.000,0.000,0.000,0.000
0.000,1.000,0.000,0.000,0.000,0.000,0.000
0.000,1.000,0.000,0.000,0.000,0.000,0.000
0.000,1.000,0.000,0.000,0.000,0.000,0.000
0.000,1.000,0.000,0.000,0.000,0.000,0.000
0.000,0.999,0.000,0.000,0.000,0.001,0.000
0.000,0.999,0.000,0.000,0.000,0.001,0.000
0.000,0.999,0.000,0.000,0.000,0.001,0.000
0.000,1.000,0.000,0.000,0.000,0.000,0.000
0.000,1.000,0.000,0.000,0.000,0.000,0.000
0.000,1.000,0.000,0.000,0.000,0.000,0.000
0.000,1.000,0.000,0.000,0.000,0.000,0.000
0.000,1.000,0.000,0.000,0.000,0.000,0.000
0.000,1.000,0.000,0.000,0.000,0.000,0.000
0.000,1.000,0.000,0.000,0.000,0.000,0.000
0.000,1.000,0.000,0.000,0.000,0.000,0.000
0.000,1.000,0.000,0.000,0.000,0.000,0.000
0.000,1.000,0.000,0.000,0.000,0.000,0.000
0.000,1.000,0.000,0.000,0.000,0.000,0.000
0.000,1.000,0.000,0.000,0.000,0.000,0.000
0.000,1.000,0.000,0.000,0.000,0.000,0.000
0.000,1.000,0.000,0.000,0.000,0.000,0.000
0.000,1.000,0.000,0.000,0.000,0.000,0.000
0.000,1.000,0.000,0.000,0.000,0.000,0.000
0.000,1.000,0.000,0.000,0.000,0.000,0.000
0.000,1.000,0.000,0.000,0.000,0.000,0.000
0.000,1.000,0.000,0.000,0.000,0.000,0.000
0.000,1.000,0.000,0.000,0.000,0.000,0.000
0.000,1.000,0.000,0.000,0.000,0.000,0.000
0.000,1.000,0.000,0.000,0.000,0.000,0.000
0.000,1.000,0.000,0.000,0.000,0.000,0.000
0.000,1.000,0.000,0.000,0.000,0.000,0.000
0.000,1.000,0.000,0.000,0.000,0.000,0.000
0.000,1.000,0.000,0.000,0.000,0.000,0.000
0.000,1.000,0.000,0.000,0.000,0.000,0.000
0.000,1.000,0.000,0.000,0.000,0.000,0.000
0.000,1.000,0.000,0.000,0.000,0.000,0.000
0.000,1.000,0.000,0.000,0.000,0.000,0.000
0.000,1.000,0.000,0.000,0.000,0.000,0.000
0.000,1.000,0.000,0.000,0.000,0.000,0.000
0.000,1.000,0.000,0.000,0.000,0.000,0.000
0.000,1.000,0.000,0.000,0.000,0.000,0.000
0.000,1.000,0.000,0.000,0.000,0.000,0.000
0.000,1.000,0.000,0.000,0.000,0.000,0.000
0.000,1.000,0.000,0.000,0.000,0.000,0.000
0.000,1.000,0.000,0.000,0.000,0.000,0.000
0.000,1.000,0.000,0.000,0.000,0.000,0.000
0.000,1.000,0.000,0.000,0.000,0.000,0.000
0.000,1.000,0.000,0.000,0.000,0.000,0.000
0.000,1.000,0.000,0.000,0.000,0.000,0.000
0.000,1.000,0.000,0.000,0.000,0.000,0.000
0.000,1.000,0.000,0.000,0.000,0.000,0.000
0.000,1.000,0.000,0.000,0.000,0.000,0.000
0.000,1.000,0.000,0.000,0.000,0.000,0.000
0.000,1.000,0.000,0.000,0.000,0.000,0.000
0.000,1.000,0.000,0.000,0.000,0.000,0.000
0.000,1.000,0.000,0.000,0.000,0.000,0.000
0.000,1.000,0.000,0.000,0.000,0.000,0.000
0.000,1.000,0.000,0.000,0.000,0.000,0.000
0.000,1.000,0.000,0.000,0.000,0.000,0.000
0.000,1.000,0.000,0.000,0.000,0.000,0.000
0.000,1.000,0.000,0.000,0.000,0.000,0.000
0.000,1.000,0.000,0.000,0.000,0.000,0.000
0.000,1.000,0.000,0.000,0.000,0.000,0.000
0.000,1.000,0.000,0.000,0.000,0.000,0.000
0.000,1.000,0.000,0.000,0.000,0.000,0.000
0.000,1.000,0.000,0.000,0.000,0.000,0.000
0.000,1.000,0.000,0.000,0.000,0.000,0.000
0.000,1.000,0.000,0.000,0.000,0.000,0.000
0.000,1.000,0.000,0.000,0.000,0.000,0.000
0.000,1.000,0.000,0.000,0.000,0.000,0.000
0.000,1.000,0.000,0.000,0.000,0.000,0.000
0.000,1.000,0.000,0.000,0.000,0.000,0.000
0.000,1.000,0.000,0.000,0.000,0.000,0.000
0.000,1.000,0.000,0.000,0.000,0.000,0.000
0.000,1.000,0.000,0.000,0.000,0.000,0.000
0.000,1.000,0.000,0.000,0.000,0.000,0.000
0.000,1.000,0.000,0.000,0.000,0.000,0.000
0.000,1.000,0.000,0.000,0.000,0.000,0.000
0.002,0.996,0.000,0.000,0.000,0.000,0.002
0.008,0.000,0.000,0.000,0.000,0.000,0.992
0.001,0.000,0.003,0.000,0.000,0.000,0.996
0.000,0.000,0.004,0.000,0.000,0.000,0.996
0.000,0.000,0.033,0.000,0.000,0.000,0.967
0.001,0.000,0.110,0.000,0.000,0.000,0.888
0.001,0.000,0.137,0.000,0.000,0.000,0.861
0.001,0.000,0.139,0.000,0.000,0.000,0.861
0.001,0.000,0.129,0.000,0.000,0.000,0.870
0.001,0.000,0.111,0.000,0.000,0.000,0.888
0.001,0.000,0.077,0.000,0.000,0.000,0.922
0.000,0.000,0.002,0.000,0.000,0.000,0.998
0.001,0.000,0.001,0.000,0.000,0.000,0.998
0.004,0.000,0.001,0.000,0.000,0.000,0.996
0.059,0.000,0.002,0.000,0.000,0.000,0.939
1.000,0.000,0.000,0.000,0.000,0.000,0.000
0.136,0.000,0.307,0.000,0.000,0.000,0.557
0.026,0.000,0.467,0.000,0.000,0.000,0.507
0.001,0.000,0.881,0.000,0.000,0.000,0.118
0.000,0.000,0.930,0.000,0.000,0.000,0.069
0.000,0.000,0.939,0.000,0.000,0.000,0.061
0.000,0.000,0.933,0.000,0.000,0.000,0.067
0.000,0.000,0.923,0.000,0.000,0.000,0.077
0.000,0.000,0.942,0.000,0.000,0.000,0.058
0.000,0.000,0.964,0.000,0.000,0.000,0.036
0.000,0.000,0.981,0.000,0.000,0.000,0.019
0.000,0.000,0.994,0.000,0.000,0.000,0.006
0.000,0.000,0.997,0.000,0.000,0.000,0.003
0.000,0.000,0.999,0.000,0.000,0.000,0.001
0.000,0.000,1.000,0.000,0.000,0.000,0.000
0.000,0.000,0.999,0.000,0.000,0.000,0.001
0.000,0.000,0.999,0.000,0.000,0.000,0.001
0.000,0.000,0.998,0.000,0.000,0.000,0.002
0.000,0.000,0.998,0.000,0.000,0.000,0.002
0.000,0.000,0.999,0.000,0.000,0.000,0.001
0.000,0.000,0.999,0.000,0.000,0.000,0.001
0.000,0.000,1.000,0.000,0.000,0.000,0.000
0.000,0.000,1.000,0.000,0.000,0.000,0.000
0.000,0.000,1.000,0.000,0.000,0.000,0.000
0.000,0.000,1.000,0.000,0.000,0.000,0.000
0.000,0.000,1.000,0.000,0.000,0.000,0.000
0.000,0.000,0.999,0.000,0.000,0.000,0.001
0.000,0.000,0.999,0.000,0.000,0.000,0.001
0.001,0.000,0.996,0.000,0.000,0.000,0.003
0.022,0.000,0.964,0.000,0.000,0.000,0.014
0.999,0.000,0.001,0.000,0.000,0.000,0.000
0.022,0.000,0.971,0.000,0.000,0.000,0.007
0.000,0.000,0.998,0.000,0.000,0.000,0.001
0.000,0.000,1.000,0.000,0.000,0.000,0.000
0.000,0.000,1.000,0.000,0.000,0.000,0.000
0.000,0.000,1.000,0.000,0.000,0.000,0.000
0.000,0.000,0.999,0.000,0.000,0.000,0.000
0.021,0.000,0.975,0.000,0.000,0.000,0.003
1.000,0.000,0.000,0.000,0.000,0.000,0.000
0.021,0.000,0.977,0.000,0.000,0.000,0.002
0.000,0.000,0.999,0.000,0.000,0.000,0.000
0.000,0.000,1.000,0.000,0.000,0.000,0.000
0.000,0.000,1.000,0.000,0.000,0.000,0.000
0.000,0.000,1.000,0.000,0.000,0.000,0.000
0.000,0.000,1.000,0.000,0.000,0.000,0.000
0.000,0.000,1.000,0.000,0.000,0.000,0.000
0.000,0.000,1.000,0.000,0.000,0.000,0.000
0.000,0.000,1.000,0.000,0.000,0.000,0.000
0.000,0.000,1.000,0.000,0.000,0.000,0.000
0.002,0.000,0.996,0.000,0.000,0.000,0.001
0.015,0.008,0.000,0.000,0.000,0.977,0.000
0.002,0.005,0.000,0.000,0.000,0.993,0.000
0.000,0.003,0.000,0.000,0.000,0.996,0.000
0.000,0.001,0.000,0.000,0.000,0.998,0.000
0.000,0.001,0.000,0.000,0.000,0.999,0.000
0.000,0.000,0.000,0.000,0.000,1.000,0.000
0.000,0.000,0.000,0.000,0.000,1.000,0.000
0.000,0.000,0.000,0.000,0.000,1.000,0.000
0.000,0.000,0.000,0.000,0.000,1.000,0.000
0.000,0.000,0.000,0.000,0.000,1.000,0.000
0.000,0.000,0.000,0.000,0.000,1.000,0.000
0.000,0.000,0.000,0.000,0.000,1.000,0.000
0.000,0.000,0.000,0.000,0.000,1.000,0.000
0.000,0.000,0.000,0.000,0.000,1.000,0.000
0.000,0.000,0.000,0.000,0.000,1.000,0.000
0.000,0.000,0.000,0.000,0.000,1.000,0.000
0.000,0.000,0.000,0.000,0.000,1.000,0.000
0.000,0.001,0.000,0.000,0.000,0.999,0.000
0.000,0.008,0.000,0.000,0.000,0.992,0.000
0.000,0.028,0.000,0.000,0.000,0.972,0.000
0.000,0.045,0.000,0.000,0.000,0.955,0.000
0.000,0.075,0.000,0.000,0.000,0.925,0.000
0.000,0.129,0.000,0.000,0.000,0.871,0.000
0.000,0.205,0.000,0.000,0.000,0.795,0.000
0.000,0.296,0.000,0.000,0.000,0.704,0.000
0.000,0.413,0.000,0.000,0.000,0.587,0.000
0.000,0.549,0.000,0.000,0.000,0.451,0.000
0.000,0.676,0.000,0.000,0.000,0.324,0.000
0.000,0.814,0.000,0.000,0.000,0.186,0.000
0.000,0.893,0.000,0.000,0.000,0.107,0.000
0.000,0.939,0.000,0.000,0.000,0.061,0.000
0.000,0.959,0.000,0.000,0.000,0.041,0.000
0.000,0.974,0.000,0.000,0.000,0.026,0.000
0.000,0.985,0.000,0.000,0.000,0.015,0.000
0.000,0.993,0.000,0.000,0.000,0.007,0.000
0.000,0.999,0.000,0.000,0.000,0.001,0.000
0.000,1.000,0.000,0.000,0.000,0.000,0.000
0.000,1.000,0.000,0.000,0.000,0.000,0.000
0.000,1.000,0.000,0.000,0.000,0.000,0.000
0.000,1.000,0.000,0.000,0.000,0.000,0.000
0.000,1.000,0.000,0.000,0.000,0.000,0.000
0.000,1.000,0.000,0.000,0.000,0.000,0.000
0.000,1.000,0.000,0.000,0.000,0.000,0.000
0.000,1.000,0.000,0.000,0.000,0.000,0.000
0.000,1.000,0.000,0.000,0.000,0.000,0.000
0.000,1.000,0.000,0.000,0.000,0.000,0.000
0.000,1.000,0.000,0.000,0.000,0.000,0.000
0.000,1.000,0.000,0.000,0.000,0.000,0.000
0.000,1.000,0.000,0.000,0.000,0.000,0.000
0.000,1.000,0.000,0.000,0.000,0.000,0.000
0.000,1.000,0.000,0.000,0.000,0.000,0.000
0.000,1.000,0.000,0.000,0.000,0.000,0.000
0.000,1.000,0.000,0.000,0.000,0.000,0.000
0.000,1.000,0.000,0.000,0.000,0.000,0.000
0.000,1.000,0.000,0.000,0.000,0.000,0.000
0.000,1.000,0.000,0.000,0.000,0.000,0.000
0.000,1.000,0.000,0.000,0.000,0.000,0.000
0.000,1.000,0.000,0.000,0.000,0.000,0.000
0.000,1.000,0.000,0.000,0.000,0.000,0.000
0.000,1.000,0.000,0.000,0.000,0.000,0.000
0.000,1.000,0.000,0.000,0.000,0.000,0.000
0.000,1.000,0.000,0.000,0.000,0.000,0.000
0.000,1.000,0.000,0.000,0.000,0.000,0.000
0.000,1.000,0.000,0.000,0.000,0.000,0.000
0.000,1.000,0.000,0.000,0.000,0.000,0.000
0.000,1.000,0.000,0.000,0.000,0.000,0.000
0.000,1.000,0.000,0.000,0.000,0.000,0.000
0.003,0.997,0.000,0.000,0.000,0.000,0.000
0.311,0.688,0.000,0.000,0.000,0.001,0.001
1.000,0.000,0.000,0.000,0.000,0.000,0.000
1.000,0.000,0.000,0.000,0.000,0.000,0.000
1.000,0.000,0.000,0.000,0.000,0.000,0.000
0.999,0.001,0.000,0.000,0.000,0.001,0.000
0.999,0.000,0.000,0.000,0.000,0.000,0.000
0.917,0.080,0.000,0.000,0.000,0.002,0.000
0.923,0.076,0.000,0.000,0.000,0.001,0.000
1.000,0.000,0.000,0.000,0.000,0.000,0.000
0.999,0.000,0.000,0.000,0.000,0.000,0.000
0.938,0.050,0.000,0.000,0.000,0.001,0.010
0.310,0.006,0.210,0.000,0.000,0.000,0.473
0.017,0.000,0.202,0.000,0.000,0.000,0.781
0.001,0.000,0.139,0.000,0.000,0.000,0.860
0.000,0.000,0.029,0.000,0.000,0.000,0.971
0.000,0.000,0.000,0.000,0.000,0.000,1.000
0.000,0.000,0.000,0.000,0.000,0.000,1.000
0.000,0.000,0.000,0.000,0.000,0.000,1.000
0.000,0.000,0.000,0.000,0.000,0.000,1.000
0.000,0.000,0.000,0.000,0.000,0.000,1.000
0.000,0.000,0.000,0.000,0.000,0.000,0.999
0.029,0.000,0.000,0.002,0.000,0.000,0.970
1.000,0.000,0.000,0.000,0.000,0.000,0.000
0.013,0.000,0.000,0.000,0.000,0.000,0.986
0.000,0.000,0.000,0.000,0.000,0.000,1.000
0.000,0.000,0.000,0.000,0.000,0.000,1.000
0.000,0.000,0.000,0.000,0.000,0.000,1.000
0.000,0.000,0.000,0.000,0.000,0.000,1.000
0.000,0.000,0.000,0.000,0.000,0.000,1.000
0.000,0.000,0.000,0.000,0.000,0.000,1.000
0.000,0.000,0.000,0.000,0.000,0.000,1.000
0.013,0.000,0.000,0.000,0.000,0.000,0.987
1.000,0.000,0.000,0.000,0.000,0.000,0.000
0.013,0.000,0.000,0.000,0.000,0.000,0.987
0.000,0.000,0.000,0.000,0.000,0.000,1.000
0.000,0.000,0.000,0.000,0.000,0.000,1.000
0.000,0.000,0.000,0.000,0.000,0.000,1.000
0.000,0.000,0.000,0.000,0.000,0.000,1.000
0.000,0.000,0.000,0.000,0.000,0.000,1.000
0.000,0.000,0.000,0.002,0.000,0.000,0.998
0.000,0.000,0.000,0.130,0.000,0.000,0.870
0.000,0.000,0.000,0.384,0.000,0.000,0.615
0.001,0.000,0.000,0.876,0.000,0.000,0.123
0.000,0.000,0.000,0.998,0.000,0.000,0.002
0.000,0.000,0.000,1.000,0.000,0.000,0.000
0.000,0.000,0.000,1.000,0.000,0.000,0.000
0.000,0.000,0.000,1.000,0.000,0.000,0.000
0.000,0.000,0.000,1.000,0.000,0.000,0.000
0.000,0.000,0.000,1.000,0.000,0.000,0.000
0.000,0.000,0.000,1.000,0.000,0.000,0.000
0.000,0.000,0.000,1.000,0.000,0.000,0.000
0.000,0.000,0.000,1.000,0.000,0.000,0.000
0.000,0.000,0.000,1.000,0.000,0.000,0.000
0.000,0.000,0.000,1.000,0.000,0.000,0.000
0.000,0.000,0.000,1.000,0.000,0.000,0.000
0.000,0.000,0.000,1.000,0.000,0.000,0.000
0.000,0.000,0.000,1.000,0.000,0.000,0.000
0.000,0.000,0.000,1.000,0.000,0.000,0.000
0.000,0.000,0.000,1.000,0.000,0.000,0.000
0.000,0.000,0.000,1.000,0.000,0.000,0.000
0.000,0.000,0.000,1.000,0.000,0.000,0.000
0.000,0.000,0.000,1.000,0.000,0.000,0.000
0.000,0.000,0.000,1.000,0.000,0.000,0.000
0.000,0.000,0.000,1.000,0.000,0.000,0.000
0.002,0.000,0.000,0.997,0.000,0.000,0.001
0.007,0.000,0.000,0.991,0.000,0.000,0.002
0.001,0.979,0.000,0.019,0.000,0.001,0.000
0.000,1.000,0.000,0.000,0.000,0.000,0.000
0.000,1.000,0.000,0.000,0.000,0.000,0.000
0.000,1.000,0.000,0.000,0.000,0.000,0.000
0.000,1.000,0.000,0.000,0.000,0.000,0.000
0.000,1.000,0.000,0.000,0.000,0.000,0.000
0.000,1.000,0.000,0.000,0.000,0.000,0.000
0.000,1.000,0.000,0.000,0.000,0.000,0.000
0.000,1.000,0.000,0.000,0.000,0.000,0.000
0.000,1.000,0.000,0.000,0.000,0.000,0.000
0.000,1.000,0.000,0.000,0.000,0.000,0.000
0.000,1.000,0.000,0.000,0.000,0.000,0.000
0.000,1.000,0.000,0.000,0.000,0.000,0.000
0.000,1.000,0.000,0.000,0.000,0.000,0.000
0.000,1.000,0.000,0.000,0.000,0.000,0.000
0.000,1.000,0.000,0.000,0.000,0.000,0.000
0.000,1.000,0.000,0.000,0.000,0.000,0.000
0.000,1.000,0.000,0.000,0.000,0.000,0.000
0.000,1.000,0.000,0.000,0.000,0.000,0.000
0.000,1.000,0.000,0.000,0.000,0.000,0.000
0.000,1.000,0.000,0.000,0.000,0.000,0.000
0.000,1.000,0.000,0.000,0.000,0.000,0.000
0.000,1.000,0.000,0.000,0.000,0.000,0.000
0.000,1.000,0.000,0.000,0.000,0.000,0.000
0.000,1.000,0.000,0.000,0.000,0.000,0.000
0.000,1.000,0.000,0.000,0.000,0.000,0.000
0.000,1.000,0.000,0.000,0.000,0.000,0.000
0.000,1.000,0.000,0.000,0.000,0.000,0.000
0.000,1.000,0.000,0.000,0.000,0.000,0.000
0.000,1.000,0.000,0.000,0.000,0.000,0.000
0.000,1.000,0.000,0.000,0.000,0.000,0.000
0.000,1.000,0.000,0.000,0.000,0.000,0.000
0.000,1.000,0.000,0.000,0.000,0.000,0.000
0.000,1.000,0.000,0.000,0.000,0.000,0.000
0.000,1.000,0.000,0.000,0.000,0.000,0.000
0.000,1.000,0.000,0.000,0.000,0.000,0.000
0.000,1.000,0.000,0.000,0.000,0.000,0.000
0.000,1.000,0.000,0.000,0.000,0.000,0.000
0.000,1.000,0.000,0.000,0.000,0.000,0.000
0.000,1.000,0.000,0.000,0.000,0.000,0.000
0.000,1.000,0.000,0.000,0.000,0.000,0.000
0.000,1.000,0.000,0.000,0.000,0.000,0.000
0.000,1.000,0.000,0.000,0.000,0.000,0.000
0.000,1.000,0.000,0.000,0.000,0.000,0.000
0.000,1.000,0.000,0.000,0.000,0.000,0.000
0.000,1.000,0.000,0.000,0.000,0.000,0.000
0.000,1.000,0.000,0.000,0.000,0.000,0.000
0.000,1.000,0.000,0.000,0.000,0.000,0.000
0.000,1.000,0.000,0.000,0.000,0.000,0.000
0.000,1.000,0.000,0.000,0.000,0.000,0.000
0.000,1.000,0.000,0.000,0.000,0.000,0.000
0.000,1.000,0.000,0.000,0.000,0.000,0.000
0.000,1.000,0.000,0.000,0.000,0.000,0.000
0.000,1.000,0.000,0.000,0.000,0.000,0.000
0.000,1.000,0.000,0.000,0.000,0.000,0.000
0.000,1.000,0.000,0.000,0.000,0.000,0.000
0.000,1.000,0.000,0.000,0.000,0.000,0.000
0.000,1.000,0.000,0.000,0.000,0.000,0.000
0.000,1.000,0.000,0.000,0.000,0.000,0.000
0.000,1.000,0.000,0.000,0.000,0.000,0.000
0.000,1.000,0.000,0.000,0.000,0.000,0.000
0.000,1.000,0.000,0.000,0.000,0.000,0.000
0.000,1.000,0.000,0.000,0.000,0.000,0.000
0.000,1.000,0.000,0.000,0.000,0.000,0.000
0.000,1.000,0.000,0.000,0.000,0.000,0.000
0.000,1.000,0.000,0.000,0.000,0.000,0.000
0.000,1.000,0.000,0.000,0.000,0.000,0.000
0.000,1.000,0.000,0.000,0.000,0.000,0.000
0.000,1.000,0.000,0.000,0.000,0.000,0.000
0.000,1.000,0.000,0.000,0.000,0.000,0.000
0.000,1.000,0.000,0.000,0.000,0.000,0.000
0.000,1.000,0.000,0.000,0.000,0.000,0.000
0.000,1.000,0.000,0.000,0.000,0.000,0.000
0.000,1.000,0.000,0.000,0.000,0.000,0.000
0.000,1.000,0.000,0.000,0.000,0.000,0.000
0.000,1.000,0.000,0.000,0.000,0.000,0.000
0.000,1.000,0.000,0.000,0.000,0.000,0.000
0.001,0.992,0.000,0.000,0.000,0.000,0.007
0.006,0.000,0.000,0.000,0.000,0.000,0.994
0.008,0.001,0.001,0.000,0.000,0.000,0.990
0.000,0.000,0.000,0.000,0.000,0.000,1.000
0.000,0.000,0.000,0.000,0.000,0.000,1.000
0.000,0.000,0.000,0.000,0.000,0.000,1.000
0.000,0.000,0.000,0.000,0.000,0.000,1.000
0.000,0.000,0.000,0.000,0.000,0.000,0.999
0.000,0.000,0.000,0.012,0.000,0.000,0.987
0.004,0.000,0.000,0.058,0.000,0.000,0.938
0.200,0.000,0.000,0.529,0.000,0.000,0.271
0.414,0.000,0.086,0.489,0.000,0.000,0.011
0.053,0.000,0.000,0.852,0.000,0.000,0.096
0.030,0.000,0.000,0.890,0.000,0.000,0.080
0.002,0.000,0.000,0.735,0.000,0.000,0.263
0.001,0.000,0.000,0.614,0.000,0.000,0.385
0.000,0.000,0.000,0.486,0.000,0.000,0.513
0.001,0.000,0.000,0.421,0.000,0.000,0.578
0.001,0.000,0.000,0.154,0.000,0.000,0.846
0.001,0.000,0.000,0.067,0.000,0.000,0.932
0.001,0.000,0.000,0.002,0.000,0.000,0.997
0.024,0.000,0.000,0.000,0.000,0.000,0.976
1.000,0.000,0.000,0.000,0.000,0.000,0.000
0.031,0.000,0.000,0.000,0.000,0.000,0.969
0.001,0.000,0.000,0.000,0.000,0.000,0.999
0.000,0.000,0.000,0.000,0.000,0.000,1.000
0.000,0.000,0.000,0.000,0.000,0.000,1.000
0.000,0.000,0.000,0.000,0.000,0.000,1.000
0.000,0.000,0.000,0.000,0.000,0.000,1.000
0.000,0.000,0.000,0.000,0.000,0.000,0.999
0.000,0.000,0.000,0.000,0.000,0.000,1.000
0.001,0.000,0.000,0.000,0.000,0.000,0.999
0.026,0.000,0.000,0.000,0.000,0.000,0.974
0.995,0.000,0.004,0.000,0.000,0.000,0.000
0.030,0.000,0.000,0.000,0.000,0.000,0.970
0.002,0.000,0.000,0.000,0.000,0.000,0.998
0.000,0.000,0.000,0.000,0.000,0.000,1.000
0.000,0.000,0.000,0.000,0.000,0.000,1.000
0.000,0.000,0.000,0.000,0.000,0.000,1.000
0.000,0.000,0.000,0.000,0.000,0.000,1.000
0.000,0.000,0.000,0.000,0.000,0.000,1.000
0.001,0.000,0.001,0.000,0.000,0.000,0.998
0.000,0.000,0.000,0.000,0.000,0.000,1.000
0.000,0.000,0.000,0.000,0.000,0.000,0.999
0.000,0.000,0.000,0.000,0.000,0.000,1.000
0.000,0.000,0.003,0.000,0.000,0.000,0.997
0.000,0.000,0.006,0.000,0.000,0.000,0.994
0.001,0.000,0.013,0.000,0.000,0.000,0.987
0.008,0.010,0.016,0.001,0.000,0.000,0.966
0.009,0.777,0.004,0.000,0.000,0.000,0.210
0.002,0.967,0.000,0.000,0.000,0.000,0.031
0.001,0.991,0.000,0.000,0.000,0.000,0.009
0.000,0.998,0.000,0.000,0.000,0.000,0.001
0.000,1.000,0.000,0.000,0.000,0.000,0.000
0.000,1.000,0.000,0.000,0.000,0.000,0.000
0.000,1.000,0.000,0.000,0.000,0.000,0.000
0.000,1.000,0.000,0.000,0.000,0.000,0.000
0.000,1.000,0.000,0.000,0.000,0.000,0.000
0.000,1.000,0.000,0.000,0.000,0.000,0.000
0.000,1.000,0.000,0.000,0.000,0.000,0.000
0.000,1.000,0.000,0.000,0.000,0.000,0.000
0.000,1.000,0.000,0.000,0.000,0.000,0.000
0.000,1.000,0.000,0.000,0.000,0.000,0.000
0.000,1.000,0.000,0.000,0.000,0.000,0.000
0.000,1.000,0.000,0.000,0.000,0.000,0.000
0.000,1.000,0.000,0.000,0.000,0.000,0.000
0.000,1.000,0.000,0.000,0.000,0.000,0.000
0.000,1.000,0.000,0.000,0.000,0.000,0.000
0.000,1.000,0.000,0.000,0.000,0.000,0.000
0.000,0.999,0.000,0.000,0.000,0.000,0.001
0.000,0.999,0.000,0.000,0.000,0.000,0.001
0.000,1.000,0.000,0.000,0.000,0.000,0.000
0.000,1.000,0.000,0.000,0.000,0.000,0.000
0.000,1.000,0.000,0.000,0.000,0.000,0.000
0.000,1.000,0.000,0.000,0.000,0.000,0.000
0.000,1.000,0.000,0.000,0.000,0.000,0.000
0.000,1.000,0.000,0.000,0.000,0.000,0.000
0.000,1.000,0.000,0.000,0.000,0.000,0.000
0.000,1.000,0.000,0.000,0.000,0.000,0.000
0.000,1.000,0.000,0.000,0.000,0.000,0.000
0.000,1.000,0.000,0.000,0.000,0.000,0.000
0.000,1.000,0.000,0.000,0.000,0.000,0.000
0.000,1.000,0.000,0.000,0.000,0.000,0.000
0.000,1.000,0.000,0.000,0.000,0.000,0.000
0.000,1.000,0.000,0.000,0.000,0.000,0.000
0.000,1.000,0.000,0.000,0.000,0.000,0.000
0.000,1.000,0.000,0.000,0.000,0.000,0.000
0.000,1.000,0.000,0.000,0.000,0.000,0.000
0.000,1.000,0.000,0.000,0.000,0.000,0.000
0.000,1.000,0.000,0.000,0.000,0.000,0.000
0.000,1.000,0.000,0.000,0.000,0.000,0.000
0.000,1.000,0.000,0.000,0.000,0.000,0.000
0.000,1.000,0.000,0.000,0.000,0.000,0.000
0.000,1.000,0.000,0.000,0.000,0.000,0.000
0.000,1.000,0.000,0.000,0.000,0.000,0.000
0.000,1.000,0.000,0.000,0.000,0.000,0.000
0.000,1.000,0.000,0.000,0.000,0.000,0.000
0.000,1.000,0.000,0.000,0.000,0.000,0.000
0.001,0.996,0.000,0.000,0.000,0.000,0.003
0.008,0.000,0.000,0.000,0.000,0.000,0.992
0.001,0.000,0.000,0.000,0.000,0.000,0.998
0.000,0.000,0.000,0.000,0.000,0.000,0.999
0.000,0.000,0.000,0.000,0.000,0.000,1.000
0.000,0.000,0.000,0.000,0.000,0.000,0.999
0.000,0.000,0.000,0.000,0.000,0.000,1.000
0.000,0.000,0.000,0.001,0.000,0.000,0.999
0.000,0.000,0.000,0.000,0.000,0.000,0.999
0.000,0.000,0.000,0.001,0.000,0.000,0.999
0.000,0.000,0.000,0.000,0.000,0.000,1.000
0.000,0.000,0.000,0.003,0.000,0.000,0.997
0.000,0.000,0.000,0.006,0.000,0.000,0.994
0.002,0.000,0.005,0.019,0.000,0.000,0.974
0.000,0.000,0.000,1.000,0.000,0.000,0.000
0.000,0.000,0.000,1.000,0.000,0.000,0.000
0.000,0.000,0.000,1.000,0.000,0.000,0.000
0.000,0.000,0.000,1.000,0.000,0.000,0.000
0.000,0.000,0.000,1.000,0.000,0.000,0.000
0.000,0.000,0.000,1.000,0.000,0.000,0.000
0.000,0.000,0.000,1.000,0.000,0.000,0.000
0.000,0.000,0.000,1.000,0.000,0.000,0.000
0.000,0.000,0.000,1.000,0.000,0.000,0.000
0.000,0.000,0.000,1.000,0.000,0.000,0.000
0.000,0.000,0.000,1.000,0.000,0.000,0.000
0.000,0.000,0.000,1.000,0.000,0.000,0.000
0.000,0.000,0.000,1.000,0.000,0.000,0.000
0.000,0.000,0.000,1.000,0.000,0.000,0.000
0.000,0.000,0.000,1.000,0.000,0.000,0.000
0.000,0.000,0.000,1.000,0.000,0.000,0.000
0.012,0.000,0.000,0.988,0.000,0.000,0.000
0.835,0.000,0.000,0.165,0.000,0.000,0.000
0.057,0.000,0.000,0.943,0.000,0.000,0.000
0.044,0.000,0.000,0.956,0.000,0.000,0.000
0.051,0.000,0.000,0.931,0.000,0.018,0.000
0.035,0.000,0.000,0.288,0.000,0.677,0.000
0.003,0.000,0.000,0.003,0.000,0.994,0.000
0.000,0.000,0.000,0.000,0.000,1.000,0.000
0.000,0.000,0.000,0.000,0.000,1.000,0.000
0.000,0.000,0.000,0.000,0.000,1.000,0.000
0.000,0.000,0.000,0.000,0.000,1.000,0.000
0.000,0.000,0.000,0.000,0.000,1.000,0.000
0.000,0.000,0.000,0.000,0.000,1.000,0.000
0.000,0.000,0.000,0.000,0.000,1.000,0.000
0.000,0.000,0.000,0.000,0.000,1.000,0.000
0.000,0.000,0.000,0.000,0.000,1.000,0.000
0.000,0.000,0.000,0.000,0.000,1.000,0.000
0.000,0.000,0.000,0.000,0.000,1.000,0.000
0.000,0.000,0.000,0.000,0.000,1.000,0.000
0.000,0.000,0.000,0.000,0.000,1.000,0.000
0.000,0.000,0.000,0.000,0.000,1.000,0.000
0.000,0.000,0.000,0.000,0.000,1.000,0.000
0.000,0.000,0.000,0.000,0.000,1.000,0.000
0.000,0.000,0.000,0.000,0.000,1.000,0.000
0.000,0.000,0.000,0.000,0.000,1.000,0.000
0.000,0.000,0.000,0.000,0.000,1.000,0.000
0.000,0.000,0.000,0.000,0.000,1.000,0.000
0.000,0.000,0.000,0.000,0.000,1.000,0.000
0.000,0.000,0.000,0.000,0.000,1.000,0.000
0.000,0.000,0.000,0.000,0.000,1.000,0.000
0.000,0.000,0.000,0.000,0.000,1.000,0.000
0.000,0.000,0.000,0.000,0.000,1.000,0.000
0.000,0.000,0.000,0.000,0.000,1.000,0.000
0.000,0.000,0.000,0.000,0.000,1.000,0.000
0.000,0.000,0.000,0.000,0.000,1.000,0.000
0.000,0.000,0.000,0.000,0.000,1.000,0.000
0.000,0.000,0.000,0.000,0.000,1.000,0.000
0.000,0.000,0.000,0.000,0.000,1.000,0.000
0.000,0.000,0.000,0.000,0.000,1.000,0.000
0.000,0.000,0.000,0.000,0.000,1.000,0.000
0.000,0.000,0.000,0.000,0.000,1.000,0.000
0.000,0.000,0.000,0.000,0.000,1.000,0.000
0.000,0.000,0.000,0.000,0.000,1.000,0.000
0.000,0.000,0.000,0.000,0.000,1.000,0.000
0.000,0.000,0.000,0.000,0.000,1.000,0.000
0.000,0.000,0.000,0.000,0.000,1.000,0.000
0.000,0.000,0.000,0.000,0.000,1.000,0.000
0.000,0.000,0.000,0.000,0.000,1.000,0.000
0.000,0.000,0.000,0.000,0.000,1.000,0.000
0.000,0.000,0.000,0.000,0.000,1.000,0.000
0.000,0.000,0.000,0.000,0.000,1.000,0.000
0.000,0.000,0.000,0.000,0.000,1.000,0.000
0.001,0.000,0.000,0.000,0.000,0.999,0.000
0.017,0.002,0.000,0.001,0.000,0.980,0.000
0.419,0.013,0.000,0.164,0.000,0.403,0.000
0.754,0.002,0.000,0.209,0.000,0.020,0.016
0.074,0.000,0.675,0.004,0.000,0.000,0.247
0.003,0.000,0.976,0.000,0.000,0.000,0.022
0.000,0.000,0.999,0.000,0.000,0.000,0.001
0.000,0.000,0.999,0.000,0.000,0.000,0.000
0.000,0.000,1.000,0.000,0.000,0.000,0.000
0.000,0.000,1.000,0.000,0.000,0.000,0.000
0.000,0.000,1.000,0.000,0.000,0.000,0.000
0.000,0.000,1.000,0.000,0.000,0.000,0.000
0.000,0.000,1.000,0.000,0.000,0.000,0.000
0.000,0.000,1.000,0.000,0.000,0.000,0.000
0.000,0.000,1.000,0.000,0.000,0.000,0.000
0.000,0.000,1.000,0.000,0.000,0.000,0.000
0.000,0.000,1.000,0.000,0.000,0.000,0.000
0.000,0.000,1.000,0.000,0.000,0.000,0.000
0.000,0.000,1.000,0.000,0.000,0.000,0.000
0.000,0.000,0.999,0.000,0.000,0.000,0.001
0.000,0.000,1.000,0.000,0.000,0.000,0.000
0.000,0.000,1.000,0.000,0.000,0.000,0.000
0.000,0.000,1.000,0.000,0.000,0.000,0.000
0.000,0.000,1.000,0.000,0.000,0.000,0.000
0.000,0.000,1.000,0.000,0.000,0.000,0.000
0.000,0.000,1.000,0.000,0.000,0.000,0.000
0.000,0.000,1.000,0.000,0.000,0.000,0.000
0.000,0.000,1.000,0.000,0.000,0.000,0.000
0.000,0.000,1.000,0.000,0.000,0.000,0.000
0.000,0.000,1.000,0.000,0.000,0.000,0.000
0.000,0.000,1.000,0.000,0.000,0.000,0.000
0.000,0.000,1.000,0.000,0.000,0.000,0.000
0.000,0.000,1.000,0.000,0.000,0.000,0.000
0.000,0.000,1.000,0.000,0.000,0.000,0.000
0.000,0.000,1.000,0.000,0.000,0.000,0.000
0.000,0.000,1.000,0.000,0.000,0.000,0.000
0.000,0.000,1.000,0.000,0.000,0.000,0.000
0.000,0.000,1.000,0.000,0.000,0.000,0.000
0.000,0.000,0.998,0.000,0.000,0.000,0.002
0.000,0.000,0.958,0.000,0.000,0.000,0.042
0.000,0.000,0.890,0.000,0.000,0.000,0.110
0.001,0.000,0.456,0.000,0.000,0.000,0.543
0.000,0.000,0.150,0.000,0.000,0.000,0.849
0.000,0.000,0.029,0.000,0.000,0.000,0.971
0.000,0.000,0.006,0.000,0.000,0.000,0.994
0.000,0.000,0.001,0.000,0.000,0.000,0.999
0.000,0.000,0.000,0.000,0.000,0.000,1.000
0.000,0.000,0.000,0.000,0.000,0.000,1.000
0.000,0.000,0.000,0.000,0.000,0.000,1.000
0.000,0.000,0.000,0.000,0.000,0.000,1.000
0.000,0.000,0.000,0.000,0.000,0.000,1.000
0.000,0.000,0.000,0.000,0.000,0.000,1.000
0.000,0.000,0.000,0.000,0.000,0.000,1.000
0.000,0.000,0.000,0.000,0.000,0.000,1.000
0.000,0.000,0.000,0.000,0.000,0.000,1.000
0.000,0.000,0.000,0.000,0.000,0.000,1.000
0.000,0.000,0.000,0.000,0.000,0.000,1.000
0.000,0.000,0.000,0.000,0.000,0.000,1.000
0.000,0.000,0.000,0.000,0.000,0.000,1.000
0.000,0.000,0.000,0.000,0.000,0.000,1.000
0.000,0.000,0.000,0.000,0.000,0.000,1.000
0.000,0.000,0.000,0.000,0.000,0.000,1.000
0.000,0.000,0.000,0.000,0.000,0.000,1.000
0.000,0.000,0.000,0.000,0.000,0.000,1.000
0.000,0.000,0.000,0.000,0.000,0.000,1.000
0.000,0.000,0.000,0.000,0.000,0.000,1.000
0.000,0.000,0.000,0.000,0.000,0.000,1.000
0.000,0.000,0.000,0.001,0.000,0.000,0.999
0.000,0.000,0.000,0.000,0.000,0.000,0.999
0.000,0.000,0.000,0.000,0.000,0.000,0.999
0.000,0.000,0.000,0.000,0.000,0.000,0.999
0.000,0.000,0.000,0.000,0.000,0.000,0.999
0.000,0.000,0.000,0.000,0.000,0.000,0.999
0.000,0.000,0.000,0.000,0.000,0.000,0.999
0.000,0.000,0.000,0.001,0.000,0.000,0.998
0.002,0.000,0.000,0.003,0.000,0.000,0.995
0.000,0.000,0.000,0.001,0.000,0.000,0.998
0.000,0.000,0.000,0.001,0.000,0.000,0.999
0.000,0.000,0.000,0.000,0.000,0.000,0.999
0.000,0.000,0.000,0.000,0.000,0.000,0.999
0.000,0.000,0.000,0.000,0.000,0.000,0.999
0.000,0.000,0.000,0.000,0.000,0.000,0.999
0.000,0.000,0.000,0.000,0.000,0.000,0.999
0.000,0.000,0.000,0.000,0.000,0.000,0.999
0.000,0.000,0.000,0.000,0.000,0.000,0.999
0.000,0.000,0.000,0.000,0.000,0.000,0.999
0.000,0.000,0.000,0.001,0.000,0.000,0.999
0.001,0.000,0.000,0.002,0.000,0.000,0.997
0.000,0.000,0.000,0.001,0.000,0.000,0.999
0.000,0.000,0.000,0.000,0.000,0.000,0.999
0.000,0.000,0.000,0.000,0.000,0.000,0.999
0.001,0.000,0.000,0.001,0.000,0.000,0.997
0.000,0.000,0.000,0.001,0.000,0.000,0.999
0.000,0.000,0.000,0.000,0.000,0.000,0.999
0.000,0.000,0.000,0.000,0.000,0.000,0.999
0.000,0.000,0.000,0.000,0.000,0.000,1.000
0.000,0.000,0.000,0.000,0.000,0.000,0.999
0.000,0.000,0.000,0.000,0.000,0.000,0.999
0.000,0.000,0.000,0.000,0.000,0.000,0.999
0.000,0.000,0.000,0.000,0.000,0.000,1.000
0.000,0.000,0.000,0.000,0.000,0.000,1.000
0.000,0.000,0.000,0.000,0.000,0.000,0.999
0.000,0.000,0.000,0.000,0.000,0.000,0.999
0.000,0.000,0.000,0.000,0.000,0.000,0.999
0.000,0.000,0.000,0.000,0.000,0.000,1.000
0.000,0.000,0.000,0.000,0.000,0.000,1.000
0.000,0.000,0.000,0.000,0.000,0.000,1.000
0.000,0.000,0.000,0.000,0.000,0.000,1.000
0.000,0.000,0.000,0.000,0.000,0.000,1.000
0.000,0.000,0.000,0.000,0.000,0.000,1.000
0.000,0.000,0.000,0.000,0.000,0.000,1.000
0.000,0.000,0.000,0.000,0.000,0.000,1.000
0.000,0.000,0.000,0.000,0.000,0.000,1.000
0.000,0.000,0.000,0.000,0.000,0.000,1.000
0.000,0.000,0.000,0.000,0.000,0.000,1.000
0.000,0.000,0.000,0.000,0.000,0.000,1.000
0.000,0.000,0.000,0.000,0.000,0.000,1.000
0.000,0.000,0.000,0.000,0.000,0.000,1.000
0.000,0.000,0.000,0.000,0.000,0.000,1.000
0.000,0.000,0.000,0.000,0.000,0.000,1.000
0.000,0.000,0.000,0.000,0.000,0.000,1.000
0.000,0.000,0.000,0.000,0.000,0.000,1.000
0.000,0.000,0.000,0.000,0.000,0.000,1.000
0.000,0.000,0.000,0.000,0.000,0.000,1.000
0.000,0.000,0.000,0.000,0.000,0.000,1.000
0.000,0.000,0.000,0.003,0.000,0.000,0.997
0.000,0.000,0.000,0.046,0.000,0.000,0.954
0.000,0.000,0.000,0.519,0.000,0.000,0.481
0.000,0.000,0.000,1.000,0.000,0.000,0.000
0.000,0.000,0.000,1.000,0.000,0.000,0.000
0.000,0.000,0.000,1.000,0.000,0.000,0.000
0.000,0.000,0.000,1.000,0.000,0.000,0.000
0.000,0.000,0.000,1.000,0.000,0.000,0.000
0.000,0.000,0.000,1.000,0.000,0.000,0.000
0.000,0.000,0.000,1.000,0.000,0.000,0.000
0.000,0.000,0.000,1.000,0.000,0.000,0.000
0.000,0.000,0.000,1.000,0.000,0.000,0.000
0.000,0.000,0.000,1.000,0.000,0.000,0.000
0.000,0.000,0.000,1.000,0.000,0.000,0.000
0.000,0.000,0.000,1.000,0.000,0.000,0.000
0.000,0.000,0.000,1.000,0.000,0.000,0.000
0.000,0.000,0.000,1.000,0.000,0.000,0.000
0.000,0.000,0.000,1.000,0.000,0.000,0.000
0.000,0.000,0.000,1.000,0.000,0.000,0.000
0.000,0.000,0.000,1.000,0.000,0.000,0.000
0.000,0.000,0.000,1.000,0.000,0.000,0.000
0.000,0.000,0.000,1.000,0.000,0.000,0.000
0.000,0.000,0.000,1.000,0.000,0.000,0.000
0.000,0.000,0.000,1.000,0.000,0.000,0.000
0.000,0.000,0.000,1.000,0.000,0.000,0.000
0.000,0.000,0.000,1.000,0.000,0.000,0.000
0.000,0.000,0.000,1.000,0.000,0.000,0.000
0.000,0.000,0.000,1.000,0.000,0.000,0.000
0.000,0.000,0.000,1.000,0.000,0.000,0.000
0.000,0.000,0.000,1.000,0.000,0.000,0.000
0.000,0.000,0.000,1.000,0.000,0.000,0.000
0.000,0.000,0.000,1.000,0.000,0.000,0.000
0.000,0.000,0.000,1.000,0.000,0.000,0.000
0.000,0.000,0.000,1.000,0.000,0.000,0.000
0.000,0.000,0.000,1.000,0.000,0.000,0.000
0.000,0.000,0.000,1.000,0.000,0.000,0.000
0.000,0.000,0.000,0.998,0.000,0.000,0.002
0.000,0.000,0.000,0.996,0.000,0.000,0.004
0.000,0.000,0.000,0.995,0.000,0.000,0.005
0.000,0.000,0.000,0.993,0.000,0.000,0.007
0.000,0.000,0.000,0.990,0.000,0.000,0.010
0.000,0.000,0.000,0.985,0.000,0.000,0.015
0.000,0.000,0.000,0.976,0.000,0.000,0.024
0.000,0.000,0.000,0.968,0.000,0.000,0.032
0.000,0.000,0.000,0.959,0.000,0.000,0.041
0.000,0.000,0.000,0.952,0.000,0.000,0.047
0.000,0.000,0.000,0.951,0.000,0.000,0.048
0.000,0.000,0.000,0.908,0.000,0.000,0.092
0.001,0.000,0.000,0.868,0.000,0.000,0.132
0.001,0.000,0.000,0.820,0.000,0.000,0.180
0.003,0.000,0.000,0.778,0.000,0.000,0.219
0.002,0.000,0.000,0.456,0.000,0.000,0.541
0.001,0.000,0.000,0.237,0.000,0.000,0.761
0.001,0.000,0.000,0.135,0.000,0.000,0.864
0.001,0.000,0.000,0.090,0.000,0.000,0.909
0.001,0.000,0.000,0.073,0.000,0.000,0.927
0.000,0.000,0.000,0.068,0.000,0.000,0.932
0.000,0.000,0.000,0.079,0.000,0.000,0.920
0.001,0.000,0.000,0.116,0.000,0.000,0.883
0.001,0.000,0.000,0.172,0.000,0.000,0.827
0.001,0.000,0.000,0.247,0.000,0.000,0.752
0.001,0.000,0.000,0.356,0.000,0.000,0.643
0.002,0.000,0.000,0.564,0.000,0.000,0.434
0.000,0.000,0.000,0.604,0.000,0.000,0.395
0.000,0.000,0.000,0.725,0.000,0.000,0.274
0.000,0.000,0.000,0.879,0.000,0.000,0.120
0.000,0.000,0.000,1.000,0.000,0.000,0.000
0.000,0.000,0.000,1.000,0.000,0.000,0.000
0.000,0.000,0.000,1.000,0.000,0.000,0.000
0.000,0.000,0.000,1.000,0.000,0.000,0.000
0.000,0.000,0.000,1.000,0.000,0.000,0.000
0.000,0.000,0.000,1.000,0.000,0.000,0.000
0.000,0.000,0.000,1.000,0.000,0.000,0.000
0.000,0.000,0.000,1.000,0.000,0.000,0.000
0.000,0.000,0.000,1.000,0.000,0.000,0.000
0.000,0.000,0.000,1.000,0.000,0.000,0.000
0.000,0.000,0.000,1.000,0.000,0.000,0.000
0.000,0.000,0.000,1.000,0.000,0.000,0.000
0.000,0.000,0.000,1.000,0.000,0.000,0.000
0.000,0.000,0.000,1.000,0.000,0.000,0.000
0.000,0.000,0.000,1.000,0.000,0.000,0.000
0.000,0.000,0.000,1.000,0.000,0.000,0.000
0.000,0.000,0.000,1.000,0.000,0.000,0.000
0.000,0.000,0.000,1.000,0.000,0.000,0.000
0.000,0.000,0.000,1.000,0.000,0.000,0.000
0.000,0.000,0.000,1.000,0.000,0.000,0.000
0.000,0.000,0.000,1.000,0.000,0.000,0.000
0.000,0.000,0.000,1.000,0.000,0.000,0.000
0.000,0.000,0.000,1.000,0.000,0.000,0.000
0.000,0.000,0.000,1.000,0.000,0.000,0.000
0.000,0.000,0.000,1.000,0.000,0.000,0.000
0.000,0.000,0.000,1.000,0.000,0.000,0.000
0.000,0.000,0.000,1.000,0.000,0.000,0.000
0.000,0.000,0.000,1.000,0.000,0.000,0.000
0.000,0.000,0.000,1.000,0.000,0.000,0.000
0.000,0.000,0.000,1.000,0.000,0.000,0.000
0.000,0.000,0.000,1.000,0.000,0.000,0.000
0.000,0.000,0.000,1.000,0.000,0.000,0.000
0.000,0.000,0.000,1.000,0.000,0.000,0.000
0.000,0.000,0.000,1.000,0.000,0.000,0.000
0.000,0.000,0.000,1.000,0.000,0.000,0.000
0.000,0.000,0.000,1.000,0.000,0.000,0.000
0.000,0.000,0.000,1.000,0.000,0.000,0.000
0.000,0.000,0.000,1.000,0.000,0.000,0.000
0.000,0.000,0.000,1.000,0.000,0.000,0.000
0.000,0.000,0.000,1.000,0.000,0.000,0.000
0.000,0.000,0.000,1.000,0.000,0.000,0.000
0.000,0.000,0.000,1.000,0.000,0.000,0.000
0.000,0.000,0.000,1.000,0.000,0.000,0.000
0.000,0.000,0.000,1.000,0.000,0.000,0.000
0.000,0.000,0.000,1.000,0.000,0.000,0.000
0.000,0.000,0.000,1.000,0.000,0.000,0.000
0.000,0.000,0.000,1.000,0.000,0.000,0.000
0.000,0.000,0.000,1.000,0.000,0.000,0.000
0.011,0.000,0.000,0.989,0.000,0.000,0.000
0.982,0.000,0.001,0.017,0.000,0.000,0.000
0.995,0.000,0.005,0.000,0.000,0.000,0.000
0.976,0.000,0.024,0.000,0.000,0.000,0.000
0.821,0.000,0.179,0.000,0.000,0.000,0.000
0.434,0.000,0.565,0.000,0.000,0.000,0.001
0.145,0.000,0.855,0.000,0.000,0.000,0.000
0.082,0.000,0.918,0.000,0.000,0.000,0.001
0.048,0.000,0.952,0.000,0.000,0.000,0.000
0.015,0.000,0.985,0.000,0.000,0.000,0.000
0.006,0.000,0.994,0.000,0.000,0.000,0.000
0.002,0.000,0.997,0.000,0.000,0.000,0.000
0.001,0.000,0.999,0.000,0.000,0.000,0.000
0.001,0.000,0.999,0.000,0.000,0.000,0.000
0.000,0.000,1.000,0.000,0.000,0.000,0.000
0.001,0.000,0.999,0.000,0.000,0.000,0.000
0.001,0.000,0.998,0.000,0.000,0.000,0.000
0.003,0.001,0.996,0.000,0.000,0.000,0.000
0.006,0.005,0.989,0.000,0.000,0.000,0.000
0.013,0.034,0.951,0.000,0.000,0.000,0.002
0.022,0.251,0.723,0.000,0.000,0.000,0.004
0.028,0.491,0.477,0.000,0.000,0.000,0.003
0.001,0.997,0.002,0.000,0.000,0.000,0.000
0.000,1.000,0.000,0.000,0.000,0.000,0.000
0.000,1.000,0.000,0.000,0.000,0.000,0.000
0.000,1.000,0.000,0.000,0.000,0.000,0.000
0.000,1.000,0.000,0.000,0.000,0.000,0.000
0.000,1.000,0.000,0.000,0.000,0.000,0.000
0.000,1.000,0.000,0.000,0.000,0.000,0.000
0.000,1.000,0.000,0.000,0.000,0.000,0.000
0.000,1.000,0.000,0.000,0.000,0.000,0.000
0.000,1.000,0.000,0.000,0.000,0.000,0.000
0.000,1.000,0.000,0.000,0.000,0.000,0.000
0.000,1.000,0.000,0.000,0.000,0.000,0.000
0.000,1.000,0.000,0.000,0.000,0.000,0.000
0.000,1.000,0.000,0.000,0.000,0.000,0.000
0.000,1.000,0.000,0.000,0.000,0.000,0.000
0.000,1.000,0.000,0.000,0.000,0.000,0.000
0.000,1.000,0.000,0.000,0.000,0.000,0.000
0.000,1.000,0.000,0.000,0.000,0.000,0.000
0.000,1.000,0.000,0.000,0.000,0.000,0.000
0.000,1.000,0.000,0.000,0.000,0.000,0.000
0.000,1.000,0.000,0.000,0.000,0.000,0.000
0.000,1.000,0.000,0.000,0.000,0.000,0.000
0.000,1.000,0.000,0.000,0.000,0.000,0.000
0.000,1.000,0.000,0.000,0.000,0.000,0.000
0.000,1.000,0.000,0.000,0.000,0.000,0.000
0.000,1.000,0.000,0.000,0.000,0.000,0.000
0.000,1.000,0.000,0.000,0.000,0.000,0.000
0.000,1.000,0.000,0.000,0.000,0.000,0.000
0.000,1.000,0.000,0.000,0.000,0.000,0.000
0.000,1.000,0.000,0.000,0.000,0.000,0.000
0.000,1.000,0.000,0.000,0.000,0.000,0.000
0.000,1.000,0.000,0.000,0.000,0.000,0.000
0.000,1.000,0.000,0.000,0.000,0.000,0.000
0.000,1.000,0.000,0.000,0.000,0.000,0.000
0.000,1.000,0.000,0.000,0.000,0.000,0.000
0.000,1.000,0.000,0.000,0.000,0.000,0.000
0.000,1.000,0.000,0.000,0.000,0.000,0.000
0.000,1.000,0.000,0.000,0.000,0.000,0.000
0.000,1.000,0.000,0.000,0.000,0.000,0.000
0.000,1.000,0.000,0.000,0.000,0.000,0.000
0.000,1.000,0.000,0.000,0.000,0.000,0.000
0.000,1.000,0.000,0.000,0.000,0.000,0.000
0.000,1.000,0.000,0.000,0.000,0.000,0.000
0.000,1.000,0.000,0.000,0.000,0.000,0.000
0.000,1.000,0.000,0.000,0.000,0.000,0.000
0.000,1.000,0.000,0.000,0.000,0.000,0.000
0.000,1.000,0.000,0.000,0.000,0.000,0.000
0.000,1.000,0.000,0.000,0.000,0.000,0.000
0.000,1.000,0.000,0.000,0.000,0.000,0.000
0.000,1.000,0.000,0.000,0.000,0.000,0.000
0.000,1.000,0.000,0.000,0.000,0.000,0.000
0.000,1.000,0.000,0.000,0.000,0.000,0.000
0.000,1.000,0.000,0.000,0.000,0.000,0.000
0.000,1.000,0.000,0.000,0.000,0.000,0.000
0.000,1.000,0.000,0.000,0.000,0.000,0.000
0.000,1.000,0.000,0.000,0.000,0.000,0.000
0.000,1.000,0.000,0.000,0.000,0.000,0.000
0.000,1.000,0.000,0.000,0.000,0.000,0.000
0.000,1.000,0.000,0.000,0.000,0.000,0.000
0.000,1.000,0.000,0.000,0.000,0.000,0.000
0.000,1.000,0.000,0.000,0.000,0.000,0.000
0.000,1.000,0.000,0.000,0.000,0.000,0.000
0.000,1.000,0.000,0.000,0.000,0.000,0.000
0.000,1.000,0.000,0.000,0.000,0.000,0.000
0.000,1.000,0.000,0.000,0.000,0.000,0.000
0.000,1.000,0.000,0.000,0.000,0.000,0.000
0.000,1.000,0.000,0.000,0.000,0.000,0.000
0.000,1.000,0.000,0.000,0.000,0.000,0.000
0.000,1.000,0.000,0.000,0.000,0.000,0.000
0.000,1.000,0.000,0.000,0.000,0.000,0.000
0.000,1.000,0.000,0.000,0.000,0.000,0.000
0.000,1.000,0.000,0.000,0.000,0.000,0.000
0.000,1.000,0.000,0.000,0.000,0.000,0.000
0.000,1.000,0.000,0.000,0.000,0.000,0.000
0.000,1.000,0.000,0.000,0.000,0.000,0.000
0.000,1.000,0.000,0.000,0.000,0.000,0.000
0.000,1.000,0.000,0.000,0.000,0.000,0.000
0.000,1.000,0.000,0.000,0.000,0.000,0.000
0.000,1.000,0.000,0.000,0.000,0.000,0.000
0.000,1.000,0.000,0.000,0.000,0.000,0.000
0.000,1.000,0.000,0.000,0.000,0.000,0.000
0.000,1.000,0.000,0.000,0.000,0.000,0.000
0.000,1.000,0.000,0.000,0.000,0.000,0.000
0.000,1.000,0.000,0.000,0.000,0.000,0.000
0.000,1.000,0.000,0.000,0.000,0.000,0.000
0.000,1.000,0.000,0.000,0.000,0.000,0.000
0.000,1.000,0.000,0.000,0.000,0.000,0.000
0.000,1.000,0.000,0.000,0.000,0.000,0.000
0.000,1.000,0.000,0.000,0.000,0.000,0.000
0.000,1.000,0.000,0.000,0.000,0.000,0.000
0.000,1.000,0.000,0.000,0.000,0.000,0.000
0.000,0.999,0.000,0.000,0.000,0.000,0.001
0.003,0.912,0.000,0.000,0.000,0.000,0.085
0.004,0.002,0.000,0.000,0.000,0.000,0.993
0.000,0.000,0.000,0.000,0.000,0.000,1.000
0.000,0.000,0.000,0.000,0.000,0.000,1.000
0.000,0.000,0.000,0.000,0.000,0.000,1.000
0.000,0.000,0.000,0.000,0.000,0.000,1.000
0.000,0.000,0.000,0.000,0.000,0.000,1.000
0.000,0.000,0.000,0.000,0.000,0.000,1.000
0.000,0.000,0.000,0.000,0.000,0.000,1.000
0.000,0.000,0.000,0.000,0.000,0.000,1.000
0.000,0.000,0.000,0.000,0.000,0.000,1.000
0.000,0.000,0.000,0.000,0.000,0.000,1.000
0.000,0.000,0.000,0.000,0.000,0.000,1.000
0.000,0.000,0.000,0.000,0.000,0.000,1.000
0.000,0.000,0.000,0.000,0.000,0.000,1.000
0.000,0.000,0.000,0.000,0.000,0.000,1.000
0.000,0.000,0.000,0.000,0.000,0.000,1.000
0.000,0.000,0.000,0.000,0.000,0.000,1.000
0.000,0.000,0.000,0.000,0.000,0.000,1.000
0.000,0.000,0.000,0.000,0.000,0.000,1.000
0.000,0.000,0.000,0.000,0.000,0.000,1.000
0.000,0.000,0.000,0.000,0.000,0.000,1.000
0.000,0.000,0.000,0.000,0.000,0.000,1.000
0.000,0.000,0.000,0.000,0.000,0.000,1.000
0.000,0.000,0.000,0.000,0.000,0.000,1.000
0.000,0.000,0.000,0.000,0.000,0.000,1.000
0.000,0.000,0.000,0.000,0.000,0.000,1.000
0.000,0.000,0.000,0.000,0.000,0.000,1.000
0.000,0.000,0.000,0.000,0.000,0.000,1.000
0.000,0.000,0.000,0.000,0.000,0.000,1.000
0.000,0.000,0.000,0.000,0.000,0.000,0.999
0.000,0.000,0.000,0.000,0.000,0.000,1.000
0.000,0.000,0.000,0.000,0.000,0.000,0.999
0.000,0.000,0.000,0.000,0.000,0.000,1.000
0.000,0.000,0.000,0.000,0.000,0.000,1.000
0.000,0.000,0.000,0.000,0.000,0.000,1.000
0.000,0.000,0.000,0.000,0.000,0.000,1.000
0.000,0.000,0.000,0.000,0.000,0.000,1.000
0.000,0.000,0.000,0.000,0.000,0.000,1.000
0.000,0.000,0.000,0.000,0.000,0.000,1.000
0.000,0.000,0.000,0.000,0.000,0.000,1.000
0.000,0.000,0.000,0.000,0.000,0.000,1.000
0.001,0.000,0.000,0.000,0.000,0.000,0.999
0.001,0.000,0.001,0.000,0.000,0.000,0.999
0.001,0.000,0.001,0.000,0.000,0.000,0.999
0.000,0.000,0.000,0.000,0.000,0.000,1.000
0.000,0.000,0.000,0.000,0.000,0.000,0.999
0.009,0.006,0.001,0.002,0.000,0.000,0.982
0.008,0.972,0.000,0.000,0.000,0.016,0.004
0.003,0.967,0.000,0.000,0.000,0.030,0.000
0.002,0.855,0.000,0.000,0.000,0.143,0.000
0.003,0.272,0.000,0.000,0.000,0.725,0.000
0.001,0.007,0.000,0.000,0.000,0.992,0.000
0.000,0.000,0.000,0.000,0.000,0.999,0.000
0.000,0.000,0.000,0.000,0.000,1.000,0.000
0.000,0.000,0.000,0.000,0.000,1.000,0.000
0.000,0.000,0.000,0.000,0.000,1.000,0.000
0.000,0.000,0.000,0.000,0.000,1.000,0.000
0.000,0.000,0.000,0.000,0.000,1.000,0.000
0.000,0.000,0.000,0.000,0.000,1.000,0.000
0.000,0.000,0.000,0.000,0.000,1.000,0.000
0.000,0.000,0.000,0.000,0.000,1.000,0.000
0.000,0.000,0.000,0.000,0.000,1.000,0.000
0.000,0.000,0.000,0.000,0.000,1.000,0.000
0.000,0.000,0.000,0.000,0.000,1.000,0.000
0.000,0.000,0.000,0.000,0.000,1.000,0.000
0.000,0.000,0.000,0.000,0.000,1.000,0.000
0.000,0.000,0.000,0.000,0.000,1.000,0.000
0.000,0.000,0.000,0.000,0.000,1.000,0.000
0.000,0.000,0.000,0.000,0.000,1.000,0.000
0.000,0.000,0.000,0.000,0.000,1.000,0.000
0.000,0.000,0.000,0.000,0.000,1.000,0.000
0.000,0.000,0.000,0.000,0.000,1.000,0.000
0.000,0.000,0.000,0.000,0.000,1.000,0.000
0.000,0.000,0.000,0.000,0.000,1.000,0.000
0.000,0.000,0.000,0.000,0.000,1.000,0.000
0.000,0.000,0.000,0.000,0.000,1.000,0.000
0.000,0.000,0.000,0.000,0.000,1.000,0.000
0.000,0.000,0.000,0.000,0.000,1.000,0.000
0.000,0.000,0.000,0.000,0.000,1.000,0.000
0.000,0.000,0.000,0.000,0.000,1.000,0.000
0.000,0.000,0.000,0.000,0.000,1.000,0.000
0.000,0.000,0.000,0.000,0.000,1.000,0.000
0.000,0.000,0.000,0.000,0.000,1.000,0.000
0.000,0.000,0.000,0.000,0.000,1.000,0.000
0.000,0.000,0.000,0.000,0.000,1.000,0.000
0.000,0.000,0.000,0.000,0.000,1.000,0.000
0.000,0.000,0.000,0.000,0.000,1.000,0.000
0.000,0.000,0.000,0.000,0.000,1.000,0.000
0.000,0.000,0.000,0.000,0.000,1.000,0.000
0.000,0.000,0.000,0.000,0.000,1.000,0.000
0.000,0.000,0.000,0.000,0.000,1.000,0.000
0.000,0.000,0.000,0.000,0.000,1.000,0.000
0.000,0.000,0.000,0.000,0.000,1.000,0.000
0.000,0.000,0.000,0.000,0.000,1.000,0.000
0.000,0.000,0.000,0.000,0.000,1.000,0.000
0.000,0.000,0.000,0.000,0.000,1.000,0.000
0.000,0.000,0.000,0.000,0.000,1.000,0.000
0.000,0.023,0.000,0.000,0.000,0.977,0.000
0.000,0.511,0.000,0.000,0.000,0.489,0.000
0.000,0.610,0.000,0.000,0.000,0.389,0.000
0.000,0.948,0.000,0.000,0.000,0.052,0.000
0.000,0.998,0.000,0.000,0.000,0.002,0.000
0.000,1.000,0.000,0.000,0.000,0.000,0.000
0.000,1.000,0.000,0.000,0.000,0.000,0.000
0.000,1.000,0.000,0.000,0.000,0.000,0.000
0.000,1.000,0.000,0.000,0.000,0.000,0.000
0.000,1.000,0.000,0.000,0.000,0.000,0.000
0.000,1.000,0.000,0.000,0.000,0.000,0.000
0.000,1.000,0.000,0.000,0.000,0.000,0.000
0.000,1.000,0.000,0.000,0.000,0.000,0.000
0.000,1.000,0.000,0.000,0.000,0.000,0.000
0.000,1.000,0.000,0.000,0.000,0.000,0.000
0.000,1.000,0.000,0.000,0.000,0.000,0.000
0.000,1.000,0.000,0.000,0.000,0.000,0.000
0.000,1.000,0.000,0.000,0.000,0.000,0.000
0.000,1.000,0.000,0.000,0.000,0.000,0.000
0.000,1.000,0.000,0.000,0.000,0.000,0.000
0.000,1.000,0.000,0.000,0.000,0.000,0.000
0.000,1.000,0.000,0.000,0.000,0.000,0.000
0.000,1.000,0.000,0.000,0.000,0.000,0.000
0.000,1.000,0.000,0.000,0.000,0.000,0.000
0.000,1.000,0.000,0.000,0.000,0.000,0.000
0.000,1.000,0.000,0.000,0.000,0.000,0.000
0.000,1.000,0.000,0.000,0.000,0.000,0.000
0.000,1.000,0.000,0.000,0.000,0.000,0.000
0.000,1.000,0.000,0.000,0.000,0.000,0.000
0.000,1.000,0.000,0.000,0.000,0.000,0.000
0.000,1.000,0.000,0.000,0.000,0.000,0.000
0.000,1.000,0.000,0.000,0.000,0.000,0.000
0.000,1.000,0.000,0.000,0.000,0.000,0.000
0.000,1.000,0.000,0.000,0.000,0.000,0.000
0.000,1.000,0.000,0.000,0.000,0.000,0.000
0.000,1.000,0.000,0.000,0.000,0.000,0.000
0.000,1.000,0.000,0.000,0.000,0.000,0.000
0.000,1.000,0.000,0.000,0.000,0.000,0.000
0.000,1.000,0.000,0.000,0.000,0.000,0.000
0.000,1.000,0.000,0.000,0.000,0.000,0.000
0.000,1.000,0.000,0.000,0.000,0.000,0.000
0.000,1.000,0.000,0.000,0.000,0.000,0.000
0.000,1.000,0.000,0.000,0.000,0.000,0.000
0.000,1.000,0.000,0.000,0.000,0.000,0.000
0.000,1.000,0.000,0.000,0.000,0.000,0.000
0.000,1.000,0.000,0.000,0.000,0.000,0.000
0.000,0.999,0.000,0.000,0.000,0.001,0.000
0.000,0.995,0.000,0.000,0.000,0.005,0.000
0.000,0.976,0.000,0.000,0.000,0.024,0.000
0.001,0.901,0.000,0.000,0.000,0.098,0.000
0.002,0.132,0.000,0.000,0.000,0.866,0.000
0.000,0.046,0.000,0.000,0.000,0.954,0.000
0.000,0.000,0.000,0.000,0.000,1.000,0.000
0.000,0.000,0.000,0.000,0.000,1.000,0.000
0.001,0.000,0.000,0.000,0.000,0.999,0.000
0.017,0.000,0.000,0.000,0.000,0.983,0.000
0.001,0.000,0.000,0.000,0.000,0.999,0.000
0.000,0.000,0.000,0.000,0.000,1.000,0.000
0.000,0.000,0.000,0.000,0.000,1.000,0.000
0.001,0.000,0.000,0.000,0.000,0.999,0.000
0.006,0.000,0.000,0.000,0.000,0.994,0.000
0.002,0.006,0.000,0.000,0.000,0.992,0.000
0.002,0.044,0.000,0.000,0.000,0.954,0.000
0.008,0.045,0.000,0.000,0.000,0.947,0.000
0.006,0.059,0.000,0.000,0.000,0.934,0.000
0.000,0.936,0.000,0.000,0.000,0.064,0.000
0.000,0.973,0.000,0.000,0.000,0.027,0.000
0.000,0.998,0.000,0.000,0.000,0.002,0.000
0.000,0.999,0.000,0.000,0.000,0.001,0.000
0.000,1.000,0.000,0.000,0.000,0.000,0.000
0.000,1.000,0.000,0.000,0.000,0.000,0.000
0.000,1.000,0.000,0.000,0.000,0.000,0.000
0.000,1.000,0.000,0.000,0.000,0.000,0.000
0.000,1.000,0.000,0.000,0.000,0.000,0.000
0.000,1.000,0.000,0.000,0.000,0.000,0.000
0.000,1.000,0.000,0.000,0.000,0.000,0.000
0.000,1.000,0.000,0.000,0.000,0.000,0.000
0.000,1.000,0.000,0.000,0.000,0.000,0.000
0.000,1.000,0.000,0.000,0.000,0.000,0.000
0.000,1.000,0.000,0.000,0.000,0.000,0.000
0.000,1.000,0.000,0.000,0.000,0.000,0.000
0.000,1.000,0.000,0.000,0.000,0.000,0.000
0.000,1.000,0.000,0.000,0.000,0.000,0.000
0.000,1.000,0.000,0.000,0.000,0.000,0.000
0.000,1.000,0.000,0.000,0.000,0.000,0.000
0.000,1.000,0.000,0.000,0.000,0.000,0.000
0.000,1.000,0.000,0.000,0.000,0.000,0.000
0.000,1.000,0.000,0.000,0.000,0.000,0.000
0.000,1.000,0.000,0.000,0.000,0.000,0.000
0.000,1.000,0.000,0.000,0.000,0.000,0.000
0.000,1.000,0.000,0.000,0.000,0.000,0.000
0.000,1.000,0.000,0.000,0.000,0.000,0.000
0.000,1.000,0.000,0.000,0.000,0.000,0.000
0.000,1.000,0.000,0.000,0.000,0.000,0.000
0.000,1.000,0.000,0.000,0.000,0.000,0.000
0.000,1.000,0.000,0.000,0.000,0.000,0.000
0.000,1.000,0.000,0.000,0.000,0.000,0.000
0.000,1.000,0.000,0.000,0.000,0.000,0.000
0.000,1.000,0.000,0.000,0.000,0.000,0.000
0.000,1.000,0.000,0.000,0.000,0.000,0.000
0.000,1.000,0.000,0.000,0.000,0.000,0.000
0.000,1.000,0.000,0.000,0.000,0.000,0.000
0.000,1.000,0.000,0.000,0.000,0.000,0.000
0.000,1.000,0.000,0.000,0.000,0.000,0.000
0.000,1.000,0.000,0.000,0.000,0.000,0.000
0.000,1.000,0.000,0.000,0.000,0.000,0.000
0.000,1.000,0.000,0.000,0.000,0.000,0.000
0.000,1.000,0.000,0.000,0.000,0.000,0.000
0.000,1.000,0.000,0.000,0.000,0.000,0.000
0.000,1.000,0.000,0.000,0.000,0.000,0.000
0.000,1.000,0.000,0.000,0.000,0.000,0.000
0.000,1.000,0.000,0.000,0.000,0.000,0.000
0.000,1.000,0.000,0.000,0.000,0.000,0.000
0.000,1.000,0.000,0.000,0.000,0.000,0.000
0.010,0.989,0.000,0.000,0.000,0.000,0.000
0.992,0.007,0.000,0.000,0.000,0.001,0.000
0.998,0.000,0.000,0.002,0.000,0.000,0.000
0.995,0.004,0.000,0.000,0.000,0.001,0.000
1.000,0.000,0.000,0.000,0.000,0.000,0.000
0.998,0.000,0.001,0.000,0.000,0.000,0.001
1.000,0.000,0.000,0.000,0.000,0.000,0.000
0.999,0.001,0.000,0.000,0.000,0.000,0.000
0.989,0.008,0.000,0.000,0.000,0.003,0.000
0.998,0.000,0.000,0.000,0.000,0.002,0.000
0.336,0.660,0.000,0.000,0.000,0.003,0.000
0.074,0.926,0.000,0.000,0.000,0.000,0.000
0.062,0.938,0.000,0.000,0.000,0.000,0.000
0.003,0.997,0.000,0.000,0.000,0.000,0.000
0.003,0.997,0.000,0.000,0.000,0.000,0.000
0.015,0.984,0.000,0.000,0.000,0.000,0.000
0.013,0.981,0.000,0.000,0.000,0.000,0.006
0.011,0.057,0.000,0.000,0.000,0.000,0.932
0.001,0.000,0.001,0.000,0.000,0.000,0.999
0.000,0.000,0.001,0.000,0.000,0.000,0.999
0.000,0.000,0.000,0.000,0.000,0.000,1.000
0.000,0.000,0.000,0.000,0.000,0.000,1.000
0.000,0.000,0.000,0.000,0.000,0.000,1.000
0.000,0.000,0.000,0.000,0.000,0.000,1.000
0.000,0.000,0.000,0.000,0.000,0.000,1.000
0.000,0.000,0.000,0.000,0.000,0.000,1.000
0.000,0.000,0.000,0.000,0.000,0.000,1.000
0.000,0.000,0.000,0.000,0.000,0.000,1.000
0.000,0.000,0.000,0.000,0.000,0.000,1.000
0.000,0.000,0.000,0.000,0.000,0.000,1.000
0.000,0.000,0.000,0.000,0.000,0.000,1.000
0.000,0.000,0.000,0.000,0.000,0.000,1.000
0.000,0.000,0.000,0.000,0.000,0.000,1.000
0.000,0.000,0.000,0.000,0.000,0.000,1.000
0.000,0.000,0.000,0.000,0.000,0.000,1.000
0.000,0.000,0.000,0.000,0.000,0.000,1.000
0.000,0.000,0.000,0.000,0.000,0.000,1.000
0.000,0.000,0.000,0.000,0.000,0.000,1.000
0.000,0.000,0.000,0.000,0.000,0.000,1.000
0.000,0.000,0.000,0.000,0.000,0.000,1.000
0.000,0.000,0.000,0.000,0.000,0.000,1.000
0.000,0.000,0.000,0.000,0.000,0.000,1.000
0.000,0.000,0.000,0.000,0.000,0.000,1.000
0.000,0.000,0.000,0.000,0.000,0.000,1.000
0.000,0.000,0.000,0.000,0.000,0.000,1.000
0.000,0.000,0.000,0.000,0.000,0.000,1.000
0.000,0.000,0.000,0.000,0.000,0.000,1.000
0.000,0.000,0.000,0.000,0.000,0.000,1.000
0.000,0.000,0.000,0.000,0.000,0.000,1.000
0.000,0.000,0.000,0.000,0.000,0.000,1.000
0.000,0.000,0.000,0.000,0.000,0.000,1.000
0.000,0.000,0.000,0.000,0.000,0.000,1.000
0.000,0.000,0.000,0.000,0.000,0.000,1.000
0.000,0.000,0.000,0.000,0.000,0.000,1.000
0.000,0.000,0.000,0.000,0.000,0.000,1.000
0.000,0.000,0.000,0.000,0.000,0.000,1.000
0.000,0.000,0.000,0.000,0.000,0.000,1.000
0.000,0.000,0.000,0.000,0.000,0.000,1.000
0.000,0.000,0.000,0.000,0.000,0.000,0.999
0.009,0.035,0.002,0.001,0.000,0.000,0.953
0.006,0.897,0.001,0.000,0.000,0.000,0.097
0.002,0.949,0.000,0.000,0.000,0.000,0.048
0.000,0.999,0.000,0.000,0.000,0.000,0.001
0.000,1.000,0.000,0.000,0.000,0.000,0.000
0.000,1.000,0.000,0.000,0.000,0.000,0.000
0.000,1.000,0.000,0.000,0.000,0.000,0.000
0.000,1.000,0.000,0.000,0.000,0.000,0.000
0.000,1.000,0.000,0.000,0.000,0.000,0.000
0.000,1.000,0.000,0.000,0.000,0.000,0.000
0.000,1.000,0.000,0.000,0.000,0.000,0.000
0.000,1.000,0.000,0.000,0.000,0.000,0.000
0.000,1.000,0.000,0.000,0.000,0.000,0.000
0.000,1.000,0.000,0.000,0.000,0.000,0.000
0.000,1.000,0.000,0.000,0.000,0.000,0.000
0.000,1.000,0.000,0.000,0.000,0.000,0.000
0.000,1.000,0.000,0.000,0.000,0.000,0.000
0.000,1.000,0.000,0.000,0.000,0.000,0.000
0.000,1.000,0.000,0.000,0.000,0.000,0.000
0.000,1.000,0.000,0.000,0.000,0.000,0.000
0.000,1.000,0.000,0.000,0.000,0.000,0.000
0.000,1.000,0.000,0.000,0.000,0.000,0.000
0.000,1.000,0.000,0.000,0.000,0.000,0.000
0.000,1.000,0.000,0.000,0.000,0.000,0.000
0.000,1.000,0.000,0.000,0.000,0.000,0.000
0.000,1.000,0.000,0.000,0.000,0.000,0.000
0.000,1.000,0.000,0.000,0.000,0.000,0.000
0.000,1.000,0.000,0.000,0.000,0.000,0.000
0.000,1.000,0.000,0.000,0.000,0.000,0.000
0.000,1.000,0.000,0.000,0.000,0.000,0.000
0.000,1.000,0.000,0.000,0.000,0.000,0.000
0.000,1.000,0.000,0.000,0.000,0.000,0.000
0.000,1.000,0.000,0.000,0.000,0.000,0.000
0.000,1.000,0.000,0.000,0.000,0.000,0.000
0.000,1.000,0.000,0.000,0.000,0.000,0.000
0.000,1.000,0.000,0.000,0.000,0.000,0.000
0.000,1.000,0.000,0.000,0.000,0.000,0.000
0.000,1.000,0.000,0.000,0.000,0.000,0.000
0.000,1.000,0.000,0.000,0.000,0.000,0.000
0.000,1.000,0.000,0.000,0.000,0.000,0.000
0.000,1.000,0.000,0.000,0.000,0.000,0.000
0.000,1.000,0.000,0.000,0.000,0.000,0.000
0.000,1.000,0.000,0.000,0.000,0.000,0.000
0.000,1.000,0.000,0.000,0.000,0.000,0.000
0.000,1.000,0.000,0.000,0.000,0.000,0.000
0.000,1.000,0.000,0.000,0.000,0.000,0.000
0.000,1.000,0.000,0.000,0.000,0.000,0.000
0.000,1.000,0.000,0.000,0.000,0.000,0.000
0.000,1.000,0.000,0.000,0.000,0.000,0.000
0.000,1.000,0.000,0.000,0.000,0.000,0.000
0.000,1.000,0.000,0.000,0.000,0.000,0.000
0.000,1.000,0.000,0.000,0.000,0.000,0.000
0.000,1.000,0.000,0.000,0.000,0.000,0.000
0.000,1.000,0.000,0.000,0.000,0.000,0.000
0.000,1.000,0.000,0.000,0.000,0.000,0.000
0.000,1.000,0.000,0.000,0.000,0.000,0.000
0.000,1.000,0.000,0.000,0.000,0.000,0.000
0.000,1.000,0.000,0.000,0.000,0.000,0.000
0.000,1.000,0.000,0.000,0.000,0.000,0.000
0.000,1.000,0.000,0.000,0.000,0.000,0.000
0.000,1.000,0.000,0.000,0.000,0.000,0.000
0.000,1.000,0.000,0.000,0.000,0.000,0.000
0.000,1.000,0.000,0.000,0.000,0.000,0.000
0.000,1.000,0.000,0.000,0.000,0.000,0.000
0.000,1.000,0.000,0.000,0.000,0.000,0.000
0.000,1.000,0.000,0.000,0.000,0.000,0.000
0.000,1.000,0.000,0.000,0.000,0.000,0.000
0.000,1.000,0.000,0.000,0.000,0.000,0.000
0.000,1.000,0.000,0.000,0.000,0.000,0.000
0.000,1.000,0.000,0.000,0.000,0.000,0.000
0.011,0.989,0.000,0.000,0.000,0.000,0.000
1.000,0.000,0.000,0.000,0.000,0.000,0.000
1.000,0.000,0.000,0.000,0.000,0.000,0.000
0.998,0.000,0.000,0.000,0.000,0.002,0.000
0.109,0.887,0.000,0.000,0.000,0.004,0.000
0.001,0.999,0.000,0.000,0.000,0.000,0.000
0.000,1.000,0.000,0.000,0.000,0.000,0.000
0.001,0.999,0.000,0.000,0.000,0.000,0.000
0.008,0.762,0.000,0.000,0.000,0.000,0.230
0.004,0.000,0.000,0.000,0.000,0.000,0.996
0.000,0.000,0.000,0.000,0.000,0.000,1.000
0.000,0.000,0.000,0.000,0.000,0.000,1.000
0.000,0.000,0.000,0.000,0.000,0.000,1.000
0.000,0.000,0.000,0.000,0.000,0.000,1.000
0.000,0.000,0.000,0.001,0.000,0.000,0.998
0.000,0.000,0.000,0.001,0.000,0.000,0.998
0.000,0.000,0.000,0.000,0.000,0.000,1.000
0.000,0.000,0.000,0.000,0.000,0.000,0.999
0.020,0.000,0.000,0.001,0.000,0.000,0.979
1.000,0.000,0.000,0.000,0.000,0.000,0.000
1.000,0.000,0.000,0.000,0.000,0.000,0.000
0.966,0.000,0.014,0.000,0.000,0.000,0.021
1.000,0.000,0.000,0.000,0.000,0.000,0.000
0.021,0.000,0.000,0.000,0.000,0.000,0.979
0.001,0.000,0.000,0.000,0.000,0.000,0.999
0.000,0.000,0.000,0.000,0.000,0.000,1.000
0.001,0.000,0.000,0.000,0.000,0.000,0.999
0.023,0.000,0.000,0.000,0.000,0.000,0.977
1.000,0.000,0.000,0.000,0.000,0.000,0.000
0.236,0.000,0.000,0.000,0.000,0.000,0.764
0.234,0.000,0.000,0.001,0.000,0.000,0.765
0.999,0.000,0.001,0.000,0.000,0.000,0.000
0.075,0.000,0.000,0.002,0.000,0.000,0.923
0.002,0.000,0.000,0.000,0.000,0.000,0.997
0.000,0.000,0.000,0.001,0.000,0.000,0.999
0.000,0.000,0.000,0.000,0.000,0.000,1.000
0.000,0.000,0.000,0.000,0.000,0.000,1.000
0.000,0.000,0.000,0.000,0.000,0.000,1.000
0.005,0.000,0.000,0.001,0.000,0.000,0.994
0.038,0.000,0.000,0.001,0.000,0.000,0.961
1.000,0.000,0.000,0.000,0.000,0.000,0.000
0.044,0.000,0.000,0.001,0.000,0.000,0.956
0.005,0.000,0.000,0.002,0.000,0.000,0.993
0.001,0.000,0.000,0.002,0.000,0.000,0.997
0.000,0.000,0.000,0.001,0.000,0.000,0.998
0.001,0.000,0.000,0.001,0.000,0.000,0.997
0.003,0.977,0.000,0.000,0.000,0.000,0.020
0.000,1.000,0.000,0.000,0.000,0.000,0.000
0.000,1.000,0.000,0.000,0.000,0.000,0.000
0.000,1.000,0.000,0.000,0.000,0.000,0.000
0.000,1.000,0.000,0.000,0.000,0.000,0.000
0.000,1.000,0.000,0.000,0.000,0.000,0.000
0.000,1.000,0.000,0.000,0.000,0.000,0.000
0.000,1.000,0.000,0.000,0.000,0.000,0.000
0.000,1.000,0.000,0.000,0.000,0.000,0.000
0.000,1.000,0.000,0.000,0.000,0.000,0.000
0.000,1.000,0.000,0.000,0.000,0.000,0.000
0.000,1.000,0.000,0.000,0.000,0.000,0.000
0.000,1.000,0.000,0.000,0.000,0.000,0.000
0.000,1.000,0.000,0.000,0.000,0.000,0.000
0.000,1.000,0.000,0.000,0.000,0.000,0.000
0.000,1.000,0.000,0.000,0.000,0.000,0.000
0.000,1.000,0.000,0.000,0.000,0.000,0.000
0.000,1.000,0.000,0.000,0.000,0.000,0.000
0.000,1.000,0.000,0.000,0.000,0.000,0.000
0.000,1.000,0.000,0.000,0.000,0.000,0.000
0.000,1.000,0.000,0.000,0.000,0.000,0.000
0.000,1.000,0.000,0.000,0.000,0.000,0.000
0.000,1.000,0.000,0.000,0.000,0.000,0.000
0.000,1.000,0.000,0.000,0.000,0.000,0.000
0.000,1.000,0.000,0.000,0.000,0.000,0.000
0.000,1.000,0.000,0.000,0.000,0.000,0.000
0.000,1.000,0.000,0.000,0.000,0.000,0.000
0.000,1.000,0.000,0.000,0.000,0.000,0.000
0.000,1.000,0.000,0.000,0.000,0.000,0.000
0.000,1.000,0.000,0.000,0.000,0.000,0.000
0.000,1.000,0.000,0.000,0.000,0.000,0.000
0.000,1.000,0.000,0.000,0.000,0.000,0.000
0.000,1.000,0.000,0.000,0.000,0.000,0.000
0.000,1.000,0.000,0.000,0.000,0.000,0.000
0.000,1.000,0.000,0.000,0.000,0.000,0.000
0.000,1.000,0.000,0.000,0.000,0.000,0.000
0.000,1.000,0.000,0.000,0.000,0.000,0.000
0.000,1.000,0.000,0.000,0.000,0.000,0.000
0.000,1.000,0.000,0.000,0.000,0.000,0.000
0.000,1.000,0.000,0.000,0.000,0.000,0.000
0.000,1.000,0.000,0.000,0.000,0.000,0.000
0.000,1.000,0.000,0.000,0.000,0.000,0.000
0.000,1.000,0.000,0.000,0.000,0.000,0.000
0.000,1.000,0.000,0.000,0.000,0.000,0.000
0.000,1.000,0.000,0.000,0.000,0.000,0.000
0.000,1.000,0.000,0.000,0.000,0.000,0.000
0.000,1.000,0.000,0.000,0.000,0.000,0.000
0.000,1.000,0.000,0.000,0.000,0.000,0.000
0.000,1.000,0.000,0.000,0.000,0.000,0.000
0.000,1.000,0.000,0.000,0.000,0.000,0.000
0.000,1.000,0.000,0.000,0.000,0.000,0.000
0.000,1.000,0.000,0.000,0.000,0.000,0.000
0.000,1.000,0.000,0.000,0.000,0.000,0.000
0.000,1.000,0.000,0.000,0.000,0.000,0.000
0.000,1.000,0.000,0.000,0.000,0.000,0.000
0.000,1.000,0.000,0.000,0.000,0.000,0.000
0.000,1.000,0.000,0.000,0.000,0.000,0.000
0.000,1.000,0.000,0.000,0.000,0.000,0.000
0.000,1.000,0.000,0.000,0.000,0.000,0.000
0.007,0.846,0.000,0.000,0.000,0.000,0.148
0.003,0.000,0.000,0.000,0.000,0.000,0.997
0.000,0.000,0.001,0.000,0.000,0.000,0.999
0.001,0.000,0.005,0.000,0.000,0.000,0.994
0.034,0.000,0.009,0.000,0.000,0.000,0.957
1.000,0.000,0.000,0.000,0.000,0.000,0.000
0.056,0.000,0.063,0.000,0.000,0.000,0.881
0.002,0.000,0.040,0.000,0.000,0.000,0.959
0.000,0.000,0.038,0.000,0.000,0.000,0.962
0.000,0.000,0.035,0.000,0.000,0.000,0.965
0.000,0.000,0.031,0.000,0.000,0.000,0.969
0.000,0.000,0.019,0.000,0.000,0.000,0.981
0.000,0.000,0.003,0.000,0.000,0.000,0.997
0.000,0.000,0.001,0.000,0.000,0.000,0.999
0.000,0.000,0.001,0.000,0.000,0.000,0.999
0.000,0.000,0.000,0.000,0.000,0.000,1.000
0.000,0.000,0.000,0.000,0.000,0.000,1.000
0.000,0.000,0.000,0.000,0.000,0.000,1.000
0.000,0.000,0.000,0.000,0.000,0.000,1.000
0.000,0.000,0.000,0.000,0.000,0.000,1.000
0.000,0.000,0.001,0.000,0.000,0.000,0.999
0.000,0.000,0.000,0.000,0.000,0.000,1.000
0.000,0.000,0.002,0.000,0.000,0.000,0.998
0.000,0.000,0.002,0.000,0.000,0.000,0.998
0.000,0.000,0.000,0.000,0.000,0.000,1.000
0.000,0.000,0.001,0.000,0.000,0.000,0.999
0.000,0.000,0.000,0.000,0.000,0.000,0.999
0.000,0.000,0.000,0.000,0.000,0.000,1.000
0.000,0.000,0.000,0.000,0.000,0.000,1.000
0.000,0.000,0.000,0.000,0.000,0.000,1.000
0.000,0.000,0.001,0.000,0.000,0.000,0.999
0.000,0.000,0.001,0.000,0.000,0.000,0.999
0.000,0.000,0.000,0.000,0.000,0.000,0.999
0.000,0.000,0.000,0.000,0.000,0.000,0.999
0.000,0.000,0.001,0.000,0.000,0.000,0.999
0.000,0.000,0.001,0.000,0.000,0.000,0.999
0.000,0.000,0.000,0.000,0.000,0.000,1.000
0.000,0.000,0.000,0.000,0.000,0.000,0.999
0.000,0.000,0.000,0.000,0.000,0.000,0.999
0.000,0.000,0.000,0.000,0.000,0.000,1.000
0.000,0.000,0.000,0.000,0.000,0.000,0.999
0.000,0.000,0.000,0.000,0.000,0.000,0.999
0.000,0.000,0.000,0.000,0.000,0.000,1.000
0.000,0.000,0.000,0.000,0.000,0.000,1.000
0.000,0.000,0.000,0.000,0.000,0.000,1.000
0.000,0.000,0.000,0.000,0.000,0.000,1.000
0.000,0.000,0.000,0.000,0.000,0.000,1.000
0.000,0.000,0.000,0.000,0.000,0.000,1.000
0.000,0.000,0.000,0.000,0.000,0.000,1.000
0.000,0.000,0.001,0.000,0.000,0.000,0.999
0.000,0.000,0.002,0.000,0.000,0.000,0.998
0.000,0.000,0.006,0.000,0.000,0.000,0.994
0.001,0.000,0.024,0.000,0.000,0.000,0.975
0.013,0.000,0.092,0.000,0.000,0.000,0.895
0.147,0.000,0.243,0.000,0.606,0.000,0.004
0.055,0.000,0.131,0.000,0.814,0.000,0.000
0.017,0.000,0.005,0.000,0.978,0.000,0.000
0.004,0.000,0.000,0.000,0.996,0.000,0.000
0.001,0.000,0.000,0.000,0.999,0.000,0.000
0.000,0.000,0.000,0.000,1.000,0.000,0.000
0.000,0.000,0.000,0.000,1.000,0.000,0.000
0.000,0.000,0.000,0.000,1.000,0.000,0.000
0.000,0.000,0.000,0.000,1.000,0.000,0.000
0.000,0.000,0.000,0.000,1.000,0.000,0.000
0.000,0.000,0.000,0.000,1.000,0.000,0.000
0.000,0.000,0.000,0.000,1.000,0.000,0.000
0.000,0.000,0.000,0.000,1.000,0.000,0.000
0.000,0.000,0.000,0.000,1.000,0.000,0.000
0.000,0.000,0.000,0.000,1.000,0.000,0.000
0.000,0.000,0.000,0.000,1.000,0.000,0.000
0.000,0.000,0.000,0.000,1.000,0.000,0.000
0.000,0.000,0.000,0.000,1.000,0.000,0.000
0.001,0.000,0.000,0.000,0.999,0.000,0.000
0.001,0.000,0.000,0.000,0.999,0.000,0.000
0.003,0.000,0.000,0.000,0.997,0.000,0.000
0.010,0.000,0.000,0.000,0.990,0.000,0.000
0.032,0.000,0.023,0.000,0.945,0.000,0.000
0.002,0.000,0.995,0.000,0.003,0.000,0.000
0.000,0.000,1.000,0.000,0.000,0.000,0.000
0.000,0.000,1.000,0.000,0.000,0.000,0.000
0.000,0.000,1.000,0.000,0.000,0.000,0.000
0.000,0.000,1.000,0.000,0.000,0.000,0.000
0.000,0.000,1.000,0.000,0.000,0.000,0.000
0.000,0.000,1.000,0.000,0.000,0.000,0.000
0.000,0.000,1.000,0.000,0.000,0.000,0.000
0.000,0.000,1.000,0.000,0.000,0.000,0.000
0.000,0.000,1.000,0.000,0.000,0.000,0.000
0.000,0.000,1.000,0.000,0.000,0.000,0.000
0.000,0.000,1.000,0.000,0.000,0.000,0.000
0.000,0.000,1.000,0.000,0.000,0.000,0.000
0.000,0.000,1.000,0.000,0.000,0.000,0.000
0.000,0.000,1.000,0.000,0.000,0.000,0.000
0.000,0.000,1.000,0.000,0.000,0.000,0.000
0.000,0.000,1.000,0.000,0.000,0.000,0.000
0.000,0.000,1.000,0.000,0.000,0.000,0.000
0.000,0.000,1.000,0.000,0.000,0.000,0.000
0.000,0.000,1.000,0.000,0.000,0.000,0.000
0.000,0.000,1.000,0.000,0.000,0.000,0.000
0.000,0.000,1.000,0.000,0.000,0.000,0.000
0.000,0.000,1.000,0.000,0.000,0.000,0.000
0.000,0.000,1.000,0.000,0.000,0.000,0.000
0.000,0.000,1.000,0.000,0.000,0.000,0.000
0.000,0.000,1.000,0.000,0.000,0.000,0.000
0.000,0.000,1.000,0.000,0.000,0.000,0.000
0.000,0.000,1.000,0.000,0.000,0.000,0.000
0.000,0.000,1.000,0.000,0.000,0.000,0.000
0.000,0.000,1.000,0.000,0.000,0.000,0.000
0.000,0.000,1.000,0.000,0.000,0.000,0.000
0.000,0.000,1.000,0.000,0.000,0.000,0.000
0.000,0.000,1.000,0.000,0.000,0.000,0.000
0.000,0.000,1.000,0.000,0.000,0.000,0.000
0.000,0.000,1.000,0.000,0.000,0.000,0.000
0.000,0.000,1.000,0.000,0.000,0.000,0.000
0.000,0.000,1.000,0.000,0.000,0.000,0.000
0.000,0.000,1.000,0.000,0.000,0.000,0.000
0.000,0.000,1.000,0.000,0.000,0.000,0.000
0.000,0.000,0.995,0.000,0.000,0.000,0.005
0.000,0.000,0.987,0.000,0.000,0.000,0.013
0.000,0.000,0.983,0.000,0.000,0.000,0.017
0.002,0.000,0.956,0.000,0.000,0.000,0.042
0.024,0.000,0.907,0.000,0.000,0.004,0.065
0.009,0.002,0.000,0.000,0.000,0.988,0.000
0.000,0.000,0.000,0.000,0.000,1.000,0.000
0.000,0.000,0.000,0.000,0.000,1.000,0.000
0.000,0.000,0.000,0.000,0.000,1.000,0.000
0.000,0.000,0.000,0.000,0.000,1.000,0.000
0.000,0.000,0.000,0.000,0.000,1.000,0.000
0.000,0.000,0.000,0.000,0.000,1.000,0.000
0.000,0.000,0.000,0.000,0.000,1.000,0.000
0.000,0.000,0.000,0.000,0.000,1.000,0.000
0.000,0.000,0.000,0.000,0.000,1.000,0.000
0.000,0.000,0.000,0.000,0.000,1.000,0.000
0.000,0.000,0.000,0.000,0.000,1.000,0.000
0.000,0.000,0.000,0.000,0.000,1.000,0.000
0.000,0.000,0.000,0.000,0.000,1.000,0.000
0.000,0.000,0.000,0.000,0.000,1.000,0.000
0.000,0.000,0.000,0.000,0.000,1.000,0.000
0.000,0.000,0.000,0.000,0.000,1.000,0.000
0.000,0.000,0.000,0.000,0.000,1.000,0.000
0.000,0.000,0.000,0.000,0.000,1.000,0.000
0.000,0.000,0.000,0.000,0.000,1.000,0.000
0.000,0.000,0.000,0.000,0.000,1.000,0.000
0.000,0.000,0.000,0.000,0.000,1.000,0.000
0.001,0.000,0.000,0.000,0.000,0.999,0.000
0.032,0.091,0.000,0.000,0.000,0.877,0.000
0.564,0.310,0.000,0.012,0.000,0.112,0.002
0.679,0.279,0.005,0.006,0.000,0.016,0.016
0.955,0.000,0.025,0.000,0.019,0.000,0.001
0.809,0.000,0.000,0.000,0.191,0.000,0.000
0.811,0.000,0.000,0.000,0.189,0.000,0.000
1.000,0.000,0.000,0.000,0.000,0.000,0.000
1.000,0.000,0.000,0.000,0.000,0.000,0.000
1.000,0.000,0.000,0.000,0.000,0.000,0.000
1.000,0.000,0.000,0.000,0.000,0.000,0.000
0.088,0.000,0.000,0.000,0.912,0.000,0.000
0.012,0.000,0.000,0.000,0.988,0.000,0.000
0.010,0.000,0.000,0.000,0.990,0.000,0.000
0.047,0.000,0.000,0.000,0.953,0.000,0.000
1.000,0.000,0.000,0.000,0.000,0.000,0.000
1.000,0.000,0.000,0.000,0.000,0.000,0.000
0.148,0.000,0.000,0.000,0.852,0.000,0.000
0.065,0.000,0.000,0.000,0.935,0.000,0.000
0.060,0.000,0.000,0.000,0.940,0.000,0.000
0.099,0.000,0.000,0.000,0.901,0.000,0.000
1.000,0.000,0.000,0.000,0.000,0.000,0.000
1.000,0.000,0.000,0.000,0.000,0.000,0.000
0.039,0.000,0.000,0.000,0.961,0.000,0.000
0.003,0.000,0.000,0.000,0.997,0.000,0.000
0.001,0.000,0.000,0.000,0.999,0.000,0.000
0.005,0.000,0.000,0.000,0.995,0.000,0.000
0.061,0.000,0.000,0.000,0.939,0.000,0.000
0.251,0.000,0.000,0.000,0.749,0.000,0.000
1.000,0.000,0.000,0.000,0.000,0.000,0.000
1.000,0.000,0.000,0.000,0.000,0.000,0.000
0.987,0.000,0.003,0.000,0.010,0.000,0.000
0.371,0.000,0.628,0.000,0.001,0.000,0.000
0.169,0.000,0.720,0.000,0.000,0.000,0.111
0.078,0.001,0.639,0.000,0.000,0.000,0.282
0.035,0.001,0.502,0.000,0.000,0.000,0.462
0.013,0.000,0.366,0.000,0.000,0.000,0.620
0.006,0.000,0.203,0.000,0.000,0.000,0.790
0.004,0.000,0.078,0.000,0.000,0.000,0.918
0.002,0.000,0.025,0.000,0.000,0.000,0.973
0.002,0.000,0.010,0.000,0.000,0.000,0.988
0.002,0.000,0.007,0.000,0.000,0.000,0.991
0.002,0.000,0.005,0.000,0.000,0.000,0.992
0.002,0.000,0.002,0.000,0.000,0.000,0.996
0.001,0.000,0.001,0.000,0.000,0.000,0.998
0.001,0.000,0.001,0.000,0.000,0.000,0.998
0.001,0.000,0.001,0.000,0.000,0.000,0.998
0.001,0.000,0.001,0.000,0.000,0.000,0.998
0.001,0.000,0.001,0.000,0.000,0.000,0.997
0.003,0.000,0.005,0.000,0.000,0.000,0.992
0.006,0.001,0.017,0.000,0.000,0.000,0.975
0.016,0.001,0.059,0.000,0.000,0.000,0.924
0.032,0.000,0.124,0.000,0.000,0.000,0.843
0.088,0.000,0.221,0.000,0.000,0.000,0.691
0.207,0.000,0.248,0.000,0.000,0.000,0.544
0.436,0.000,0.213,0.000,0.000,0.000,0.350
1.000,0.000,0.000,0.000,0.000,0.000,0.000
1.000,0.000,0.000,0.000,0.000,0.000,0.000
0.992,0.000,0.008,0.000,0.000,0.000,0.000
0.950,0.000,0.050,0.000,0.000,0.000,0.000
0.325,0.000,0.674,0.000,0.000,0.000,0.000
0.191,0.000,0.809,0.000,0.000,0.000,0.000
0.104,0.000,0.896,0.000,0.000,0.000,0.000
0.046,0.000,0.952,0.000,0.000,0.000,0.002
0.037,0.000,0.963,0.000,0.000,0.000,0.000
0.009,0.000,0.990,0.000,0.000,0.000,0.001
0.002,0.000,0.996,0.000,0.000,0.000,0.002
0.001,0.000,0.998,0.000,0.000,0.000,0.002
0.000,0.000,0.998,0.000,0.000,0.000,0.001
0.000,0.000,0.999,0.000,0.000,0.000,0.000
0.000,0.000,1.000,0.000,0.000,0.000,0.000
0.000,0.000,1.000,0.000,0.000,0.000,0.000
0.000,0.000,0.999,0.000,0.000,0.000,0.000
0.001,0.003,0.995,0.000,0.000,0.000,0.001
0.003,0.031,0.964,0.000,0.000,0.000,0.002
0.005,0.111,0.880,0.000,0.000,0.000,0.005
0.005,0.239,0.747,0.000,0.000,0.000,0.010
0.006,0.290,0.695,0.000,0.000,0.000,0.010
0.007,0.380,0.598,0.000,0.000,0.000,0.015
0.006,0.576,0.394,0.000,0.000,0.000,0.024
0.006,0.683,0.293,0.000,0.000,0.000,0.018
0.004,0.862,0.121,0.000,0.000,0.000,0.012
0.002,0.955,0.037,0.000,0.000,0.000,0.006
0.001,0.982,0.015,0.000,0.000,0.000,0.003
0.000,0.990,0.008,0.000,0.000,0.000,0.002
0.000,0.995,0.004,0.000,0.000,0.000,0.001
0.000,0.998,0.002,0.000,0.000,0.000,0.000
0.000,1.000,0.000,0.000,0.000,0.000,0.000
0.000,1.000,0.000,0.000,0.000,0.000,0.000
0.000,1.000,0.000,0.000,0.000,0.000,0.000
0.000,1.000,0.000,0.000,0.000,0.000,0.000
0.000,1.000,0.000,0.000,0.000,0.000,0.000
0.000,1.000,0.000,0.000,0.000,0.000,0.000
0.000,1.000,0.000,0.000,0.000,0.000,0.000
0.000,0.991,0.000,0.000,0.000,0.009,0.000
0.004,0.430,0.000,0.000,0.000,0.566,0.000
0.002,0.031,0.000,0.000,0.000,0.967,0.000
0.000,0.002,0.000,0.000,0.000,0.998,0.000
0.000,0.000,0.000,0.000,0.000,1.000,0.000
0.000,0.000,0.000,0.000,0.000,1.000,0.000
0.000,0.000,0.000,0.000,0.000,1.000,0.000
0.000,0.000,0.000,0.000,0.000,1.000,0.000
0.000,0.000,0.000,0.000,0.000,1.000,0.000
0.000,0.000,0.000,0.000,0.000,1.000,0.000
0.000,0.000,0.000,0.000,0.000,1.000,0.000
0.000,0.000,0.000,0.000,0.000,1.000,0.000
0.000,0.000,0.000,0.000,0.000,1.000,0.000
0.000,0.000,0.000,0.000,0.000,1.000,0.000
0.000,0.000,0.000,0.000,0.000,1.000,0.000
0.000,0.000,0.000,0.000,0.000,1.000,0.000
0.000,0.000,0.000,0.000,0.000,1.000,0.000
0.000,0.000,0.000,0.000,0.000,1.000,0.000
0.000,0.000,0.000,0.000,0.000,1.000,0.000
0.000,0.000,0.000,0.000,0.000,1.000,0.000
0.000,0.000,0.000,0.000,0.000,1.000,0.000
0.000,0.000,0.000,0.000,0.000,1.000,0.000
0.000,0.000,0.000,0.000,0.000,1.000,0.000
0.000,0.000,0.000,0.000,0.000,1.000,0.000
0.000,0.000,0.000,0.000,0.000,1.000,0.000
0.000,0.000,0.000,0.000,0.000,1.000,0.000
0.000,0.000,0.000,0.000,0.000,1.000,0.000
0.000,0.000,0.000,0.000,0.000,1.000,0.000
0.000,0.000,0.000,0.000,0.000,1.000,0.000
0.000,0.000,0.000,0.000,0.000,1.000,0.000
0.000,0.000,0.000,0.000,0.000,1.000,0.000
0.000,0.000,0.000,0.000,0.000,1.000,0.000
0.001,0.000,0.000,0.000,0.000,0.999,0.000
0.002,0.002,0.000,0.000,0.000,0.996,0.000
0.006,0.011,0.000,0.000,0.000,0.983,0.000
0.012,0.099,0.000,0.000,0.000,0.889,0.000
0.001,0.930,0.000,0.000,0.000,0.068,0.000
0.000,0.995,0.000,0.000,0.000,0.005,0.000
0.000,1.000,0.000,0.000,0.000,0.000,0.000
0.000,1.000,0.000,0.000,0.000,0.000,0.000
0.000,1.000,0.000,0.000,0.000,0.000,0.000
0.000,1.000,0.000,0.000,0.000,0.000,0.000
0.000,1.000,0.000,0.000,0.000,0.000,0.000
0.000,1.000,0.000,0.000,0.000,0.000,0.000
0.000,1.000,0.000,0.000,0.000,0.000,0.000
0.000,1.000,0.000,0.000,0.000,0.000,0.000
0.000,1.000,0.000,0.000,0.000,0.000,0.000
0.000,1.000,0.000,0.000,0.000,0.000,0.000
0.000,1.000,0.000,0.000,0.000,0.000,0.000
0.000,1.000,0.000,0.000,0.000,0.000,0.000
0.000,1.000,0.000,0.000,0.000,0.000,0.000
0.000,1.000,0.000,0.000,0.000,0.000,0.000
0.000,1.000,0.000,0.000,0.000,0.000,0.000
0.000,1.000,0.000,0.000,0.000,0.000,0.000
0.000,1.000,0.000,0.000,0.000,0.000,0.000
0.000,1.000,0.000,0.000,0.000,0.000,0.000
0.000,1.000,0.000,0.000,0.000,0.000,0.000
0.000,1.000,0.000,0.000,0.000,0.000,0.000
0.000,1.000,0.000,0.000,0.000,0.000,0.000
0.000,1.000,0.000,0.000,0.000,0.000,0.000
0.000,1.000,0.000,0.000,0.000,0.000,0.000
0.000,1.000,0.000,0.000,0.000,0.000,0.000
0.000,1.000,0.000,0.000,0.000,0.000,0.000
0.000,1.000,0.000,0.000,0.000,0.000,0.000
0.000,1.000,0.000,0.000,0.000,0.000,0.000
0.000,1.000,0.000,0.000,0.000,0.000,0.000
0.000,1.000,0.000,0.000,0.000,0.000,0.000
0.000,1.000,0.000,0.000,0.000,0.000,0.000
0.000,1.000,0.000,0.000,0.000,0.000,0.000
0.000,1.000,0.000,0.000,0.000,0.000,0.000
0.000,1.000,0.000,0.000,0.000,0.000,0.000
0.000,1.000,0.000,0.000,0.000,0.000,0.000
0.000,1.000,0.000,0.000,0.000,0.000,0.000
0.000,1.000,0.000,0.000,0.000,0.000,0.000
0.000,1.000,0.000,0.000,0.000,0.000,0.000
0.000,1.000,0.000,0.000,0.000,0.000,0.000
0.000,1.000,0.000,0.000,0.000,0.000,0.000
0.000,0.999,0.000,0.000,0.000,0.001,0.000
0.000,0.999,0.000,0.000,0.000,0.001,0.000
0.000,0.999,0.000,0.000,0.000,0.001,0.000
0.000,1.000,0.000,0.000,0.000,0.000,0.000
0.000,1.000,0.000,0.000,0.000,0.000,0.000
0.000,1.000,0.000,0.000,0.000,0.000,0.000
0.000,1.000,0.000,0.000,0.000,0.000,0.000
0.000,1.000,0.000,0.000,0.000,0.000,0.000
0.000,1.000,0.000,0.000,0.000,0.000,0.000
0.000,1.000,0.000,0.000,0.000,0.000,0.000
0.000,1.000,0.000,0.000,0.000,0.000,0.000
0.000,1.000,0.000,0.000,0.000,0.000,0.000
0.000,1.000,0.000,0.000,0.000,0.000,0.000
0.000,1.000,0.000,0.000,0.000,0.000,0.000
0.000,1.000,0.000,0.000,0.000,0.000,0.000
0.000,1.000,0.000,0.000,0.000,0.000,0.000
0.000,1.000,0.000,0.000,0.000,0.000,0.000
0.000,1.000,0.000,0.000,0.000,0.000,0.000
0.000,1.000,0.000,0.000,0.000,0.000,0.000
0.000,0.999,0.000,0.000,0.000,0.001,0.000
0.001,0.998,0.000,0.000,0.000,0.001,0.000
0.002,0.998,0.000,0.000,0.000,0.000,0.000
0.006,0.933,0.000,0.000,0.000,0.000,0.061
0.047,0.008,0.000,0.003,0.000,0.000,0.941
0.005,0.000,0.000,0.581,0.000,0.000,0.414
0.000,0.000,0.000,0.998,0.000,0.000,0.002
0.000,0.000,0.000,1.000,0.000,0.000,0.000
0.000,0.000,0.000,1.000,0.000,0.000,0.000
0.000,0.000,0.000,1.000,0.000,0.000,0.000
0.000,0.000,0.000,1.000,0.000,0.000,0.000
0.000,0.000,0.000,1.000,0.000,0.000,0.000
0.000,0.000,0.000,1.000,0.000,0.000,0.000
0.000,0.000,0.000,1.000,0.000,0.000,0.000
0.000,0.000,0.000,1.000,0.000,0.000,0.000
0.000,0.000,0.000,1.000,0.000,0.000,0.000
0.000,0.000,0.000,1.000,0.000,0.000,0.000
0.000,0.000,0.000,1.000,0.000,0.000,0.000
0.000,0.000,0.000,1.000,0.000,0.000,0.000
0.000,0.000,0.000,1.000,0.000,0.000,0.000
0.000,0.000,0.000,1.000,0.000,0.000,0.000
0.000,0.000,0.000,1.000,0.000,0.000,0.000
0.000,0.000,0.000,1.000,0.000,0.000,0.000
0.000,0.000,0.000,1.000,0.000,0.000,0.000
0.000,0.000,0.000,1.000,0.000,0.000,0.000
0.000,0.000,0.000,1.000,0.000,0.000,0.000
0.000,0.000,0.000,1.000,0.000,0.000,0.000
0.000,0.000,0.000,1.000,0.000,0.000,0.000
0.000,0.000,0.000,1.000,0.000,0.000,0.000
0.000,0.000,0.000,1.000,0.000,0.000,0.000
0.000,0.000,0.000,1.000,0.000,0.000,0.000
0.000,0.000,0.000,1.000,0.000,0.000,0.000
0.000,0.000,0.000,1.000,0.000,0.000,0.000
0.000,0.000,0.000,0.999,0.000,0.000,0.000
0.001,0.000,0.000,0.999,0.000,0.000,0.000
0.001,0.000,0.000,0.999,0.000,0.000,0.000
0.001,0.000,0.000,0.999,0.000,0.000,0.000
0.002,0.000,0.000,0.998,0.000,0.000,0.000
0.004,0.000,0.000,0.996,0.000,0.000,0.000
0.007,0.000,0.000,0.993,0.000,0.000,0.000
0.013,0.000,0.000,0.986,0.000,0.001,0.000
