5210732,1
5210741,1
5210749,1
5210757,1
5210766,1
5210774,1
5210782,1
5210791,4
5210807,1
5210816,1
5210824,1
5210832,1
5210841,1
5210849,1
5210857,1
5210866,1
5210874,5
5210882,5
5210891,6
5210899,6
5210907,6
5210916,6
5210924,1
5210932,1
5210941,1
5210949,1
5210957,1
5210966,1
5210974,1
5210982,1
5210991,1
5210999,1
5211007,1
5211016,1
5211024,1
5211232,4
5211249,3
5211257,3
5211266,3
5211274,2
5211283,2
5211299,2
5211307,2
5211316,1
5211324,1
5211332,1
5211341,2
5211349,2
5211357,2
5211366,2
5211374,2
5211382,2
5211391,4
5211407,1
5211416,1
5211424,5
5211432,5
5211441,2
5211449,2
5211457,2
5211466,2
5211474,2
5211482,1
5211491,4
5211507,1
5211516,1
5211524,5
5211532,5
5211541,1
5211549,1
5211557,5
5211566,5
5211574,5
5211582,5
5211591,4
5211607,5
5211616,5
5211624,5
5211632,5
5211641,1
5211649,1
5211657,5
5211666,5
5211674,5
5211682,5
5211691,4
5211707,5
5211716,5
5211724,5
5211732,5
5211741,5
5211749,5
5211757,5
5211766,5
5211774,5
5211791,4
5211807,5
5211816,5
5211824,5
5211841,5
5211849,5
5211857,5
5211866,5
5211874,5
5211891,4
5211907,5
5211916,5
5211924,5
5211941,5
5211949,5
5211957,5
5211966,5
5211974,5
5211982,5
5211991,5
5211999,5
5212016,2
5212024,2
5212032,2
5212041,2
5212049,2
5212057,2
5212066,2
5212074,2
5212091,5
5212099,5
5212107,5
5212116,5
5212124,5
5212132,5
5212141,2
5212149,2
5212157,2
5212166,2
5212332,4
5212357,2
5212366,2
5212374,2
5212382,2
5212391,2
5212399,2
5212407,2
5212416,2
5212424,2
5212432,2
5212441,2
5212449,5
5212457,5
5212466,5
5212474,5
5212482,5
5212491,5
5212499,5
5212507,5
5212516,5
5212524,5
5212532,5
5212541,5
5212549,5
5212557,5
5212566,5
5212574,5
5212582,5
5212591,5
5212599,5
5212607,5
5212616,5
5212624,5
5212632,5
5212641,5
5212649,5
5212657,5
5212666,5
5212674,5
5212682,5
5212691,5
5212699,5
5212707,5
5212716,5
5212724,5
5212732,5
5212741,5
5212749,5
5212757,5
5212766,5
5212774,5
5212782,5
5212791,5
5212799,5
5212807,5
5212816,5
5212824,5
5212832,5
5212841,5
5212849,5
5212857,5
5212866,5
5212874,5
5212882,5
5212891,5
5212899,5
5212907,5
5212916,5
5212924,5
5212932,5
5212941,5
5212949,5
5212957,5
5212966,5
5212974,5
5212982,5
5212991,5
5212999,5
5213008,5
5213016,5
5213024,5
5213032,5
5213041,5
5213049,5
5213057,5
5213066,5
5213074,5
5213082,5
5213091,5
5213099,5
5213107,5
5213116,5
5213124,5
5213132,5
5213141,5
5213149,5
5213157,5
5213166,5
5213174,5
5213182,5
5213191,5
5213199,2
5213216,2
5213391,5
5213399,2
5213415,2
5213424,2
5213441,2
5213449,2
5213457,2
5213466,2
5213474,2
5213482,2
5213490,2
5213499,2
5213507,2
5213515,2
5213524,2
5213532,2
5213541,5
5213549,5
5213557,5
5213566,5
5213574,5
5213582,5
5213591,5
5213599,5
5213607,2
5213616,2
5213624,2
5213632,2
5213641,5
5213649,5
5213657,5
5213666,5
5213674,5
5213682,5
5213691,5
5213699,5
5213707,5
5213715,5
5213724,5
5213732,5
5213741,5
5213749,5
5213757,5
5213766,5
5213774,5
5213790,5
5213799,5
5213815,5
5213824,5
5213841,5
5213849,5
5213857,5
5213866,5
5213874,5
5213882,5
5213890,5
5213899,5
5213907,5
5213915,5
5213924,5
5213932,5
5213941,5
5213949,5
5213957,5
5213966,5
5213974,5
5213982,5
5213990,5
5213999,5
5214007,5
5214015,5
5214024,5
5214032,5
5214040,5
5214049,5
5214057,5
5214066,5
5214074,5
5214082,5
5214090,5
5214099,5
5214107,5
5214115,5
5214124,5
5214132,5
5214140,5
5214149,5
5214157,5
5214165,5
5214174,5
5214182,5
5214190,5
5214199,5
5214207,5
5214216,5
5214224,5
5214232,5
5214241,5
5214249,5
5214257,5
5214265,5
5214274,5
5214290,5
5214299,5
5214307,5
5214315,0
5214324,0
5214340,0
5214349,0
5214357,0
5214365,0
5214374,0
5214382,0
5214391,0
5214399,0
5214407,5
5214415,5
5214424,5
5214432,5
5214440,5
5214449,5
5214457,5
5214465,5
5214474,5
5214482,5
5214490,5
5214499,5
5214507,5
5214515,5
5214524,5
5214532,5
5214540,5
5214549,5
5214557,5
5214565,5
5214574,5
5214582,5
5214599,2
5214790,5
5214799,5
5214824,5
5214832,2
5214840,2
5214849,2
5214857,5
5214865,5
5214874,5
5214882,5
5214890,2
5214899,5
5214907,2
5214915,5
5214924,5
5214932,5
5214940,5
5214949,5
5214957,5
5214965,5
5214974,5
5214982,5
5214990,5
5214999,5
5215007,5
5215015,5
5215024,5
5215032,5
5215040,5
5215049,5
5215057,5
5215065,5
5215074,5
5215082,5
5215090,5
5215107,5
5215115,5
5215124,5
5215132,5
5215140,5
5215149,5
5215157,5
5215165,5
5215174,5
5215182,5
5215190,5
5215199,5
5215207,5
5215215,5
5215224,5
5215232,5
5215240,5
5215249,5
5215257,5
5215274,2
5215441,3
5215490,2
5215499,2
5215507,2
5215524,2
5215532,3
5215540,5
5215549,5
5215557,0
5215565,0
5215574,0
5215582,0
5215591,4
5215599,0
5215607,0
5215615,0
5215624,0
5215632,0
5215640,0
5215649,0
5215657,0
5215665,0
5215674,0
5215682,0
5215690,0
5215699,0
5215707,0
5215715,0
5215724,0
5215732,0
5215740,0
5215749,0
5215757,0
5215765,0
5215774,0
5215782,0
5215790,0
5215799,0
5215807,0
5215815,0
5215824,0
5215832,0
5216065,5
5216074,5
5216082,5
5216090,2
5216099,5
5216107,5
5216115,5
5216124,5
5216132,5
5216140,5
5216149,5
5216157,5
5216165,5
5216174,5
5216182,5
5216190,5
5216199,5
5216207,5
5216215,5
5216224,5
5216232,5
5216240,5
5216249,5
5216257,5
5216265,5
5216274,5
5216282,5
5216290,5
5216299,5
5216307,5
5216315,5
5216324,5
5216332,5
5216340,5
5216349,5
5216357,5
5216365,5
5216374,5
5216382,5
5216390,5
5216399,5
5216407,5
5216415,5
5216424,5
5216432,5
5216440,5
5216449,5
5216457,5
5216465,5
5216474,5
5216482,5
5216490,5
5216499,5
5216507,5
5216515,5
5216524,5
5216532,5
5216540,5
5216549,5
5216557,5
5216565,5
5216574,5
5216582,5
5216599,5
5220866,5
5220874,5
5220882,5
5220891,0
5220899,0
5220907,0
5220916,0
5220924,0
5220932,0
5220941,0
5220949,0
5220957,0
5220966,0
5220974,0
5220982,0
5220991,0
5220999,0
5221007,0
5221016,5
5221024,5
5221032,5
5221041,5
5221049,5
5221057,5
5221066,5
5221074,5
5221082,5
5221091,5
5221099,5
5221107,5
5221116,5
5221124,5
5221132,5
5221141,5
5221149,5
5221157,5
5221166,5
5221174,5
5221182,5
5221191,5
5221199,5
5221207,5
5221216,5
5221224,5
5221232,5
5221241,5
5221249,5
5221257,5
5221266,5
5221274,5
5221282,5
5221291,5
5221299,5
5221307,5
5221316,5
5221324,5
5221332,5
5221341,5
5221349,5
5221357,5
5221366,5
5221374,5
5221382,5
5221391,5
5221399,5
5221407,5
5221416,5
5221424,5
5221433,5
5221441,5
5221449,5
5221457,5
5221466,5
5221474,5
5221482,5
5221491,5
5221499,5
5221507,5
5221516,5
5221524,5
5221532,5
5221541,5
5221549,5
5221557,5
5221566,5
5221574,5
5221582,5
5221591,5
5221599,5
5221607,5
5221616,5
5221624,5
5221632,5
5221641,5
5221649,5
5221657,5
5221666,5
5221674,5
5221682,5
5221691,5
5221699,5
5221707,5
5221716,5
5221724,5
5221732,5
5221741,5
5221749,5
5221757,5
5221766,5
5221774,5
5221782,5
5221791,5
5221799,5
5222007,5
5222016,5
5222041,5
5222049,5
5222057,1
5222066,1
5222074,1
5222082,1
5222091,1
5222099,5
5222107,5
5222116,5
5222124,5
5222132,5
5222141,5
5222149,5
5222157,5
5222166,5
5222174,5
5222182,5
5222191,5
5222199,5
5222207,5
5222216,5
5222224,5
5222232,5
5222241,5
5222249,5
5222257,5
5222266,5
5222274,5
5222282,5
5222291,5
5222299,5
5222307,5
5222316,5
5222324,0
5222332,0
5222341,0
5222349,0
5222357,0
5222366,0
5222374,0
5222382,0
5222391,0
5222399,0
5222407,0
5222416,0
5222424,0
5222432,4
5222449,0
5222457,0
5222466,0
5222474,0
5222482,0
5222491,0
5222499,0
5222507,0
5222516,0
5222524,0
5222532,4
5222549,0
5222557,0
5222566,0
5222574,0
5222582,0
5222591,0
5222599,0
5222607,0
5222616,0
5222624,0
5222632,0
5222641,0
5222649,0
5222657,0
5222666,5
5222674,5
5222682,5
5222691,5
5222699,5
5222707,5
5222716,5
5222724,5
5222732,5
5222741,5
5222749,5
5222757,5
5222766,5
5222774,5
5222782,5
5222791,5
5222799,5
5222807,5
5222816,5
5222832,4
5222849,5
5222857,5
5222866,5
5222882,5
5222891,0
5222899,0
5222907,0
5222916,0
5222924,0
5222932,0
5222949,0
5222957,0
5222966,5
5222974,5
5222982,5
5222990,5
5222999,5
5223007,5
5223016,5
5223024,5
5223032,4
5223049,5
5223057,5
5223066,5
5223074,5
5223082,5
5223091,5
5223099,5
5223107,5
5223115,5
5223124,5
5223132,5
5223141,5
5223149,5
5223157,5
5223166,5
5223174,5
5223182,5
5223191,5
5223199,5
5223207,5
5223215,0
5223224,0
5223232,0
5223249,0
5223257,0
5223265,0
5223274,0
5223282,0
5223291,5
5223299,5
5223307,5
5223315,5
5223324,5
5223332,5
5223349,5
5223357,5
5223365,5
5223374,5
5223382,5
5223390,5
5223399,5
5223407,5
5223415,5
5223424,5
5223432,5
5223441,2
5223449,2
5223457,2
5223466,5
5223474,5
5223482,5
5223490,5
5223499,5
5223507,5
5223515,2
5223524,2
5223532,2
5223540,2
5223549,2
5223557,2
5223566,2
5223574,2
5223582,2
5223590,2
5223599,2
5223607,2
5223615,2
5223624,2
5223632,2
5223640,2
5223649,2
5223657,2
5223665,2
5223674,2
5223682,2
5223690,2
5223699,2
5223707,2
5223715,2
5223732,2
5223874,2
5223882,2
5223890,5
5223899,5
5223907,5
5223915,5
5223932,5
5223940,5
5223949,5
5223957,5
5223965,5
5223974,0
5223982,0
5223990,0
5223999,0
5224007,0
5224015,0
5224024,0
5224032,0
5224040,0
5224049,0
5224057,0
5224065,0
5224074,5
5224082,5
5224090,5
5224099,5
5224107,5
5224115,5
5224124,5
5224132,5
5224140,5
5224149,5
5224157,5
5224165,5
5224174,5
5224182,5
5224190,5
5224199,5
5224207,5
5224215,5
5224224,5
5224232,5
5224240,5
5224249,5
5224257,5
5224265,5
5224274,5
5224282,5
5224290,0
5224299,0
5224307,0
5224315,0
5224324,0
5224332,0
5224340,0
5224349,0
5224357,0
5224366,0
5224374,0
5224382,0
5224390,0
5224399,0
5224407,0
5224415,0
5224424,0
5224432,0
5224440,0
5224449,0
5224457,0
5224465,0
5224474,0
5224482,0
5224490,0
5224499,0
5224507,0
5224515,0
5224524,0
5224532,0
5224540,0
5224549,0
5224557,0
5224565,0
5224574,0
5224582,0
5224590,0
5224599,0
5224607,0
5224615,0
5224624,0
5224632,0
5224640,0
5224649,0
5224657,0
5224665,0
5224674,0
5224682,0
5224690,0
5224699,0
5224707,0
5224715,0
5224724,0
5224732,0
5224740,0
5224749,0
5224757,0
5224765,0
5224774,0
5224782,0
5224790,0
5224799,0
5224807,0
5224815,0
5224824,0
5224832,0
5224840,0
5224849,0
5224857,4
5224865,0
5224874,0
5224882,0
5224890,0
5224899,0
5224907,0
5224915,0
5224924,0
5224932,4
5224949,0
5224957,0
5224965,0
5224974,0
5224982,0
5224990,0
5224999,0
5225007,0
5225015,0
5225024,0
5225032,0
5225040,0
5225049,0
5225057,0
5225065,0
5225074,0
5225082,0
5225090,0
5225099,0
5225107,0
5225115,0
5225124,0
5225132,4
5225149,0
5225157,0
5225165,0
5225174,0
5225182,0
5225190,0
5225199,0
5225207,0
5225215,0
5225224,0
5225232,4
5225249,0
5225257,0
5225265,0
5225274,0
5225282,0
5225290,0
5225299,0
5225307,0
5225315,0
5225324,0
5225332,4
5225349,0
5225357,0
5225365,0
5225374,0
5225382,0
5225399,0
5225407,0
5225415,0
5225424,0
5225432,1
5225449,0
5225457,0
5225474,0
5225482,0
5225490,0
5225499,0
5225507,0
5225524,0
5225532,1
5225557,0
5225565,0
5225707,0
5225715,0
5225724,0
5225732,0
5225740,0
5225749,0
5225757,0
5225765,0
5225774,0
5225782,0
5225790,0
5225799,0
5225807,0
5225815,0
5225824,0
5225832,0
5225840,0
5225849,0
5225857,0
5225866,0
5225874,0
5225882,0
5225890,0
5225899,0
5225907,0
5225915,0
5225924,0
5225932,4
5225949,0
5225957,0
5225966,0
5225974,0
5225982,0
5225990,0
5225999,0
5226007,0
5226015,5
5226024,5
5226032,4
5226049,5
5226057,5
5226065,0
5226082,5
5226090,5
5226099,5
5226107,5
5226115,5
5226124,5
5226132,5
5226140,5
5226149,5
5226157,5
5226165,5
5226174,5
5226182,5
5226190,5
5226199,5
5226207,5
5226215,5
5226224,5
5226232,5
5226240,5
5226249,5
5226257,5
5226265,5
5226274,5
5226282,5
5226290,5
5226299,5
5226307,5
5226315,5
5226324,5
5226332,5
5226340,5
5226349,5
5226357,5
5226366,5
5226374,5
5226382,5
5226390,5
5226399,5
5226407,5
5226415,5
5226424,5
5226432,5
5226440,5
5226449,5
5226457,5
5226465,5
5226474,5
5226482,5
5226490,5
5226499,5
5226507,5
5226515,5
5226524,5
5226532,5
5226540,5
5226549,5
5226557,5
5226565,5
5226574,5
5226582,5
5226590,5
5226599,5
5226607,5
5226615,5
5226624,5
5226632,5
5226640,5
5226649,5
5226657,5
5226665,5
5226674,5
5226682,5
5226690,5
5226699,5
5227132,1
5227140,1
5227149,1
5227157,1
5227165,1
5227174,1
5227182,5
5227190,5
5227199,5
5227207,5
5227215,5
5227224,5
5227232,4
5227248,0
5227257,0
5227265,5
5227274,5
5227282,5
5227290,5
5227298,5
5227307,0
5227315,0
5227323,5
5227332,5
5227340,5
5227348,5
5227357,5
5227365,5
5227374,5
5227382,5
5227390,0
5227398,0
5227407,0
5227415,5
5227432,4
5227440,5
5227448,5
5227457,5
5227465,5
5227473,5
5227482,5
5227490,5
5227499,5
5227507,5
5227515,5
5227523,5
5227532,5
5227540,5
5227548,5
5227557,5
5227565,5
5227573,5
5227582,5
5227590,5
5227599,5
5227607,5
5227615,5
5227624,5
5227632,5
5227640,5
5227648,5
5227657,5
5227665,5
5227673,1
5227682,1
5227690,1
5227698,1
5227707,1
5227715,1
5227723,1
5227740,1
5227748,1
5227757,1
5227765,1
5227773,1
5227782,1
5227790,1
5227807,1
5227815,1
5227824,1
5227832,1
5227840,1
5227848,5
5227865,5
5227873,5
5227882,5
5227890,5
5227899,5
5227907,5
5227915,5
5227923,5
5227932,4
5227940,5
5227948,5
5227957,5
5227965,5
5227973,5
5227982,5
5227990,5
5227998,5
5228007,1
5228015,1
5228023,5
5228032,5
5228040,5
5228048,5
5228057,5
5228065,5
5228073,5
5228082,5
5228090,5
5228098,5
5228107,5
5228115,5
5228123,0
5228132,0
5228140,5
5228148,5
5228157,5
5228165,5
5228173,5
5228182,5
5228190,5
5228198,5
5228207,5
5228215,5
5228223,5
5228232,4
5228248,5
5228257,5
5228265,5
5228273,5
5228282,5
5228290,5
5228299,0
5228307,0
5228315,0
5228323,0
5228332,4
5228348,0
5228357,0
5228365,0
5228373,5
5228382,5
5228390,0
5228398,0
5228407,0
5228415,0
5228423,0
5228432,4
5228448,0
5228457,0
5228465,0
5228473,0
5228482,0
5228490,0
5228498,0
5228507,0
5228515,0
5228523,0
5228532,4
5228548,0
5228557,0
5228565,5
5228573,5
5228582,5
5228590,5
5228598,5
5228607,5
5228615,5
5228623,5
5228632,4
5228648,5
5228657,5
5228665,5
5228673,5
5228682,5
5228690,5
5228698,5
5228707,5
5228715,5
5228723,1
5228732,4
5228748,5
5228757,5
5228765,5
5228773,5
5228782,5
5228790,5
5228798,5
5228807,5
5228815,5
5228823,5
5228832,5
5228840,5
5228848,5
5228857,5
5228865,5
5228873,5
5228882,5
5228890,5
5228898,5
5228907,5
5228915,5
5228940,5
5228948,5
5229173,5
5229182,5
5229190,5
5229198,5
5229207,0
5229215,0
5229223,0
5229232,4
5229248,0
5229257,0
5229265,0
5229273,0
5229282,0
5229290,0
5229298,0
5229307,0
5229315,0
5229323,0
5229332,4
5229348,0
5229357,0
5229365,0
5229373,0
5229382,0
5229390,0
5229398,0
5229407,0
5229415,0
5229423,0
5229432,4
5229449,0
5229457,0
5229465,0
5229473,0
5229482,0
5229490,0
5229499,0
5229507,0
5229515,0
5229523,0
5229532,4
5229548,0
5229557,0
5229565,0
5229573,0
5229582,0
5229590,0
5229598,0
5229607,0
5229615,0
5229623,0
5229632,4
5229648,0
5229657,0
5229665,0
5229673,0
5229682,0
5229690,0
5229698,0
5229707,0
5229715,0
5229723,0
5229732,4
5229749,0
5229757,0
5229765,0
5229773,0
5229782,0
5229790,0
5229798,0
5229807,0
5229815,0
5229823,0
5229832,0
5229840,0
5229848,0
5229857,0
5229865,0
5229873,0
5229882,0
5229890,0
5229898,0
5229907,0
5229915,0
5229923,0
5229932,0
5229940,0
5229949,0
5229957,0
5229965,0
5229973,0
5229982,0
5229990,0
5229998,0
5230007,0
5230015,0
5230023,0
5230032,0
5230040,0
5230048,0
5230057,0
5230065,0
5230073,0
5230082,0
5230090,0
5230098,0
5230107,0
5230115,0
5230123,0
5230132,0
5230140,0
5230148,0
5230157,0
5230165,0
5230173,0
5230182,0
5230190,0
5230198,0
5230207,0
5230215,0
5230223,0
5230232,4
5230248,0
5230257,0
5230265,0
5230273,0
5230282,0
5230290,0
5230299,0
5230307,0
5230315,0
5230323,0
5230332,4
5230348,0
5230357,0
5230365,0
5230373,0
5230382,0
5230390,0
5230398,0
5230407,0
5230415,0
5230424,0
5230432,4
5230448,0
5230456,0
5230465,0
5230473,0
5230482,0
5230490,0
5230498,0
5230507,0
5230515,0
5230523,0
5230532,0
5230540,0
5230548,0
5230557,0
5230565,0
5230573,5
5230582,5
5230590,5
5230598,0
5230607,0
5230615,0
5230623,0
5230632,4
5230648,5
5230657,5
5230665,5
5230673,5
5230682,5
5230690,5
5230698,5
5230707,5
5230715,5
5230723,5
5230732,4
5230748,5
5230757,5
5230765,5
5230773,5
5230782,5
5230790,5
5230798,5
5230807,5
5230815,5
5230823,5
5230832,5
5230840,5
5230848,5
5230857,5
5230865,5
5230873,5
5230882,5
5230890,5
5230898,5
5230907,5
5230915,5
5230923,5
5230932,5
5230940,5
5230948,5
5230956,5
5230965,5
5230973,5
5230982,5
5230990,5
5230998,5
5231007,5
5231015,5
5231023,5
5231031,4
5231048,0
5231056,0
5231065,0
5231073,0
5231081,0
5231090,0
5231098,0
5231106,0
5231115,0
5231123,0
5231131,4
5231148,0
5231156,0
5231165,0
5231173,0
5231181,0
5231190,0
5231198,0
5231206,0
5231215,0
5231232,0
5231240,0
5231248,0
5231256,0
5231265,0
5231273,0
5231281,0
5231290,0
5231298,0
5231306,0
5231315,0
5231323,0
5231331,0
5231340,0
5231348,0
5231356,0
5231365,0
5231373,0
5231381,0
5231390,0
5231398,0
5231406,0
5231415,0
5231423,0
5231431,0
5231440,0
5231448,0
5231456,0
5231465,0
5231473,0
5231481,0
5231490,0
5231498,0
5231506,0
5231515,0
5231523,0
5231531,0
5231540,0
5231548,0
5231556,0
5231565,0
5231573,0
5231581,0
5231590,0
5231598,0
5231606,0
5231615,0
5231623,0
5231631,0
5231640,0
5231648,0
5231656,0
5231665,0
5231673,0
5231681,0
5231690,0
5231698,0
5231706,0
5231715,0
5231723,0
5231731,4
5231748,0
5231756,0
5231765,0
5231773,0
5231781,0
5231790,0
5231798,0
5231806,0
5231815,0
5231823,0
5231831,4
5231848,0
5231856,0
5231865,0
5231873,0
5231881,0
5231890,0
5231898,0
5231906,0
5231915,0
5231923,0
5231931,4
5231948,0
5231956,0
5231965,0
5231973,0
5231981,0
5231990,0
5231998,0
5232006,0
5232015,0
5232023,0
5232031,4
5232048,0
5232056,0
5232065,5
5232073,5
5232081,5
5232090,0
5232098,0
5232106,0
5232115,0
5232123,0
5232131,0
5232140,0
5232148,0
5232156,0
5232165,0
5232173,5
5232181,5
5232190,5
5232198,5
5232206,5
5232215,5
5232223,5
5232231,4
5232248,5
5232256,5
5232265,5
5232273,5
5232281,5
5232290,5
5232298,5
5232306,5
5232315,5
5232323,5
5232331,4
5232348,0
5232356,0
5232365,0
5232373,0
5232381,0
5232390,0
5232398,0
5232406,0
5232415,0
5232423,0
5232431,4
5232448,0
5232456,0
5232465,0
5232473,0
5232481,0
5232490,0
5232498,0
5232506,0
5232515,0
5232531,5
5232540,5
5232548,5
5232556,5
5232565,5
5232573,5
5232581,5
5232590,5
5232598,5
5232606,5
5232615,5
5232623,5
5232631,5
5232640,5
5232648,5
5232656,5
5232665,5
5232673,5
5232681,5
5232690,5
5232698,5
5232706,5
5232715,5
5232723,0
5232731,0
5232740,0
5232748,0
5232756,0
5232765,0
5232773,0
5232781,5
5232790,5
5232798,5
5232806,5
5232815,5
5232823,5
5232831,5
5232840,5
5232848,5
5232856,5
5232865,5
5232873,5
5232881,5
5232890,5
5232898,5
5232906,5
5232915,0
5232923,0
5232931,0
5232940,0
5232948,0
5232956,0
5232965,0
5232973,0
5232981,0
5232990,0
5232998,0
5233006,0
5233015,0
5233023,0
5233031,4
5233040,5
5233048,5
5233056,5
5233065,5
5233073,5
5233081,5
5233090,5
5233098,5
5233106,5
5233115,5
5233123,0
5233131,0
5233140,0
5233148,0
5233156,0
5233165,0
5233173,0
5233181,0
5233190,0
5233198,0
5233206,0
5233215,0
5233223,0
5233231,5
5233240,5
5233398,5
5233406,5
5233415,5
5233431,5
5233440,5
5233448,5
5233456,5
5233465,5
5233473,0
5233481,0
5233490,0
5233498,0
5233506,0
5233515,0
5233523,0
5233531,3
5233548,5
5233556,5
5233565,5
5233573,5
5233581,5
5233590,5
5233598,5
5233606,5
5233615,5
5233623,5
5233631,3
5233648,5
5233656,5
5233665,5
5233673,5
5233681,5
5233690,5
5233698,5
5233706,5
5233715,5
5233723,5
5233731,5
5233740,5
5233748,5
5233756,5
5233765,0
5233773,0
5233781,0
5233790,0
5233798,0
5233806,0
5233815,0
5233823,0
5233831,0
5233840,0
5233848,0
5233856,0
5233865,0
5233873,5
5233881,5
5233890,5
5233898,5
5233906,5
5233915,5
5233923,5
5233931,4
5233948,0
5233956,0
5233965,0
5233973,0
5233981,0
5233990,0
5233998,0
5234006,0
5234015,0
5234023,0
5234031,0
5234040,0
5234048,0
5234056,0
5234065,0
5234073,0
5234081,0
5234090,0
5234098,0
5234106,0
5234115,0
5234123,0
5234131,4
5234148,0
5234156,0
5234165,0
5234173,0
5234181,0
5234190,0
5234198,0
5234206,0
5234215,0
5234223,0
5234231,4
5234248,0
5234256,0
5234265,0
5234273,0
5234281,0
5234289,0
5234298,0
5234306,0
5234315,0
5234323,0
5234331,0
5234340,0
5234348,0
5234356,0
5234365,0
5234373,0
5234381,0
5234390,0
5234398,0
5234406,0
5234415,0
5234423,0
5234431,0
5234440,0
5234448,0
5234456,0
5234464,0
5234473,0
5234481,0
5234490,0
5234498,0
5234506,0
5234515,0
5234523,0
5234531,4
5234540,0
5234548,0
5234556,0
5234565,0
5234573,0
5234581,0
5234590,0
5234598,0
5234606,0
5234615,0
5234623,0
5234631,0
5234640,0
5234648,0
5234656,0
5234665,0
5234673,0
5234681,0
5234689,0
5234698,0
5234706,0
5234715,0
5234723,0
5234731,0
5234740,0
5234748,0
5234756,0
5234764,0
5234773,0
5234781,0
5234790,0
5234798,0
5234806,0
5234814,0
5234823,0
5234831,4
5234840,0
5234848,0
5234856,0
5234864,0
5234873,0
5234881,0
5234889,0
5234898,0
5234906,0
5234914,0
5234923,0
5234931,0
5234939,0
5234948,0
5234956,0
5234964,0
5234973,0
5234982,5
5234989,5
5234998,5
5235006,5
5235015,5
5235023,5
5235031,5
5235039,5
5235048,5
5235056,5
5235064,5
5235073,5
5235081,5
5235089,5
5235098,5
5235106,5
5235114,5
5235123,5
5235131,5
5235139,5
5235148,5
5235156,5
5235165,5
5235173,5
5235181,5
5235189,5
5235198,5
5235206,5
5235214,5
5235223,5
5235231,5
5235239,5
5235248,5
5235256,5
5235264,5
5235273,5
5235281,5
5235289,5
5235298,5
5235306,5
5235314,5
5235323,5
5235331,5
5235339,5
5235348,5
5235356,5
5235364,5
5235373,5
5235381,5
5235389,5
5235398,5
5235406,5
5235414,5
5235423,5
5235431,5
5235439,5
5235448,5
5235456,5
5235464,5
5235473,5
5235481,5
5235489,5
5235498,5
5235506,5
5235514,5
5235523,5
5235531,5
5235539,5
5235548,5
5235556,5
5235573,5
5235581,5
5235589,5
5235598,5
5235606,5
5235614,5
5235623,5
5235631,5
5235639,5
5235648,5
5235656,5
5235664,5
5235673,5
5235681,5
5235689,5
5235698,5
5235706,5
5235714,5
5235723,5
5235731,5
5235739,5
5235748,5
5235756,5
5235764,5
5235773,5
5235781,5
5235789,5
5235798,5
5235806,5
5235814,5
5235823,5
5235831,5
5235948,5
5235956,5
5235973,5
5235981,5
5235989,5
5235998,5
5236006,5
5236014,5
5236023,5
5236031,5
5236039,5
5236048,5
5236056,5
5236065,5
5236073,5
5236081,5
5236089,5
5236098,5
5236106,5
5236114,5
5236123,5
5236131,5
5236139,5
5236148,5
5236156,5
5236164,5
5236173,5
5236181,5
5236189,5
5236198,5
5236206,5
5236214,5
5236223,5
5236231,5
5236239,5
5236248,5
5236256,5
5236264,5
5236273,5
5236281,5
5236289,5
5236298,5
5236306,5
5236314,5
5236323,5
5236331,5
5236339,5
5236348,5
5236356,5
5236364,5
5236373,5
5236381,5
5236389,5
5236398,5
5236406,5
5236414,5
5236423,5
5236431,4
5236439,5
5236448,5
5236456,5
5236464,5
5236473,5
5236481,5
5236489,5
5236498,5
5236506,5
5236514,5
5236523,5
5236531,5
5236539,5
5236548,5
5236556,5
5236564,5
5236573,5
5236581,5
5236589,5
5236598,5
5236606,5
5236614,5
5236623,5
5236631,4
5236639,5
5236648,5
5236656,5
5236664,5
5236673,5
5236681,5
5236689,5
5236698,5
5236706,5
5236714,1
5236723,1
5236731,1
5236739,1
5236748,1
5236756,1
5236764,1
5236773,1
5236781,1
5236789,1
5236798,1
5236806,1
5236814,1
5236823,1
5236831,1
5236839,1
5236848,1
5236856,1
5236864,1
5236873,1
5236881,1
5236889,1
5236898,1
5236906,1
5236914,1
5236923,1
5236931,1
5236939,1
5236948,1
5236956,1
5236964,1
5236973,1
5236981,1
5236989,1
5236998,1
5237006,1
5237014,1
5237023,1
5237031,6
5237039,1
5237048,1
5237056,1
5237064,1
5237073,1
5237081,1
5237089,1
5237098,1
5237106,1
5237114,1
5237123,1
5237131,1
5237139,1
5237148,1
5237156,1
5237164,5
5237173,5
5237181,5
5237189,5
5237198,5
5237206,5
5237214,1
5237223,1
5237231,1
5237239,1
5237248,1
5237256,1
5237264,1
5237273,1
5237289,1
5237298,6
5237306,1
5237314,1
5237323,1
5237331,1
5237339,1
5237348,1
5237356,1
5237364,1
5237373,1
5237381,1
5237389,1
5237398,1
5237406,1
5237414,1
5237423,1
5237431,1
5237439,1
5237448,1
5237456,1
5237464,1
5237473,1
5237481,1
5237489,1
5237498,1
5237698,4
5237706,4
5237714,4
5237723,2
5237739,2
5237748,2
5237756,2
5237773,2
5237781,2
5237789,2
5237798,2
5237806,2
5237814,2
5237823,2
5237831,2
5237839,2
5237848,2
5237856,2
5237873,2
5237881,2
5237898,2
5237906,2
5237914,2
5237922,2
5237931,2
5237939,2
5237947,2
5237956,2
5237973,2
5237981,2
5237989,2
5237998,2
5238006,2
5238023,2
5238031,2
5238048,2
5238056,2
5238073,2
5238081,5
5238098,5
5238106,5
5238114,5
5238123,2
5238131,2
5238148,2
5238156,2
5238164,2
5238173,2
5238181,2
5238197,2
5238206,2
5238222,2
5238231,2
5238247,2
5238273,2
5238298,2
5238323,2
5238956,2
5239147,4
5239172,4
5239222,4
5239247,4
5240011,5
5240086,5
5240186,3
5240211,3
5240236,3
5240252,3
5240261,3
5240277,3
5240327,4
5240424,4
5240432,4
5240448,3
5240457,3
5240482,3
5240498,3
5240507,3
5240515,3
5240523,3
5240532,3
5240549,3
5240573,3
5240582,3
5240598,3
5240607,3
5240623,3
5240632,4
5240640,4
5240648,4
5240657,3
5240673,4
5240682,4
5240698,4
5240707,4
5240723,4
5240748,4
5240757,3
5240765,4
5240773,4
5240782,4
5240790,4
5240798,4
5240807,3
5240823,3
5240832,4
5240848,4
5240857,4
5240873,4
5240898,4
5240907,3
5240923,3
5240932,3
5240948,4
5240957,4
5240973,4
5240982,4
5240998,4
5241007,4
5241023,4
5241048,4
5241057,4
5241073,4
5241082,4
5241090,4
5241098,4
5241107,4
5241123,4
5241132,4
5241140,4
5241148,4
5241157,4
5241173,4
5241182,4
5241207,4
5241223,4
5241232,4
5241248,4
5241257,4
5241273,4
5241282,4
5241298,4
5241307,4
5241323,4
5241332,4
5241349,4
5241357,4
5241373,4
5241382,4
5241398,4
5241407,4
5241423,4
5241432,4
5241440,4
5241448,4
5241657,4
5241673,4
5241682,4
5241698,4
5241723,4
5241740,4
5241748,4
5241773,4
5241798,4
5241807,4
5241823,4
5241832,4
5241848,4
5241857,4
5241865,4
5241873,4
5241882,4
5241898,4
5241907,4
5241923,4
5241932,4
5241948,4
5241957,4
5241973,4
5241982,4
5241998,4
5242007,4
5242023,4
5242032,4
5242048,4
5242057,4
5242073,4
5242082,4
5242098,4
5242107,4
5242123,4
5242132,4
5242148,4
5242157,4
5242173,4
5242182,4
5242198,4
5242207,4
5242223,4
5242232,4
5242248,4
5242257,4
5242273,4
5242282,4
5242298,4
5242307,4
5242323,4
5242332,4
5242348,4
5242357,4
5242373,3
5242382,2
5242398,5
5242423,5
5242448,0
5242473,0
5242498,0
5242507,0
5242523,0
5242548,0
5242565,0
5242573,0
5242598,4
5242623,0
5242632,0
5242648,0
5242657,0
5242673,0
5242698,0
5242723,0
5242748,0
5242773,2
5242782,3
5242798,3
5242807,3
5242823,3
5242832,3
5242848,3
5242857,3
5242873,3
5242898,3
5242907,3
5242923,3
5242932,3
5242948,3
5242957,3
5242973,3
5242982,3
5242998,3
5243007,4
5243023,4
5243048,4
5243057,4
5243073,4
5243082,4
5243098,4
5243107,4
5243123,4
5243148,4
5243157,4
5243173,4
5243198,4
5243207,4
5243223,4
5243232,4
5243248,4
5243257,4
5243273,4
5243282,4
5243298,4
5243307,4
5243323,4
5243332,4
5243348,4
5243356,4
5243373,4
5243382,4
5243398,4
5243423,4
5243432,4
5243448,4
5243457,4
5243473,4
5243482,4
5243498,2
5243523,5
5243548,0
5243557,0
5243573,0
5243598,0
5243607,0
5243623,0
5243631,0
5243648,0
5243656,0
5243673,0
5243698,0
5243723,0
5243748,0
5243756,0
5243765,0
5243773,0
5243798,0
5243806,0
5243823,0
5243856,0
5243873,0
5243898,4
5243923,0
5243940,0
5243948,0
5243973,0
5243998,0
5244023,0
5244048,0
5244073,0
5244082,0
5244098,0
5244106,0
5244123,0
5244148,0
5244173,5
5244223,2
5244248,2
5244256,2
5244273,2
5244298,2
5244323,2
5244331,2
5244348,2
5244373,2
5244398,2
5244423,2
5244432,2
5244448,2
5244456,2
5244473,2
5244498,2
5244506,2
5244523,2
5244531,2
5244548,2
5244556,2
5244573,2
5244581,2
5244598,2
5244623,3
5244648,3
5244673,3
5244698,2
5244723,2
5244748,3
5244773,3
5244798,3
5244823,3
5244848,3
5244873,3
5244881,4
5244898,4
5244906,4
5244923,4
5244948,4
5244956,4
5244973,4
5244981,4
5244998,4
5245006,4
5245023,4
5245031,4
5245048,4
5245073,4
5245081,4
5245098,4
5245106,4
5245123,4
5245131,4
5245148,4
5245156,4
5245173,4
5245181,4
5245198,4
5245206,4
5245223,4
5245248,4
5245273,4
5245298,4
5245323,4
5245348,4
5245373,4
5245398,4
5245423,4
5245448,4
5245457,4
5245473,4
5245498,4
5245523,4
5245548,4
5245573,4
5245598,4
5245623,4
5245632,4
5245648,4
5245656,4
5245673,4
5245698,3
5245706,3
5245723,3
5245731,3
5245748,3
5245756,3
5245773,3
5245781,3
5245798,4
5245806,3
5245823,3
5245831,3
5245848,3
5245856,3
5245873,3
5245881,3
5245898,3
5245906,3
5245923,3
5245931,3
5245948,3
5245956,3
5245973,3
5245981,3
5245998,3
5246006,3
5246023,3
5246031,3
5246048,3
5246056,3
5246073,3
5246081,3
5246098,3
5246106,3
5246123,3
5246131,3
5246148,3
5246156,3
5246181,3
5246198,3
5246206,2
5246223,2
5246231,2
5246248,2
5246256,2
5246273,0
5246281,4
5246306,3
5246331,3
5246340,3
5246356,2
5246373,2
5246381,2
5246406,2
5246681,2
5246756,2
5246781,2
5246798,2
5246806,2
5246823,2
5246831,2
5246848,2
5246873,2
5246881,5
5246898,2
5246906,2
5246923,2
5246931,2
5246948,2
5246956,2
5246981,2
5247006,5
5247048,2
5247056,2
5247073,2
5247098,2
5247106,2
5247123,2
5247131,2
5247148,2
5247181,5
5247206,2
5247223,2
5247248,2
5247256,2
5247281,2
5247306,2
5247323,2
5247331,2
5247348,2
5247356,2
5247373,2
5247381,2
5247406,2
5247423,2
5247448,2
5247481,2
5247523,2
5247548,2
5247581,2
5247598,2
5247606,2
5247623,2
5247631,2
5247648,2
5247656,2
5247673,2
5247698,2
5247706,2
5247723,2
5247731,2
5247748,2
5247756,2
5247773,2
5247798,2
5247823,3
5247831,3
5247848,3
5247873,3
5247881,3
5247898,3
5247906,3
5247923,3
5247948,3
5247973,3
5247998,3
5248023,3
5248031,3
5248048,3
5248056,3
5248073,3
5248081,3
5248098,3
5248106,3
5248123,3
5248131,3
5248148,3
5248173,3
5248181,3
5248198,3
5248223,3
5248231,3
5248248,3
5248256,3
5248281,3
5248298,2
5248306,2
5248323,3
5248331,3
5248348,3
5248356,3
5248373,3
5248381,3
5248398,3
5248406,3
5248423,3
5248431,3
5248448,3
5248456,3
5248473,3
5248481,3
5248498,3
5248506,3
5248523,3
5248548,3
5248556,3
5248573,2
5248581,3
5248598,3
5248623,3
5248648,3
5248673,3
5248681,3
5248698,3
5248706,3
5248723,3
5248731,3
5248748,3
5248756,3
5248773,3
5248781,3
5248798,3
5248823,2
5248831,2
5248848,2
5248856,2
5249023,2
5249031,2
5249048,0
5249057,0
5249073,0
5249123,0
5249148,0
5249156,0
5249198,0
5249223,0
5249248,0
5249256,0
5249306,0
5249323,0
5249348,0
5249373,0
5249406,0
5249423,0
5249448,5
5249498,2
5249523,3
5249531,3
5249548,3
5249556,3
5249581,3
5249598,3
5249606,3
5249623,3
5249631,3
5249648,3
5249656,2
5249673,2
5249681,3
5249698,3
5249706,3
5249723,3
5249731,3
5249748,3
5249773,3
5249798,3
5249806,3
5249823,2
5249831,3
5249848,3
5249873,3
5249881,3
5249898,3
5249906,3
5249923,3
5249931,3
5249948,3
5249973,3
5249998,3
5250006,3
5250023,3
5250031,3
5250048,3
5250073,3
5250098,3
5250106,3
5250123,3
5250131,3
5250148,3
5250156,3
5250173,3
5250181,3
5250198,3
5250206,3
5250223,3
5250231,3
5250248,3
5250256,3
5250273,3
5250281,3
5250298,3
5250306,3
5250323,3
5250331,3
5250348,3
5250373,3
5250398,3
5250423,3
5250431,3
5250448,3
5250473,3
5250498,3
5250506,3
5250523,3
5250531,3
5250548,3
5250556,3
5250573,3
5250598,3
5250606,3
5250623,3
5250648,3
5250656,3
5250673,2
5250681,2
5250698,2
5250706,2
5250723,2
5250731,3
5250748,2
5250756,3
5250773,3
5250798,3
5250806,3
5250823,2
5250831,5
5250848,5
5250856,0
5250881,0
5250923,0
5250948,0
5250956,0
5250973,5
5250997,0
5251006,0
5251023,0
5251048,0
5251073,0
5251123,0
5251147,0
5251173,0
5251197,0
5251222,0
5251247,0
5251272,0
5251297,0
5251323,0
5251347,0
5251372,0
5251381,0
5251397,0
5251422,0
5251447,0
5251472,0
5251497,0
5251522,0
5251547,0
5251556,0
5251572,0
5251581,0
5251623,0
5251647,0
5251822,5
5251831,5
5251847,5
5251856,5
5251864,5
5251872,4
5251881,0
5251906,4
5251922,5
5251931,5
5251947,5
5251972,2
5251997,2
5252023,2
5252047,2
5252072,2
5252097,2
5252106,2
5252122,2
5252147,2
5252172,2
5252181,2
5252197,2
5252223,2
5252247,2
5252256,2
5252272,2
5252281,2
5252297,2
5252306,2
5252322,2
5252331,2
5252347,2
5252356,2
5252372,2
5252381,2
5252397,2
5252406,2
5252422,2
5252431,2
5252447,2
5252472,2
5252481,2
5252497,2
5252522,2
5252531,2
5252547,3
5252556,3
5252572,3
5252581,3
5252597,3
5252606,3
5252623,3
5252631,3
5252647,3
5252656,3
5252672,3
5252681,3
5252697,3
5252706,3
5252722,3
5252731,3
5252747,3
5252756,3
5252772,3
5252781,3
5252797,3
5252806,3
5252822,3
5252831,3
5252847,3
5252856,3
5252872,3
5252881,3
5252897,3
5252906,3
5252922,3
5252947,3
5252956,3
5252972,3
5252981,3
5252997,3
5253006,3
5253023,3
5253047,3
5253056,3
5253072,3
5253081,3
5253097,3
5253106,3
5253122,3
5253131,3
5253147,3
5253156,3
5253172,3
5253181,3
5253197,3
5253206,3
5253222,3
5253231,3
5253247,3
5253272,3
5253281,3
5253297,3
5253306,3
5253322,3
5253331,3
5253347,3
5253356,2
5253372,2
5253381,1
5253397,5
5253647,2
5253672,0
5253722,0
5253747,0
5253772,0
5253797,0
5253806,0
5253822,0
5253872,0
5253897,0
5253922,0
5253947,0
5253972,0
5253981,0
5253997,0
5254022,0
5254047,0
5254097,0
5254122,0
5254147,0
5254172,0
5254347,4
5254356,4
5254372,3
5254381,3
5254397,3
5254406,3
5254422,3
5254431,3
5254447,3
5254456,3
5254472,3
5254497,3
5254522,3
5254530,3
5254547,3
5254572,3
5254581,3
5254597,3
5254606,3
5254622,3
5254631,3
5254647,3
5254655,3
5254672,3
5254681,3
5254697,3
5254705,3
5254722,3
5254730,4
5254747,4
5254755,3
5254781,3
5254797,3
5254805,3
5254822,3
5254831,3
5254847,3
5254856,3
5254872,3
5254881,3
5254897,3
5254906,3
5254922,3
5254930,3
5254947,3
5254956,3
5254972,3
5254981,3
5254997,3
5255022,3
5255030,3
5255047,3
5255056,3
5255081,3
5255097,3
5255105,3
5255122,3
5255130,3
5255147,3
5255155,3
5255172,3
5255180,3
5255197,3
5255205,3
5255222,3
5255230,3
5255247,3
5255255,3
5255272,3
5255280,3
5255297,3
5255322,3
5255330,4
5255347,4
5255356,4
5255372,4
5255380,4
5255397,4
5255405,4
5255422,4
5255430,4
5255447,4
5255455,4
5255472,4
5255481,4
5255497,4
5255505,4
5255522,4
5255530,4
5255547,4
5255643,4
5255660,4
5255668,4
5255685,4
5255693,4
5255885,4
5255893,4
5255910,4
5255935,4
5255943,4
5255960,4
5255985,4
5256010,4
5256018,4
5256035,4
5256043,4
5256060,3
5256068,3
5256085,3
5256093,2
5256110,2
5256118,2
5256135,2
5256143,2
5256160,2
5256185,1
5256193,1
5256210,1
5256218,1
5256235,1
5256260,2
5256268,2
5256285,2
5256293,2
5256310,2
5256318,2
5256335,2
5256343,2
5256360,2
5256368,2
5256385,2
5256393,2
5256410,2
5256418,2
5256435,4
5256443,3
5256460,2
5256468,2
5256485,3
5256493,3
5256510,3
5256518,3
5256535,3
5256543,2
5256560,2
5256568,2
5256585,2
5256593,2
5256610,2
5256618,2
5256635,2
5256643,2
5256660,2
5256668,2
5256685,2
5256693,1
5256710,1
5256718,1
5256735,1
5256743,1
5256760,1
5256768,1
5256785,1
5256793,1
5256810,1
5256818,1
5256835,1
5256843,1
5256860,1
5256868,1
5256885,1
5256893,1
5256910,1
5256918,1
5256935,1
5256943,0
5256960,1
5256968,1
5256985,1
5256993,1
5257010,1
5257018,1
5257035,1
5257043,6
5257060,6
5257068,6
5257085,6
5257093,6
5257110,6
5257118,5
5257135,5
5257143,4
5257160,5
5257168,5
5257185,5
5257193,5
5257210,5
5257218,5
5257235,0
5257243,0
5257260,0
5257268,0
5257285,0
5257293,0
5257310,0
5257318,0
5257335,0
5257343,0
5257360,0
5257368,0
5257385,0
5257393,0
5257410,5
5257418,5
5257435,5
5257443,5
5257460,5
5257468,5
5257485,1
5257610,0
5257660,5
5257685,5
5257693,5
5257710,5
5257718,5
5257735,5
5257743,5
5257785,5
5257810,5
5257818,5
5257835,5
5258235,0
5258460,0
5258510,0
5258535,0
5258560,5
5258585,5
5258610,5
5258618,5
5258635,5
5258643,5
5258660,5
5258685,5
5258710,5
5258718,2
5258735,2
5258831,5
5258856,5
5258881,5
5258906,5
5258931,5
5258939,5
5258956,2
5258981,2
5259006,2
5259031,2
5259056,2
5259081,2
5259106,2
5259131,2
5259156,2
5259181,2
5259206,2
5259231,2
5259256,2
5259306,2
5259331,2
5259356,2
5259381,2
5259406,2
5259431,2
5259456,2
5259481,2
5259506,2
5259531,2
5259556,2
5259581,2
5259606,2
5259631,2
5259656,2
5259681,2
5259706,2
5259731,2
5259756,2
5260469,3
5260494,3
5260519,3
5260544,2
5260569,2
5260594,2
5260619,2
5260644,2
5260669,2
5260694,2
5260719,2
5260744,2
5260769,2
5260794,2
5260819,2
5260844,2
5260869,2
5260894,2
5260919,2
5260944,2
5260969,2
5260994,2
5261019,2
5261265,0
5261315,2
5261340,2
5261365,2
5261465,2
5261628,5
5261636,5
5261653,5
5261678,5
5261686,5
5261703,5
5261711,5
5261728,5
5261736,5
5261753,2
5261778,5
5261803,5
5261953,2
5262153,2
5262203,2
5262228,2
5262253,2
5262303,2
5262328,2
5262353,2
5262378,2
5262403,2
5262428,2
5262436,2
5262453,2
5262478,2
5262503,2
5262528,2
5262536,2
5262553,2
5262561,2
5262578,2
5262586,2
5262603,2
5262628,2
5262636,2
5262653,2
5262661,2
5262678,2
5262686,2
5262703,2
5262728,2
5262736,2
5262753,2
5262761,2
5262858,2
5262866,2
5262883,2
5262891,2
5262908,2
5262916,2
5262933,2
5262941,2
5262958,2
5262966,2
5262983,2
5262991,2
5263008,2
5263016,2
5263033,2
5263041,2
5263058,2
5263066,2
5263083,2
5263091,2
5263108,2
5263116,2
5263133,2
5263141,2
5263158,2
5263166,2
5263183,2
5263191,2
5263208,2
5263216,2
5263233,2
5263241,2
5263258,3
5263433,3
5263441,3
5263458,2
5263466,2
5263483,2
5263491,2
5263508,2
5263516,2
5263533,2
5263541,2
5263558,2
5263566,2
5263583,2
5263591,2
5263608,2
5263616,2
5263633,2
5263641,2
5263658,2
5263666,2
5263683,2
5263691,2
5263708,2
5263716,2
5263733,2
5263741,2
5263758,2
5263766,2
5263783,2
5263791,2
5263808,2
5263816,2
5263833,2
5263841,2
5263858,2
5263866,2
5263883,2
5263891,2
5263908,2
5263916,2
5263933,2
5263941,2
5263958,2
5263966,2
5263983,2
5263991,2
5264008,2
5264016,2
5264033,2
5264041,2
5264058,2
5264066,2
5264083,2
5264091,2
5264108,2
5264116,2
5264133,2
5264141,2
5264158,2
5264166,2
5264183,2
5264191,2
5264208,2
5264216,2
5264233,2
5264241,2
5264258,2
5264266,2
5264283,2
5264291,2
5264308,2
5264316,2
5264333,2
5264341,2
5264358,2
5264366,2
5264383,2
5264391,2
5264408,2
5264416,2
5264433,2
5264441,2
5264458,2
5264466,2
5264483,2
5264491,2
5264508,2
5264516,2
5264533,2
5264541,2
5264558,2
5264566,2
5264583,2
5264591,2
5264608,2
5264616,2
5264633,2
5264641,2
5264658,2
5264666,2
5264683,2
5264691,2
5264708,2
5264716,2
5264733,2
5264741,2
5264758,2
5264766,2
5264783,2
5264791,2
5264808,2
5264816,2
5264833,2
5264841,2
5264858,2
5264866,2
5264883,2
5264891,2
5264908,2
5264916,2
5264933,2
5264941,2
5264958,2
5264966,2
5264983,2
5264991,2
5265008,2
5265016,2
5265033,2
5265041,2
5265057,2
5265066,2
5265083,2
5265091,2
5265108,2
5265116,2
5265133,2
5265141,2
5265158,2
5265166,2
5265183,2
5265191,2
5265208,2
5265216,2
5265233,2
5265241,2
5265258,2
5265266,2
5265283,2
5265291,2
5265308,2
5265316,2
5265332,2
5265341,2
5265357,2
5265366,2
5265383,2
5265391,2
5265408,2
5265416,2
5265433,2
5265441,2
5265457,2
5265466,2
5265483,2
5265491,2
5265508,2
5265516,2
5265532,2
5265541,2
5265557,2
5265566,2
5265583,2
5265591,2
5265608,2
5265616,2
5265633,2
5265641,2
5265657,2
5265666,2
5265683,2
5265691,2
5265708,2
5265716,2
5265732,2
5265741,2
5265758,2
5265766,2
5265782,2
5265791,2
5265807,2
5265816,2
5265907,2
5265916,2
5265932,2
5265941,2
5265957,2
5265966,3
5265983,2
5265991,3
5266391,4
5266407,4
5266416,4
5266432,4
5266441,4
5266457,4
5266466,4
5266482,4
5266491,4
5266507,4
5266516,4
5266532,4
5266557,4
5266566,4
5266583,4
5266591,4
5266607,4
5266616,4
5266632,4
5266657,4
5266666,4
5266682,4
5266691,4
5266707,4
5266716,4
5266732,4
5266757,4
5266766,4
5266782,4
5266791,4
5266807,4
5266816,4
5266832,4
5266857,4
5266866,4
5266882,4
5266891,4
5266907,4
5266916,4
5266932,4
5266957,4
5266966,4
5266982,4
5266991,4
5267007,4
5267016,4
5267032,4
5267057,4
5267066,4
5267082,4
5267091,4
5267107,4
5267116,3
5267132,4
5267141,4
5267166,4
5267182,4
5267216,4
5267232,0
5267241,4
5267257,4
5267266,4
5267282,4
5267307,4
5267316,4
5267332,4
5267357,4
5267366,4
5267382,4
5267407,4
5267432,4
5267441,4
5267457,4
5267482,4
5267507,4
5267532,4
5267541,4
5267557,4
5267582,4
5267632,4
5267641,4
5267657,4
5267682,4
5267716,4
5267732,4
5267741,4
5267757,4
5267766,4
5267782,4
5267791,4
5267807,4
5267816,4
5267832,4
5267841,4
5267857,4
5267866,4
5267882,4
5267891,4
5267907,4
5267916,4
5267932,4
5267941,4
5267957,4
5267966,4
5267982,4
5267991,4
5268016,4
5268032,4
5268041,4
5268057,4
5268066,4
5268082,4
5268091,4
5268107,4
5268116,4
5268132,4
5268141,4
5268157,4
5268166,4
5268182,4
5268191,4
5268207,4
5268216,4
5268232,4
5268241,4
5268257,4
5268266,4
5268282,4
5268482,4
5268491,4
5268507,4
5268516,4
5268532,4
5268541,4
5268557,4
5268566,4
5268582,4
5268591,4
5268607,4
5268616,4
5268632,4
5268641,4
5268657,4
5268666,4
5268682,4
5268691,4
5268707,3
5268716,3
5268732,3
5268741,3
5268757,3
5268766,3
5268782,3
5268791,4
5268807,4
5268816,4
5268832,4
5268841,4
5268857,3
5268866,3
5268882,4
5268891,4
5268907,4
5268916,4
5268932,4
5268941,4
5268957,4
5268966,4
5268982,4
5268991,4
5269007,4
5269016,4
5269032,4
5269041,4
5269057,4
5269066,4
5269083,4
5269090,4
5269107,4
5269116,4
5269132,4
5269141,4
5269157,4
5269165,4
5269182,4
5269190,4
5269207,4
5269216,4
5269232,4
5269240,4
5269257,4
5269266,4
5269282,4
5269291,3
5269307,3
5269316,3
5269332,3
5269340,3
5269357,3
5269365,3
5269382,3
5269391,3
5269407,4
5269416,4
5269432,4
5269440,4
5269457,4
5269466,4
5269482,4
5269490,4
5269507,4
5269515,4
5269532,4
5269540,4
5269557,4
5269565,4
5269582,4
5269590,4
5269607,4
5269616,4
5269632,4
5269640,3
5269657,3
5269665,3
5269682,3
5269690,3
5269707,3
5269715,3
5269732,4
5269740,4
5269757,4
5269765,4
5269782,4
5269790,4
5269807,4
5269815,4
5269832,4
5269840,4
5269857,4
5269865,4
5269882,4
5269890,4
5269907,4
5269916,4
5269932,4
5269941,4
5269957,4
5269965,4
5269982,4
5269990,4
5270007,4
5270015,4
5270032,4
5270040,4
5270057,4
5270065,4
5270082,4
5270090,4
5270107,4
5270115,4
5270140,4
5270165,4
5270190,4
5270215,4
5270240,4
5270265,4
5270290,4
5270315,4
5270340,4
5270365,4
5270382,4
5270390,4
5270407,4
5270415,4
5270432,4
5270440,4
5270457,4
5270465,4
5270482,4
5270490,4
5270507,4
5270515,4
5270532,4
5270540,4
5270557,4
5270565,4
5270582,4
5270590,4
5270607,4
5270615,4
5270632,4
5270640,4
5270657,4
5270665,4
5270682,4
5270690,4
5270707,4
5270715,4
5270907,3
5270932,4
5270940,4
5270957,4
5270965,4
5270982,4
5270990,4
5271007,4
5271015,4
5271032,4
5271040,4
5271057,4
5271065,4
5271082,4
5271090,4
5271107,4
5271115,4
5271132,4
5271140,4
5271157,4
5271165,4
5271182,4
5271190,4
5271207,4
5271215,4
5271232,4
5271240,4
5271257,4
5271265,4
5271282,4
5271290,4
5271307,4
5271315,4
5271332,4
5271340,4
5271357,4
5271365,4
5271382,4
5271390,4
5271407,4
5271415,4
5271432,4
5271440,4
5271457,4
5271465,4
5271482,4
5271490,4
5271507,4
5271632,4
5271657,1
5271690,2
5271715,4
5271732,4
5271740,4
5271757,4
5271765,4
5271782,4
5271790,4
5271807,4
5271815,4
5271832,4
5271840,4
5271857,4
5271865,4
5271882,4
5271890,4
5271907,4
5271915,4
5271932,4
5271940,4
5271957,4
5271965,4
5271982,4
5271990,4
5272007,4
5272015,4
5272032,4
5272040,4
5272057,4
5272065,4
5272082,4
5272090,4
5272107,4
5272115,4
5272132,4
5272140,4
5272157,4
5272165,4
5272182,4
5272190,4
5272207,4
5272215,4
5272232,4
5272240,4
5272257,4
5272265,4
5272282,4
5272290,4
5272307,4
5272315,4
5272332,4
5272340,4
5272357,4
5272365,4
5272382,4
5272390,4
5272407,4
5272415,4
5272432,4
5272440,4
5272457,4
5272465,4
5272482,4
5272490,4
5272507,4
5272515,4
5272532,4
5272540,4
5272557,4
5272565,4
5272582,4
5272590,4
5272607,4
5272615,4
5272632,4
5272640,4
5272657,4
5272665,4
5272682,4
5272690,4
5272707,4
5272715,4
5272732,4
5272740,4
5272757,4
5272765,4
5272782,4
5272790,4
5272807,4
5272815,4
5272832,4
5272840,4
5272857,4
5272865,4
5272882,4
5272890,4
5272907,4
5272915,4
5272932,4
5272940,4
5272957,4
5272965,4
5272982,4
5272990,4
5273007,4
5273015,4
5273032,4
5273040,4
5273057,4
5273065,4
5273082,4
5273090,4
5273107,4
5273115,4
5273132,4
5273140,4
5273157,4
5273165,4
5273182,4
5273190,4
5273207,4
5273215,4
5273232,4
5273240,4
5273257,4
5273265,4
5273282,4
5273290,4
5273482,3
5273490,4
5273507,4
5273515,4
5273532,4
5273540,4
5273557,4
5273565,4
5273582,4
5273590,4
5273607,4
5273615,4
5273632,4
5273640,4
5273657,4
5273665,4
5273682,4
5273690,4
5273707,4
5273715,4
5273732,4
5273740,4
5273757,4
5273765,4
5273782,4
5273790,4
5273807,4
5273815,4
5273832,4
5273840,4
5273857,4
5273865,4
5273882,4
5273890,4
5273907,4
5273915,4
5273932,4
5273940,4
5273957,4
5273965,4
5273982,4
5273990,4
5274007,4
5274015,4
5274032,4
5274040,4
5274057,4
5274065,4
5274082,4
5274090,4
5274107,4
5274115,4
5274132,4
5274140,4
5274157,4
5274165,4
5274182,4
5274190,4
5274207,4
5274215,4
5274232,4
5274240,4
5274257,4
5274265,4
5274290,4
5274315,4
5274340,4
5274365,4
5274390,4
5274415,4
5274440,4
5274465,4
5274490,4
5274515,4
5274540,4
5274557,4
5274565,4
5274582,4
5274590,4
5274607,4
5274615,4
5274632,4
5274640,4
5274657,4
5274665,4
5274682,4
5274690,4
5274707,4
5274715,4
5274732,4
5274740,4
5274757,4
5274765,4
5274782,4
5274790,4
5274807,4
5274815,4
5274832,4
5274840,4
5274857,4
5274865,4
5274882,4
5274890,4
5274907,4
5274915,4
5274932,4
5274940,4
5274957,4
5274965,4
5274982,4
5274990,4
5275007,4
5275032,4
5275040,4
5275057,4
5275065,4
5275082,4
5275090,4
5275107,4
5275115,4
5275132,4
5275140,4
5275157,4
5275165,3
5275182,4
5275190,4
5275207,4
5275215,4
5275232,4
5275240,4
5275257,4
5275265,4
5275290,4
5275307,4
5275315,4
5275332,4
5275340,4
5275357,3
5275365,3
5275382,3
5275390,3
5275407,2
5275415,2
5275432,2
5275440,2
5275457,2
5275465,2
5275490,2
5275515,2
5275540,2
5275565,2
5275590,2
5275615,1
5275665,6
5275682,6
5275690,1
5275715,1
5275740,1
5275765,1
5275782,1
5275790,6
5275815,0
5275865,6
5275890,6
5275915,6
5275940,6
5275965,6
5275990,6
5276007,6
5276015,6
5276065,3
5276082,3
5276090,3
5276140,3
5276165,3
5276190,3
5276215,3
5276240,3
5276265,3
5276290,3
5276315,3
5276365,3
5276382,3
5276390,3
5276407,3
5276415,3
5276440,4
5276465,4
5276490,4
5276515,3
5276540,3
5276565,3
5276590,3
5276615,3
5276640,3
5276665,3
5276690,4
5276715,4
5276740,4
5276765,4
5276790,4
5276815,4
5276840,4
5276865,4
5276890,4
5276915,4
5276940,4
5277053,3
5277078,3
5277103,3
5277128,3
5277153,3
5277178,3
5277203,3
5277228,3
5277253,4
5277278,4
5277303,4
5277328,4
5277344,4
5277353,4
5277378,4
5277403,3
5277428,3
5277453,3
5277478,3
5277503,3
5277528,3
5277553,3
5277578,3
5277603,3
5277628,3
5277653,3
5277678,3
5277703,3
5277728,3
5277753,3
5277778,3
5277803,3
5277828,3
5277853,3
5277878,3
5277903,3
5277928,3
5277944,4
5277953,4
5277978,4
5278003,3
5278028,3
5278053,3
5278078,3
5278103,3
5278128,3
5278153,3
5278178,3
5278203,3
5278228,3
5278244,3
5278253,3
5278278,3
5278303,3
5278328,3
5278353,3
5278378,3
5278403,3
5278419,3
5278428,3
5278444,3
5278453,3
5278477,3
5278502,3
5278519,4
5278527,4
5278544,4
5278553,2
5278577,2
5278602,4
5278777,5
5278827,2
5278844,2
5278853,2
5278877,2
5279002,2
5279027,2
5279052,2
5279077,2
5279102,2
5279127,2
5279144,2
5279152,2
5279177,2
5279202,2
5279227,1
5279302,0
5279327,0
5279352,0
5279377,0
5279477,5
5279527,5
5279544,5
5279577,5
