5191153,5
5191161,5
5191169,1
5191178,1
5191186,1
5191194,1
5191203,1
5191211,2
5191219,2
5191228,2
5191236,2
5191244,2
5191253,2
5191261,2
5191269,2
5191278,2
5191286,2
5191294,2
5191303,2
5191311,2
5191319,2
5191328,2
5191336,2
5191344,2
5191353,2
5191361,2
5191369,2
5191378,2
5191386,2
5191394,2
5191402,2
5191411,2
5191419,2
5191428,2
5191436,2
5191445,1
5191452,1
5191461,1
5191469,2
5191477,2
5191486,2
5191494,2
5191502,2
5191511,4
5191519,1
5191527,4
5191536,2
5191544,2
5191553,2
5191561,1
5191569,1
5191578,1
5191586,1
5191594,1
5191602,1
5191611,1
5191619,1
5191627,1
5191636,1
5191644,6
5191652,6
5191661,6
5191669,1
5191678,1
5191686,6
5191694,1
5191702,1
5191711,1
5191719,5
5191727,5
5191736,5
5191744,5
5191752,5
5191761,5
5191769,5
5191777,5
5191786,5
5191794,5
5191802,5
5191811,5
5191819,5
5191828,0
5191836,0
5191844,0
5191852,0
5191861,0
5191869,0
5191877,0
5191886,0
5191894,0
5191902,0
5191911,0
5191919,0
5191927,0
5191936,0
5191952,0
5191961,0
5191969,0
5191977,0
5191986,0
5191994,0
5192002,0
5192011,0
5192019,0
5192027,0
5192036,0
5192052,0
5192061,0
5192069,0
5192077,0
5192086,5
5192094,5
5192102,5
5192111,5
5192127,5
5192136,0
5192152,0
5192161,0
5192177,0
5192186,0
5192203,0
5192261,5
5192286,5
5192302,5
5192311,5
5192327,5
5192336,5
5192352,5
5192361,2
5192377,4
5192402,2
5192427,3
5192436,2
5192452,4
5192461,4
5192477,4
5192486,4
5192502,2
5192511,5
5192527,5
5192536,5
5192552,5
5192561,5
5192577,5
5192636,5
5192652,5
5192661,5
5192677,5
5192736,5
5192761,0
5192786,0
5192802,0
5192811,5
5192827,5
5192836,5
5192852,5
5192861,5
5192878,0
5192886,0
5192902,0
5192911,0
5192927,0
5192936,0
5192961,0
5192977,0
5192986,0
5193003,0
5193011,0
5193027,0
5193036,0
5193052,0
5193061,0
5193077,0
5193086,0
5193102,0
5193111,0
5193127,0
5193136,0
5193161,0
5193177,0
5193186,0
5193202,0
5193211,0
5193227,0
5193302,0
5193327,0
5193457,0
5193474,0
5193482,0
5193499,0
5193532,0
5193549,4
5193557,4
5193582,4
5193607,0
5193633,0
5193649,0
5193657,0
5193666,0
5193674,0
5193682,0
5193749,5
5193758,5
5193766,5
5193774,5
5193896,2
5193903,2
5193912,2
5193920,5
5193928,5
5193945,2
5193953,5
5193962,5
5193970,2
5193978,2
5193987,5
5193995,5
5194003,5
5194020,5
5194029,5
5194037,5
5194045,5
5194053,5
5194062,5
5194070,2
5194078,2
5194087,2
5194095,2
5194103,2
5194120,2
5194128,2
5194145,5
5194153,5
5194162,2
5194170,5
5194178,5
5194187,5
5194195,5
5194203,5
5194212,5
5194220,5
5194228,5
5194245,5
5194253,2
5194262,2
5194270,2
5194279,2
5194287,2
5194295,2
5194303,2
5194312,2
5194320,2
5194328,2
5194337,2
5194353,2
5194362,5
5194370,5
5194378,5
5194387,5
5194395,5
5194404,5
5194412,5
5194420,5
5194429,5
5194437,5
5194445,5
5194453,5
5194462,5
5194470,5
5194478,2
5194487,2
5194495,2
5194503,2
5194512,2
5194520,2
5194528,5
5194537,5
5194545,5
5194553,5
5194562,5
5194570,5
5194578,5
5194587,5
5194595,5
5194603,5
5194612,5
5194620,5
5194628,5
5194637,5
5194645,5
5194653,5
5194662,5
5194670,5
5194678,2
5194687,2
5194695,5
5194703,5
5194712,5
5194720,5
5194728,5
5194737,5
5194745,5
5194753,5
5194762,4
5194920,4
5194928,5
5194945,5
5194953,2
5194970,5
5194978,5
5194987,5
5194995,5
5195003,0
5195012,0
5195020,5
5195028,5
5195037,5
5195045,5
5195053,5
5195062,5
5195070,5
5195078,5
5195087,5
5195095,5
5195103,5
5195112,5
5195120,5
5195128,5
5195137,0
5195145,0
5195153,0
5195162,0
5195170,0
5195178,0
5195187,0
5195195,0
5195203,0
5195212,0
5195220,0
5195228,0
5195237,0
5195245,0
5195253,0
5195262,0
5195270,0
5195278,0
5195287,0
5195295,0
5195303,0
5195312,0
5195320,0
5195328,0
5195337,0
5195345,0
5195353,5
5195362,5
5195370,5
5195378,5
5195387,5
5195395,0
5195403,0
5195412,0
5195420,0
5195428,0
5195437,0
5195445,0
5195453,0
5195462,0
5195470,0
5195478,0
5195487,0
5195495,0
5195503,0
5195512,0
5195520,0
5195528,0
5195537,0
5195545,0
5195553,0
5195562,0
5195570,0
5195578,0
5195587,0
5195595,5
5195603,5
5195612,5
5195620,5
5195628,5
5195637,5
5195645,5
5195653,5
5195662,5
5195670,5
5195678,5
5195687,5
5195695,5
5195728,5
5195737,5
5195745,5
5195753,5
5195770,5
5195778,5
5195787,0
5195795,0
5195803,0
5195812,0
5195820,0
5195828,0
5195837,0
5195845,0
5195854,0
5195862,0
5195870,0
5195878,0
5195887,0
5195895,0
5195903,0
5195912,0
5195920,0
5195928,0
5195937,0
5195945,0
5195953,0
5195962,0
5195970,0
5195978,0
5195987,5
5195995,5
5196003,1
5196012,1
5196020,1
5196028,1
5196037,1
5196045,1
5196053,1
5196062,5
5196070,5
5196078,5
5196087,5
5196095,5
5196103,5
5196112,5
5196120,5
5196128,5
5196137,5
5196145,5
5196153,5
5196162,5
5196170,5
5196178,5
5196187,5
5196195,5
5196203,5
5196212,5
5196220,5
5196228,5
5196237,1
5196245,1
5196253,1
5196262,1
5196270,1
5196278,5
5196287,5
5196295,5
5196303,5
5196312,5
5196320,5
5196328,5
5196337,5
5196345,5
5196353,5
5196362,5
5196370,5
5196378,5
5196387,5
5196395,5
5196403,5
5196412,5
5196420,5
5196428,0
5196437,0
5196445,0
5196453,0
5196470,5
5196478,5
5196487,0
5196495,0
5196504,0
5196512,0
5196520,0
5196528,0
5196537,5
5196545,5
5196553,5
5196562,5
5196570,5
5196578,5
5196587,0
5196595,0
5196603,5
5196612,5
5196620,5
5196628,5
5196637,5
5196645,5
5196653,5
5196662,5
5196670,5
5196678,5
5196687,5
5196695,5
5196703,5
5196712,5
5196720,5
5196728,5
5196737,5
5196745,5
5196753,5
5196762,5
5196770,5
5196778,5
5196787,5
5196795,5
5196803,5
5196812,5
5196820,5
5196828,5
5196837,5
5196845,0
5196853,0
5196862,0
5196870,0
5196878,0
5196887,5
5196895,5
5196903,5
5196912,5
5196920,5
5196928,5
5196937,5
5196945,0
5196953,0
5196962,5
5196970,5
5196978,0
5196995,5
5197003,5
5197012,0
5197020,5
5197028,5
5197037,5
5197045,5
5197053,5
5197062,5
5197070,5
5197078,5
5197087,6
5197103,6
5197120,6
5197128,6
5197137,5
5197145,5
5197153,5
5197162,5
5197170,5
5197178,5
5197187,6
5197195,6
5197203,6
5197212,6
5197220,6
5197228,6
5197236,6
5197245,6
5197253,6
5197270,5
5197278,5
5197287,5
5197295,5
5197303,5
5197311,5
5197320,5
5197328,5
5197337,0
5197345,0
5197353,0
5197370,0
5197378,0
5197386,0
5197395,0
5197403,0
5197412,0
5197420,0
5197428,0
5197436,1
5197445,0
5197453,1
5197470,6
5197478,6
5197486,6
5197495,6
5197503,6
5197511,6
5197520,6
5197528,6
5197536,6
5197545,6
5197553,6
5197561,5
5197570,6
5197578,6
5197586,6
5197595,6
5197603,6
5197611,6
5197620,6
5197628,6
5197636,5
5197645,5
5197653,4
5197670,5
5197678,5
5197687,5
5197695,5
5197703,5
5197711,5
5197720,5
5197728,5
5197737,5
5197745,5
5197753,5
5197761,5
5197770,5
5197778,5
5197786,5
5197795,5
5197803,5
5197811,5
5197820,5
5197828,5
5197836,5
5197845,5
5197853,5
5197861,5
5197870,5
5197878,5
5197886,5
5197895,5
5197903,5
5197911,5
5197920,5
5197928,5
5197937,5
5197945,5
5197953,5
5197970,5
5197978,5
5197986,5
5197995,5
5198003,5
5198011,5
5198020,5
5198028,5
5198036,5
5198045,5
5198053,5
5198061,0
5198070,5
5198078,5
5198086,5
5198095,0
5198103,5
5198111,5
5198120,5
5198128,5
5198136,5
5198145,5
5198153,5
5198161,5
5198170,5
5198178,5
5198186,5
5198195,5
5198203,5
5198212,5
5198220,5
5198228,5
5198236,5
5198245,5
5198253,5
5198261,5
5198270,5
5198278,5
5198286,5
5198295,5
5198303,5
5198311,5
5198320,5
5198328,5
5198337,5
5198345,5
5198353,5
5198361,5
5198370,5
5198378,5
5198386,5
5198395,5
5198403,5
5198411,5
5198420,2
5198428,5
5198436,5
5198445,5
5198453,5
5198461,5
5198470,5
5198478,5
5198486,5
5198495,5
5198503,5
5198511,5
5198520,5
5198528,5
5198536,0
5198545,0
5198553,0
5198561,0
5198570,0
5198578,0
5198586,5
5198595,5
5198603,5
5198611,5
5198620,5
5198628,5
5198636,5
5198645,5
5198653,5
5198661,5
5198670,5
5198678,5
5198686,5
5198695,5
5198703,5
5198711,5
5198720,5
5198728,5
5198736,5
5198745,5
5198753,5
5198761,5
5198770,5
5198778,5
5198786,0
5198795,0
5198803,0
5198811,0
5198820,0
5198828,0
5198837,5
5198845,5
5198853,5
5198870,5
5198878,5
5198886,5
5198895,5
5198903,5
5198911,5
5198920,5
5198928,5
5198936,5
5198953,5
5198970,5
5198978,5
5198986,5
5199003,5
5199011,5
5199020,5
5199028,5
5199036,5
5199053,5
5199070,5
5199078,5
5199086,5
5199095,5
5199103,5
5199111,5
5199128,5
5199136,5
5199145,5
5199153,5
5199161,5
5199170,5
5199178,5
5199186,5
5199195,5
5199203,5
5199212,5
5199220,5
5199228,5
5199237,5
5199253,5
5199270,5
5199278,5
5199286,5
5199295,5
5199303,5
5199311,5
5199320,5
5199328,5
5199336,5
5199345,5
5199353,5
5199370,5
5199378,5
5199386,5
5199395,5
5199403,5
5199411,5
5199420,5
5199428,5
5199436,5
5199445,5
5199453,5
5199461,5
5199470,5
5199478,5
5199486,5
5199495,5
5199503,5
5199511,5
5199520,5
5199528,5
5199536,5
5199545,5
5199553,5
5199570,5
5199578,5
5199586,5
5199595,5
5199603,5
5199612,5
5199620,5
5199628,5
5199636,5
5199645,5
5199661,0
5199670,5
5199678,5
5199695,5
5199703,5
5199720,5
5199728,5
5199736,5
5199745,5
5199753,5
5199761,5
5199770,5
5199778,5
5199795,5
5199803,5
5199820,5
5199828,5
5199836,5
5199845,5
5199853,5
5199861,5
5199870,5
5199878,5
5199886,6
5199895,1
5199903,1
5199911,1
5199920,1
5199928,5
5199936,5
5199945,5
5199953,5
5199961,5
5199970,5
5199978,5
5199986,5
5199995,5
5200003,5
5200011,1
5200020,1
5200028,1
5200036,1
5200045,1
5200053,4
5200070,1
5200078,1
5200086,5
5200095,5
5200103,5
5200111,5
5200120,5
5200128,5
5200136,5
5200153,5
5200170,5
5200178,5
5200186,5
5200203,5
5200211,5
5200220,5
5200228,1
5200236,1
5200253,1
5200270,1
5200278,1
5200295,5
5200303,5
5200311,5
5200320,5
5200328,5
5200336,5
5200353,4
5200370,5
5200378,5
5200395,5
5200403,5
5200411,5
5200420,5
5200428,5
5200436,5
5200445,5
5200453,4
5200470,5
5200478,5
5200486,5
5200495,5
5200503,5
5200520,5
5200528,5
5200536,5
5200553,4
5200570,1
5200578,1
5200586,1
5200595,1
5200603,1
5200611,5
5200620,5
5200628,5
5200636,5
5200653,5
5200661,2
5200670,5
5200828,5
5200853,5
5200895,5
5200903,5
5200911,5
5200920,5
5200928,5
5200936,5
5200945,5
5200953,5
5200970,5
5200978,5
5200986,5
5200995,5
5201003,5
5201011,5
5201020,5
5201028,5
5201037,5
5201053,4
5201061,5
5201070,5
5201086,5
5201094,5
5201103,5
5201111,5
5201119,5
5201128,5
5201136,5
5201145,5
5201153,5
5201161,5
5201170,5
5201178,5
5201186,5
5201194,5
5201203,5
5201211,5
5201219,2
5201228,2
5201236,5
5201253,5
5201261,2
5201270,5
5201278,5
5201286,5
5201295,5
5201303,2
5201311,5
5201319,5
5201328,5
5201336,2
5201344,4
5201353,2
5201370,5
5201378,5
5201386,5
5201394,5
5201403,5
5201411,5
5201420,5
5201428,5
5201436,5
5201444,5
5201453,5
5201461,5
5201478,5
5201486,5
5201494,5
5201503,5
5201511,5
5201520,5
5201528,5
5201536,5
5201544,5
5201553,5
5201570,5
5201578,5
5201586,0
5201594,0
5201603,5
5201611,5
5201619,5
5201628,5
5201636,5
5201644,5
5201653,5
5201670,5
5201678,5
5201686,0
5201694,5
5201703,5
5201711,5
5201719,5
5201728,5
5201736,5
5201744,5
5201753,5
5201769,5
5201778,5
5201786,5
5201795,5
5201803,5
5201811,5
5201819,5
5201828,5
5201836,5
5201844,5
5201853,5
5201870,5
5201878,5
5201886,5
5201894,5
5201903,5
5201911,5
5201919,5
5201928,5
5201936,0
5201944,0
5201953,0
5201961,0
5201970,0
5201978,0
5201986,5
5201994,5
5202003,5
5202011,5
5202019,5
5202028,5
5202036,5
5202044,5
5202053,5
5202061,5
5202069,5
5202078,5
5202086,0
5202094,5
5202103,5
5202111,5
5202119,5
5202128,5
5202136,5
5202144,5
5202153,5
5202169,5
5202178,5
5202186,5
5202194,5
5202203,5
5202211,5
5202219,5
5202228,0
5202236,0
5202244,0
5202253,5
5202261,5
5202269,5
5202278,5
5202286,5
5202294,5
5202303,5
5202311,5
5202319,5
5202328,5
5202336,5
5202344,5
5202353,5
5202361,5
5202369,5
5202378,5
5202386,5
5202394,5
5202403,5
5202411,0
5202419,0
5202428,0
5202437,0
5202444,0
5202453,4
5202469,0
5202478,0
5202486,0
5202494,0
5202503,0
5202511,0
5202519,0
5202528,0
5202536,0
5202553,4
5202569,0
5202578,0
5202586,0
5202594,0
5202603,0
5202611,0
5202619,0
5202628,0
5202636,0
5202644,0
5202653,4
5202669,0
5202678,0
5202687,0
5202694,0
5202703,0
5202711,0
5202719,0
5202728,0
5202736,0
5202744,0
5202753,0
5202761,0
5202769,0
5202778,0
5202786,0
5202794,0
5202803,0
5202811,0
5202819,0
5202828,0
5202836,0
5202844,0
5202853,0
5202869,0
5202878,0
5202886,0
5202894,0
5202903,0
5202911,0
5202919,0
5202928,0
5202936,0
5202944,0
5202953,0
5202969,0
5202978,0
5202986,0
5202994,0
5203003,0
5203011,0
5203019,0
5203028,0
5203036,0
5203044,0
5203053,0
5203061,0
5203069,0
5203078,5
5203086,2
5203094,5
5203103,5
5203111,5
5203119,5
5203128,5
5203136,5
5203153,5
5203169,5
5203178,5
5203186,5
5203194,5
5203203,5
5203211,5
5203219,5
5203228,5
5203236,0
5203244,5
5203253,5
5203261,5
5203269,5
5203278,5
5203286,5
5203294,5
5203303,5
5203311,5
5203319,5
5203328,0
5203336,0
5203344,0
5203353,0
5203369,0
5203378,0
5203386,5
5203394,5
5203403,5
5203411,5
5203419,5
5203428,5
5203436,5
5203453,5
5203469,5
5203478,5
5203486,5
5203503,5
5203511,5
5203519,5
5203528,0
5203536,0
5203544,0
5203553,2
5203569,0
5203578,0
5203586,0
5203594,0
5203603,0
5203611,0
5203619,0
5203628,0
5203636,0
5203653,2
5203803,5
5203828,5
5203836,5
5203853,5
5203861,0
5203878,5
5203886,5
5203894,5
5203903,5
5203911,5
5203919,5
5203928,5
5203936,5
5203944,5
5203953,5
5203969,5
5203978,5
5203986,5
5203994,5
5204003,5
5204011,5
5204019,5
5204028,5
5204036,5
5204044,5
5204053,5
5204061,5
5204069,5
5204078,5
5204086,0
5204094,0
5204103,0
5204111,5
5204119,5
5204128,5
5204136,5
5204144,5
5204153,5
5204169,5
5204178,5
5204186,5
5204194,5
5204203,5
5204211,5
5204219,5
5204228,5
5204236,0
5204244,0
5204253,0
5204261,0
5204269,0
5204278,0
5204286,5
5204294,5
5204303,5
5204311,5
5204319,5
5204328,5
5204336,5
5204353,5
5204369,5
5204378,5
5204386,2
5204403,2
5204411,5
5204419,2
5204428,2
5204436,3
5204444,3
5204453,3
5204461,3
5204469,3
5204478,3
5204486,2
5204494,2
5204503,2
5204519,2
5204528,2
5204536,3
5204544,3
5204553,3
5204561,3
5204569,3
5204578,3
5204594,2
5204603,2
5204611,2
5204619,2
5204628,2
5204636,2
5204644,2
5204653,2
5204661,2
5204669,2
5204678,2
5204694,2
5204703,2
5204719,2
5204728,2
5204736,2
5204744,2
5204753,2
5204761,2
5204769,2
5204778,2
5204794,2
5204802,2
5204819,2
5204828,2
5204836,2
5204844,2
5204853,2
5204861,2
5204869,2
5204878,2
5204894,2
5204902,2
5204919,2
5204927,2
5204936,2
5204944,2
5204952,2
5204961,2
5204969,2
5204978,2
5204994,2
5205002,2
5205027,2
5205036,2
5205044,2
5205053,2
5205061,2
5205069,2
5205077,2
5205094,2
5205102,2
5205119,2
5205128,2
5205136,2
5205144,2
5205152,3
5205161,3
5205169,3
5205177,2
5205194,2
5205202,2
5205219,2
5205227,2
5205236,4
5205419,4
5205427,5
5205436,2
5205444,5
5205452,2
5205461,2
5205469,2
5205477,2
5205486,2
5205494,2
5205502,2
5205511,2
5205519,2
5205527,3
5205536,3
5205544,2
5205552,2
5205561,2
5205569,3
5205577,3
5205586,2
5205594,2
5205602,2
5205611,2
5205619,2
5205627,2
5205636,2
5205644,2
5205652,3
5205669,3
5205677,3
5205686,2
5205694,2
5205702,2
5205711,2
5205719,2
5205727,2
5205736,2
5205744,2
5205752,2
5205761,2
5205769,3
5205777,3
5205786,3
5205794,3
5205802,2
5205811,2
5205819,2
5205827,2
5205836,2
5205844,2
5205852,2
5205861,2
5205869,2
5205878,2
5205886,2
5205894,2
5205902,2
5205911,2
5205919,2
5205927,2
5205936,2
5205944,2
5205952,2
5205961,2
5205969,2
5205977,2
5205986,2
5205994,3
5206002,3
5206011,3
5206019,3
5206027,3
5206036,3
5206044,3
5206052,3
5206061,3
5206069,3
5206077,3
5206086,3
5206094,3
5206102,3
5206111,2
5206119,2
5206127,2
5206136,2
5206144,2
5206152,2
5206161,2
5206169,2
5206177,2
5206186,2
5206194,4
5206202,2
5206211,2
5206219,2
5206227,2
5206236,2
5206244,3
5206252,3
5206261,3
5206269,3
5206277,3
5206286,3
5206294,3
5206302,3
5206311,3
5206319,3
5206327,3
5206336,3
5206344,3
5206352,3
5206361,3
5206369,3
5206377,3
5206386,3
5206394,3
5206402,3
5206411,3
5206419,3
5206427,2
5206436,2
5206444,2
5206452,2
5206469,2
5206477,2
5206486,2
5206494,2
5206502,2
5206511,2
5206519,2
5206527,2
5206536,2
5206544,2
5206552,2
5206561,2
5206569,2
5206577,2
5206586,2
5206594,2
5206602,2
5206611,2
5206619,2
5206627,2
5206636,2
5206644,2
5206652,3
5206661,3
5206669,3
5206677,3
5206686,3
5206694,3
5206702,3
5206711,3
5206719,3
5206727,3
5206736,3
5206744,3
5206752,3
5206769,3
5206777,3
5206786,3
5206794,3
5206803,3
5206811,3
5206819,3
5206827,3
5206836,3
5206852,3
5206861,3
5206869,3
5206877,3
5206886,2
5206894,2
5206902,2
5206911,2
5206919,2
5206927,2
5206936,2
5206944,2
5206952,2
5206961,2
5206969,2
5206977,2
5206986,2
5206994,2
5207002,3
5207011,3
5207019,3
5207027,3
5207036,3
5207044,3
5207052,3
5207061,3
5207069,3
5207077,3
5207086,2
5207094,2
5207102,2
5207111,2
5207119,2
5207127,2
5207136,2
5207152,2
5207169,3
5207177,3
5207186,3
5207202,3
5207211,3
5207219,3
5207227,2
5207236,2
5207244,2
5207252,2
5207261,2
5207269,2
5207278,2
5207286,2
5207294,2
5207302,2
5207311,2
5207319,2
5207327,2
5207336,2
5207344,2
5207352,3
5207361,3
5207369,3
5207377,3
5207386,3
5207394,3
5207402,3
5207411,3
5207419,3
5207427,3
5207436,3
5207444,3
5207452,3
5207461,3
5207469,3
5207477,3
5207486,3
5207494,3
5207502,2
5207511,2
5207519,2
5207527,2
5207536,2
5207544,2
5207552,2
5207569,2
5207577,2
5207586,2
5207594,2
5207602,2
5207611,2
5207619,2
5207627,2
5207636,2
5207652,2
5207669,2
5207677,2
5207686,2
5207702,2
5207711,2
5207719,2
5207727,2
5207736,2
5207744,2
5207752,2
5207761,2
5207769,2
5207777,2
5207786,2
5207794,2
5207802,5
5207811,0
5207819,0
5207827,0
5207836,0
5207844,0
5207852,4
5207869,0
5207877,0
5207886,0
5207894,0
5207902,0
5207911,0
5207927,0
5207936,0
5207952,4
5207969,0
5207977,0
5207986,0
5207994,0
5208002,0
5208011,0
5208019,0
5208027,0
5208036,5
5208044,5
5208052,5
5208061,5
5208069,5
5208077,5
5208086,5
5208094,5
5208102,5
5208111,5
5208119,5
5208127,5
5208136,5
5208144,5
5208152,0
5208169,0
5208177,0
5208186,5
5208194,5
5208202,5
5208211,5
5208219,5
5208227,5
5208236,5
5208244,5
5208252,5
5208261,5
5208269,0
5208277,0
5208286,0
5208294,0
5208302,0
5208311,0
5208319,0
5208327,0
5208336,0
5208352,0
5208361,0
5208369,0
5208377,0
5208386,0
5208402,0
5208411,5
5208419,2
5208427,2
5208436,2
5208444,2
5208452,2
5208461,2
5208469,2
5208477,2
5208486,2
5208494,2
5208502,2
5208511,2
5208519,2
5208527,2
5208536,2
5208544,2
5208552,2
5208561,2
5208569,2
5208577,2
5208586,2
5208594,2
5208602,2
5208610,2
5208619,2
5208627,2
5208636,2
5208644,2
5208652,2
5208661,3
5208669,2
5208677,2
5208686,3
5208694,3
5208702,3
5208710,3
5208719,2
5208727,2
5208736,2
5208744,2
5208752,2
5208760,4
5208769,2
5208777,2
5208785,2
5208794,2
5208802,3
5208811,3
5208819,3
5208827,3
5208835,3
5208844,2
5208852,2
5208860,2
5208869,2
5208877,2
5208885,3
5208894,3
5208902,3
5208910,3
5208919,3
5208927,3
5208936,3
5208944,2
5208952,2
5208960,2
5208969,2
5208977,2
5208985,2
5208994,2
5209002,5
5209010,5
5209019,5
5209027,0
5209035,0
5209052,4
5209060,0
5209069,0
5209077,0
5209086,0
5209094,0
5209102,0
5209110,0
5209119,0
5209127,0
5209135,0
5209144,0
5209152,0
5209160,0
5209169,0
5209177,0
5209186,0
5209194,0
5209202,0
5209210,0
5209219,0
5209227,0
5209235,0
5209244,0
5209252,0
5209269,0
5209277,0
5209285,0
5209294,0
5209302,0
5209311,0
5209319,0
5209327,0
5209335,0
5209352,4
5209360,0
5209377,0
5209385,1
5209394,0
5209402,0
5209410,0
5209419,0
5209427,0
5209435,0
5209444,0
5209452,0
5209460,0
5209469,0
5209477,0
5209485,5
5209494,5
5209502,5
5209510,0
5209519,0
5209527,0
5209535,0
5209544,0
5209552,0
5209560,0
5209569,0
5209577,0
5209585,0
5209594,0
5209602,0
5209610,0
5209619,0
5209627,0
5209635,0
5209644,0
5209652,0
5209660,0
5209669,0
5209677,0
5209685,0
5209694,0
5209702,0
5209711,0
5209719,0
5209727,0
5209735,0
5209744,0
5209752,0
5209760,0
5209769,0
5209777,0
5209785,0
5209794,0
5209802,0
5209810,0
5209819,0
5209827,0
5209835,0
5209844,0
5209852,0
5209860,0
5209869,0
5209877,0
5210027,0
5210044,5
5210052,5
5210060,2
5210069,5
5210077,5
5210085,5
5210094,5
5210102,5
5210110,5
5210119,5
5210127,5
5210135,5
5210144,5
5210152,5
5210160,5
5210169,5
5210177,5
5210194,5
5210202,5
5210210,5
5210219,5
5210227,5
5210235,5
5210244,5
5210252,5
5210260,5
5210269,5
5210277,5
5210285,5
5210294,5
5210302,5
5210310,5
5210319,5
5210327,5
5210335,5
5210344,5
5210352,5
5210360,5
5210369,2
5210377,2
5210385,2
5210394,3
5210402,3
5210410,3
5210419,3
5210427,3
5210435,3
5210444,3
5210452,3
5210460,3
5210469,3
5210477,3
5210485,3
5210494,3
5210502,3
5210510,3
5210519,3
5210527,3
5210535,3
5210544,3
5210552,3
5210560,3
5210569,3
5210577,3
5210585,2
5210594,2
5210602,2
5210610,3
5210619,3
5210627,3
5210635,3
5210644,3
5210652,3
5210660,3
5210669,2
5210677,2
5210685,2
5210694,2
5210702,2
5210710,2
5210719,2
5210727,3
5210735,3
5210744,3
5210752,2
5210760,2
5210769,2
5210777,2
5210785,2
5210794,2
5210802,2
5210810,2
5210819,2
5210827,2
5210835,3
5210844,2
5210852,2
5210860,2
5210869,2
5210877,2
5210885,2
5210894,2
5210902,2
5210910,2
5210919,2
5210927,2
5210935,3
5210944,3
5210952,3
5210960,3
5210969,3
5210977,3
5210985,3
5210994,3
5211002,3
5211010,3
5211019,3
5211027,3
5211035,3
5211044,3
5211052,3
5211060,3
5211069,3
5211077,3
5211085,3
5211094,3
5211102,3
5211110,3
5211119,3
5211127,3
5211135,2
5211144,2
5211152,2
5211160,2
5211169,2
5211177,2
5211185,2
5211194,2
5211202,2
5211210,2
5211219,2
5211227,2
5211235,3
5211244,3
5211252,3
5211260,3
5211269,3
5211277,3
5211285,3
5211294,3
5211302,3
5211310,3
5211319,3
5211327,3
5211335,2
5211344,2
5211352,2
5211360,2
5211369,2
5211377,2
5211385,2
5211394,2
5211402,2
5211410,2
5211419,2
5211427,2
5211435,3
5211444,3
5211452,3
5211460,3
5211469,3
5211477,3
5211485,2
5211494,2
5211502,2
5211510,2
5211519,3
5211527,3
5211535,3
5211544,3
5211552,3
5211560,3
5211569,3
5211577,3
5211585,2
5211594,2
5211602,2
5211610,2
5211619,3
5211627,2
5211635,2
5211644,2
5211652,2
5211660,2
5211669,2
5211677,2
5211685,2
5211694,2
5211702,2
5211710,2
5211719,3
5211727,3
5211735,3
5211744,3
5211752,3
5211760,3
5211769,3
5211777,3
5211785,3
5211794,3
5211802,3
5211810,3
5211819,3
5211827,2
5211835,2
5211844,2
5211852,2
5211860,3
5211869,3
5211877,3
5211885,3
5211894,3
5211902,3
5211910,3
5211919,3
5211927,3
5211935,3
5211944,3
5211952,3
5211960,3
5211969,3
5211977,2
5211985,2
5211994,2
5212002,2
5212010,2
5212019,2
5212027,2
5212044,2
5212052,2
5212060,3
5212069,3
5212077,3
5212085,3
5212094,3
5212102,3
5212110,2
5212127,2
5212144,2
5212152,2
5212160,2
5212177,2
5212185,2
5212194,2
5212202,2
5212210,2
5212219,2
5212227,2
5212235,2
5212244,2
5212252,2
5212261,2
5212269,2
5212277,2
5212285,2
5212294,2
5212302,2
5212310,3
5212319,3
5212327,3
5212344,2
5212352,2
5212360,2
5212369,2
5212377,2
5212394,2
5212402,2
5212410,2
5212419,2
5212427,2
5212435,2
5212444,2
5212452,2
5212460,5
5212469,5
5212477,1
5212485,1
5212494,2
5212502,1
5212527,1
5212535,6
5212543,1
5212552,1
5212560,2
5212568,2
5212577,2
5212585,1
5212593,1
5212602,1
5212610,1
5212618,1
5212627,1
5212636,1
5212643,6
5212652,6
5212660,5
5212668,5
5212677,5
5212685,5
5212693,5
5212702,1
5212710,1
5212718,5
5212727,2
5212735,2
5212743,1
5212752,1
5212760,1
5212769,1
5212777,1
5212785,1
5212793,1
5212802,1
5212810,2
5212819,2
5212827,1
5212835,1
5212843,1
5212852,1
5212860,2
5212868,2
5212877,2
5212886,1
5212894,1
5212902,1
5212910,1
5212918,1
5212927,1
5212943,1
5212952,1
5212960,1
5212968,1
5212977,1
5212985,1
5212993,1
5213002,5
5213010,2
5213018,1
5213027,1
5213035,1
5213043,1
5213052,1
5213060,1
5213068,1
5213077,1
5213085,1
5213093,1
5213102,1
5213110,1
5213118,1
5213127,1
5213135,1
5213168,1
5213177,1
5213185,1
5213193,1
5213202,1
5213210,1
5213227,1
5213243,2
5213252,2
5213260,2
5213277,2
5213285,2
5213294,2
5213302,2
5213310,1
5213327,1
5213343,2
5213352,2
5213360,2
5213377,2
5213385,1
5213393,1
5213402,1
5213410,1
5213419,1
5213427,1
5213435,1
5213443,1
5213452,1
5213460,1
5213468,1
5213477,1
5213485,1
5213493,1
5213502,1
5213510,1
5213518,1
5213527,2
5213535,2
5213543,1
5213552,1
5213560,2
5213568,2
5213577,2
5213585,2
5213593,1
5213602,1
5213610,1
5213618,1
5213627,2
5213635,2
5213643,3
5213652,4
5213660,4
5213668,4
5213677,4
5213685,4
5213693,4
5213702,4
5213710,3
5213718,3
5213727,3
5213735,4
5213743,4
5213752,4
5213760,4
5213768,4
5213777,4
5213785,4
5213794,4
5213802,4
5213810,4
5213818,4
5213827,4
5213835,4
5213843,4
5213852,4
5213860,4
5213868,4
5213877,4
5213885,4
5213893,4
5213902,4
5213910,4
5213918,4
5213927,4
5213935,4
5213943,4
5213952,4
5213960,4
5213968,4
5213977,4
5213985,2
5213993,3
5214002,3
5214010,3
5214018,3
5214027,3
5214035,3
5214043,3
5214052,3
5214060,3
5214068,3
5214077,3
5214085,2
5214093,2
5214102,2
5214110,2
5214118,2
5214127,2
5214135,2
5214143,2
5214152,2
5214160,2
5214168,2
5214177,2
5214185,2
5214193,2
5214202,1
5214210,1
5214218,1
5214227,1
5214243,1
5214252,1
5214260,1
5214268,1
5214277,1
5214285,1
5214293,2
5214302,2
5214310,2
5214327,2
5214343,2
5214352,2
5214360,2
5214377,2
5214385,2
5214393,2
5214402,2
5214410,1
5214418,1
5214427,4
5214443,1
5214452,1
5214460,3
5214468,2
5214477,2
5214485,1
5214493,1
5214502,1
5214510,1
5214527,5
5214535,4
5214543,2
5214552,1
5214560,1
5214569,1
5214577,1
5214585,1
5214593,1
5214602,1
5214610,1
5214618,1
5214627,1
5214643,1
5214652,2
5214660,5
5214668,5
5214677,5
5214685,6
5214693,6
5214702,6
5214727,6
5214743,6
5214752,6
5214760,1
5214777,1
5214785,5
5214793,2
5214802,2
5214810,2
5214818,2
5214827,2
5214835,2
5214843,2
5214852,2
5214860,2
5214868,2
5214877,2
5214885,2
5214893,2
5214902,2
5214910,2
5214918,2
5214927,2
5214935,2
5214943,2
5214952,2
5214960,2
5214968,2
5214977,2
5214985,2
5214993,2
5215002,2
5215010,2
5215018,2
5215027,2
5215043,2
5215052,2
5215060,2
5215068,2
5215077,2
5215085,5
5215093,2
5215102,2
5215110,2
5215118,2
5215127,2
5215135,5
5215143,2
5215152,2
5215160,2
5215168,2
5215177,2
5215185,2
5215193,2
5215202,2
5215210,4
5215218,4
5215227,4
5215243,2
5215252,2
5215260,2
5215268,2
5215277,2
5215285,2
5215293,2
5215302,2
5215310,2
5215318,2
5215327,2
5215343,2
5215352,2
5215360,5
5215368,5
5215377,5
5215385,2
5215393,2
5215402,2
5215410,2
5215418,2
5215427,2
5215435,2
5215443,2
5215452,2
5215460,2
5215468,2
5215477,2
5215485,2
5215493,2
5215502,2
5215510,2
5215518,2
5215527,2
5215543,2
5215552,2
5215560,2
5215568,2
5215577,2
5215585,2
5215594,2
5215602,2
5215610,2
5215627,2
5215643,2
5215652,2
5215660,2
5215677,2
5215685,2
5215693,2
5215702,2
5215727,2
5215743,2
5215752,2
5215760,2
5215777,2
5215785,2
5215793,2
5215802,1
5215810,1
5215827,1
5215843,1
5215852,1
5215860,2
5215877,2
5215885,2
5215893,2
5215902,2
5215910,4
5215927,4
5215943,2
5215952,2
5215960,2
5215968,2
5215977,2
5215985,2
5215993,2
5216002,2
5216010,2
5216027,2
5216043,2
5216052,2
5216060,1
5216077,1
5216085,2
5216093,2
5216102,2
5216110,2
5216127,2
5216135,2
5216143,2
5216152,2
5216160,2
5216177,2
5216185,2
5216193,2
5216202,2
5216210,2
5216227,2
5216243,3
5216252,3
5216260,2
5216277,2
5216285,2
5216293,2
5216302,2
5216310,2
5216318,2
5216327,2
5216335,2
5216343,2
5216351,2
5216360,2
5216368,2
5216377,2
5216385,2
5216393,2
5216401,2
5216410,2
5216418,5
5216426,5
5216435,2
5216443,2
5216451,2
5216460,2
5216468,5
5216477,5
5216485,5
5216493,2
5216501,2
5216510,2
5216518,2
5216527,2
5216535,2
5216543,2
5216551,2
5216560,2
5216568,2
5216576,2
5216585,2
5216593,2
5216601,2
5216610,2
5216618,2
5216626,2
5216635,2
5216643,2
5216651,2
5216660,2
5216668,2
5216676,2
5216685,2
5216693,2
5216701,2
5216710,2
5216718,2
5216726,2
5216743,2
5216751,2
5216760,2
5216768,2
5216777,2
5216785,2
5216793,2
5216801,2
5216810,2
5216826,2
5216835,2
5216843,2
5216851,2
5216860,5
5216868,5
5216877,5
5216885,5
5216893,5
5216902,2
5216910,2
5216918,2
5216926,2
5216935,2
5216943,2
5216960,2
5216968,2
5216976,2
5216985,2
5216993,2
5217001,2
5217010,2
5217018,5
5217026,5
5217035,5
5217043,2
5217051,3
5217060,3
5217068,3
5217076,3
5217085,3
5217093,3
5217101,3
5217110,3
5217118,3
5217126,2
5217135,2
5217143,2
5217152,2
5217160,3
5217168,3
5217176,3
5217185,2
5217193,2
5217201,2
5217210,2
5217218,2
5217226,2
5217235,2
5217243,2
5217251,5
5217260,5
5217268,5
5217277,5
5217285,2
5217293,2
5217301,2
5217310,2
5217318,2
5217326,2
5217335,2
5217343,2
5217351,2
5217360,2
5217368,2
5217376,2
5217385,2
5217393,2
5217402,2
5217410,2
5217418,2
5217426,2
5217435,2
5217443,2
5217451,2
5217460,2
5217468,2
5217476,2
5217485,2
5217493,3
5217501,3
5217510,3
5217518,3
5217526,3
5217535,3
5217544,3
5217551,3
5217560,3
5217576,3
5217585,3
5217593,3
5217601,3
5217610,3
5217618,4
5217626,4
5217635,4
5217643,4
5217652,4
5217660,4
5217669,4
5217677,3
5217685,3
5217693,3
5217701,3
5217710,3
5217718,3
5217726,3
5217735,4
5217743,4
5217751,4
5217760,4
5217768,4
5217777,2
5217785,4
5217793,4
5217802,3
5217810,3
5217818,3
5217826,3
5217835,3
5217843,3
5217851,3
5217860,3
5217868,3
5217876,3
5217885,3
5217893,3
5217901,3
5217910,3
5217918,3
5217926,3
5217935,3
5217943,3
5217951,3
5217960,3
5217968,3
5217976,3
5217985,3
5217993,3
5218001,3
5218010,3
5218018,3
5218027,3
5218035,3
5218043,3
5218051,3
5218060,3
5218068,3
5218076,3
5218085,3
5218093,3
5218101,3
5218110,3
5218118,3
5218126,3
5218135,3
5218143,3
5218151,3
5218160,3
5218168,3
5218177,3
5218185,3
5218193,3
5218201,3
5218210,3
5218218,3
5218226,3
5218235,3
5218243,3
5218251,3
5218260,3
5218268,3
5218276,3
5218285,3
5218293,3
5218301,3
5218310,3
5218318,3
5218326,3
5218343,3
5218351,3
5218360,2
5218368,2
5218376,2
5218385,2
5218393,2
5218401,2
5218410,2
5218418,2
5218426,2
5218435,2
5218443,2
5218451,3
5218460,3
5218468,3
5218476,3
5218485,3
5218493,3
5218501,2
5218510,3
5218518,3
5218526,3
5218535,3
5218543,3
5218552,3
5218560,3
5218568,3
5218576,3
5218585,3
5218593,3
5218601,3
5218610,3
5218618,3
5218626,3
5218635,3
5218643,3
5218651,3
5218660,3
5218668,3
5218677,3
5218685,3
5218693,3
5218701,3
5218710,3
5218718,3
5218726,2
5218735,2
5218743,3
5218751,3
5218760,3
5218768,3
5218776,3
5218785,3
5218793,3
5218801,3
5218810,3
5218818,3
5218826,3
5218835,3
5218843,3
5218851,3
5218860,3
5218868,3
5218876,3
5218885,3
5218893,3
5218901,3
5218910,3
5218918,3
5218926,3
5218935,3
5218943,3
5218952,3
5218960,3
5218977,3
5218985,3
5219001,3
5219010,3
5219026,3
5219035,4
5219051,4
5219060,3
5219068,3
5219078,3
5219085,3
5219093,3
5219101,3
5219110,4
5219126,4
5219135,4
5219143,4
5219151,4
5219160,4
5219168,4
5219176,4
5219185,3
5219193,3
5219201,3
5219210,3
5219218,3
5219226,3
5219235,2
5219243,2
5219251,3
5219260,2
5219268,2
5219276,4
5219285,2
5219293,2
5219301,3
5219310,2
5219318,3
5219326,3
5219335,3
5219343,3
5219351,3
5219360,3
5219368,3
5219376,3
5219385,3
5219393,3
5219401,3
5219410,3
5219418,3
5219426,3
5219435,3
5219443,4
5219451,4
5219460,4
5219468,4
5219476,4
5219493,4
5219501,4
5219510,4
5219518,4
5219526,4
5219535,4
5219543,4
5219551,4
5219560,4
5219568,4
5219576,4
5219585,4
5219593,4
5219601,4
5219610,2
5219618,2
5219626,2
5219643,2
5219651,4
5219660,5
5219668,4
5219676,0
5219685,0
5219693,0
5219701,0
5219710,2
5219718,0
5219726,4
5219743,0
5219751,0
5219760,0
5219768,0
5219776,0
5219785,0
5219793,0
5219801,0
5219810,0
5219818,0
5219826,4
5219843,0
5219851,0
5219860,0
5219876,0
5219885,0
5219893,0
5219901,0
5219910,0
5219918,0
5219926,4
5219943,0
5219951,0
5219960,0
5219976,0
5219985,0
5219993,0
5220001,0
5220010,0
5220018,0
5220026,5
5220201,5
5220218,2
5220226,2
5220243,2
5220251,2
5220268,2
5220276,2
5220293,2
5220301,2
5220318,2
5220326,2
5220343,2
5220351,2
5220359,2
5220368,2
5220376,2
5220384,2
5220393,3
5220401,3
5220409,3
5220418,3
5220426,3
5220434,3
5220443,3
5220451,3
5220459,3
5220468,3
5220476,3
5220485,3
5220493,4
5220501,4
5220509,4
5220518,4
5220526,4
5220534,4
5220543,4
5220551,4
5220559,3
5220568,3
5220576,3
5220584,3
5220593,3
5220601,3
5220609,3
5220618,3
5220626,3
5220634,3
5220643,3
5220651,3
5220659,3
5220668,3
5220676,3
5220684,3
5220693,3
5220701,3
5220709,3
5220718,3
5220726,3
5220735,3
5220743,3
5220751,3
5220759,3
5220768,3
5220776,3
5220784,3
5220793,3
5220801,3
5220809,3
5220818,3
5220826,3
5220834,3
5220843,3
5220851,3
5220859,3
5220868,3
5220876,3
5220884,3
5220893,3
5220901,3
5220909,3
5220918,3
5220926,3
5220934,3
5220943,3
5220951,3
5220959,3
5220968,3
5220976,3
5220984,3
5220993,3
5221001,3
5221009,3
5221018,3
5221026,3
5221034,3
5221043,3
5221051,3
5221059,3
5221068,3
5221076,3
5221084,3
5221093,3
5221101,3
5221110,3
5221118,3
5221126,3
5221143,3
5221151,3
5221159,3
5221168,3
5221176,3
5221184,3
5221193,3
5221201,3
5221209,3
5221218,3
5221226,3
5221234,3
5221243,3
5221251,4
5221259,3
5221268,3
5221276,3
5221284,3
5221293,3
5221301,3
5221309,3
5221326,3
5221343,3
5221351,3
5221359,3
5221368,3
5221376,3
5221384,3
5221393,3
5221401,3
5221409,3
5221418,3
5221426,3
5221434,3
5221443,3
5221451,3
5221459,3
5221468,3
5221476,3
5221484,3
5221493,3
5221501,3
5221509,4
5221518,4
5221526,4
5221534,4
5221543,4
5221551,4
5221559,4
5221568,4
5221576,3
5221584,3
5221593,3
5221601,3
5221609,3
5221626,3
5221643,3
5221651,4
5221659,4
5221668,4
5221676,3
5221684,3
5221693,3
5221701,3
5221709,3
5221718,3
5221726,3
5221734,3
5221743,3
5221752,3
5221759,3
5221768,3
5221776,3
5221784,3
5221793,3
5221801,3
5221809,3
5221826,3
5221843,3
5221851,3
5221859,3
5221877,3
5221885,3
5221893,3
5221901,3
5221909,3
5221926,3
5221943,3
5221951,3
5221959,3
5221968,3
5221976,3
5221984,3
5221993,3
5222001,3
5222009,3
5222018,3
5222026,3
5222034,3
5222043,3
5222051,3
5222059,4
5222068,4
5222076,4
5222084,4
5222093,4
5222101,4
5222109,4
5222126,4
5222143,4
5222151,4
5222159,4
5222176,4
5222184,3
5222193,3
5222201,3
5222209,4
5222218,4
5222226,4
5222243,4
5222251,4
5222259,4
5222268,4
5222276,3
5222284,3
5222293,3
5222301,3
5222309,3
5222326,3
5222343,3
5222351,3
5222359,3
5222368,3
5222376,3
5222384,3
5222393,3
5222401,3
5222409,4
5222418,4
5222426,4
5222443,4
5222451,0
5222459,0
5222468,0
5222476,0
5222484,0
5222493,0
5222501,5
5222509,5
5222518,5
5222526,4
5222543,5
5222551,5
5222559,5
5222576,5
5222584,5
5222593,5
5222601,0
5222609,0
5222626,0
5222643,0
5222651,0
5222659,0
5222676,0
5222684,0
5222693,0
5222701,0
5222709,0
5222718,0
5222726,0
5222734,0
5222743,0
5222751,0
5222759,0
5222768,0
5222776,0
5222784,0
5222793,0
5222801,0
5222809,0
5222818,0
5222826,0
5222834,0
5222843,0
5222851,0
5222859,0
5222868,0
5222876,0
5222884,0
5222893,0
5222901,0
5222909,0
5222918,0
5222926,0
5222934,0
5222943,5
5222951,5
5222959,5
5222968,5
5223118,0
5223126,0
5223134,0
5223143,5
5223151,5
5223159,5
5223168,0
5223176,0
5223184,0
5223193,0
5223201,0
5223209,0
5223226,4
5223251,2
5223259,2
5223268,0
5223276,0
5223284,0
5223293,0
5223301,0
5223309,0
5223326,4
5223343,0
5223351,0
5223359,0
5223368,0
5223376,0
5223384,0
5223393,0
5223401,0
5223409,0
5223418,0
5223426,0
5223434,0
5223443,0
5223451,0
5223459,0
5223468,0
5223476,0
5223484,0
5223493,0
5223501,0
5223509,0
5223526,4
5223543,0
5223551,0
5223559,0
5223576,0
5223584,0
5223593,0
5223601,0
5223609,0
5223626,4
5223643,0
5223651,0
5223659,0
5223676,0
5223684,0
5223693,0
5223701,0
5223709,0
5223726,4
5223743,0
5223751,0
5223759,0
5223768,0
5223776,0
5223784,0
5223793,0
5223801,0
5223809,0
5223818,0
5223826,0
5223976,4
5223992,4
5224001,4
5224009,4
5224018,4
5224026,4
5224034,3
5224042,3
5224051,3
5224059,2
5224068,2
5224076,2
5224084,2
5224092,3
5224101,3
5224109,3
5224117,3
5224126,3
5224134,3
5224142,3
5224151,3
5224159,3
5224167,3
5224176,3
5224184,4
5224192,4
5224201,4
5224209,4
5224217,4
5224226,4
5224242,4
5224251,4
5224259,4
5224267,4
5224276,4
5224284,4
5224292,4
5224301,4
5224309,4
5224326,4
5224342,4
5224351,4
5224359,4
5224367,4
5224376,4
5224384,4
5224392,4
5224401,4
5224409,4
5224426,4
5224434,4
5224443,4
5224451,4
5224459,4
5224467,4
5224476,4
5224484,4
5224492,4
5224501,4
5224509,4
5224517,4
5224526,4
5224534,4
5224542,4
5224551,4
5224559,4
5224567,4
5224576,4
5224584,4
5224592,4
5224601,4
5224609,4
5224617,4
5224626,4
5224634,4
5224642,4
5224651,4
5224659,4
5224667,4
5224676,4
5224684,4
5224692,4
5224701,4
5224709,4
5224726,4
5224742,4
5224751,4
5224759,4
5224767,4
5224776,4
5224784,4
5224792,2
5224801,3
5224809,3
5224817,3
5224826,3
5224834,3
5224842,4
5224851,4
5224859,3
5224867,3
5224876,3
5224884,3
5224892,3
5224901,3
5224909,4
5224917,4
5224926,4
5224934,4
5224942,4
5224951,4
5224959,4
5224967,4
5224976,4
5224984,4
5224992,4
5225001,4
5225009,4
5225017,4
5225026,4
5225034,4
5225042,4
5225051,4
5225059,4
5225067,4
5225076,4
5225084,4
5225092,4
5225101,4
5225109,4
5225126,4
5225142,4
5225151,4
5225159,3
5225176,3
5225184,3
5225192,3
5225201,3
5225209,3
5225217,3
5225226,3
5225242,3
5225251,3
5225259,3
5225267,3
5225276,3
5225284,4
5225292,4
5225301,4
5225309,4
5225317,4
5225326,4
5225334,4
5225343,4
5225351,4
5225359,4
5225367,4
5225376,4
5225384,4
5225392,4
5225401,4
5225409,4
5225417,4
5225426,4
5225434,4
5225442,4
5225451,4
5225459,4
5225467,4
5225476,4
5225484,4
5225492,4
5225501,4
5225509,4
5225517,4
5225526,4
5225534,4
5225542,4
5225551,4
5225559,4
5225567,4
5225576,4
5225584,4
5225593,4
5225601,4
5225609,4
5225617,4
5225626,4
5225634,4
5225642,4
5225651,4
5225659,4
5225667,4
5225676,4
5225684,4
5225692,4
5225701,4
5225709,4
5225717,4
5225726,4
5225734,4
5225742,4
5225751,4
5225759,4
5225767,4
5225776,4
5225784,4
5225792,4
5225801,4
5225809,4
5225817,4
5225826,4
5225834,4
5225842,4
5225851,4
5225859,4
5225867,4
5225876,4
5225884,4
5225892,4
5225901,4
5225909,4
5225917,4
5225926,4
5225934,4
5225942,4
5225951,4
5225959,4
5225967,4
5225976,4
5225984,4
5225992,4
5226001,4
5226009,4
5226017,4
5226026,4
5226034,4
5226042,4
5226051,4
5226059,3
5226067,3
5226076,3
5226084,3
5226092,3
5226101,3
5226109,3
5226117,3
5226126,4
5226134,3
5226142,3
5226151,3
5226159,3
5226167,3
5226176,3
5226184,3
5226192,4
5226201,4
5226209,3
5226217,3
5226226,3
5226234,3
5226243,3
5226251,3
5226259,3
5226267,4
5226276,4
5226284,4
5226292,4
5226301,4
5226309,4
5226317,4
5226326,4
5226342,4
5226351,4
5226359,4
5226367,4
5226376,4
5226384,4
5226392,4
5226401,3
5226409,3
5226417,3
5226426,3
5226434,3
5226442,3
5226451,3
5226459,3
5226467,3
5226476,3
5226484,3
5226492,3
5226501,3
5226509,4
5226517,4
5226526,4
5226534,4
5226542,4
5226551,4
5226559,4
5226567,4
5226576,4
5226584,4
5226592,4
5226601,4
5226609,4
5226617,4
5226626,4
5226634,4
5226642,4
5226651,4
5226659,4
5226667,4
5226676,4
5226684,3
5226692,4
5226701,4
5226709,4
5226717,4
5226726,4
5226734,3
5226742,3
5226751,3
5226759,3
5226767,4
5226776,4
5226784,4
5226792,4
5226801,4
5226809,4
5226817,4
5226826,4
5226834,4
5226842,4
5226851,4
5226859,4
5226867,4
5226876,4
5226884,4
5226892,4
5226901,4
5226909,4
5226917,4
5226926,4
5226934,4
5226942,4
5226951,4
5226959,3
5226967,3
5226976,3
5226984,3
5226992,3
5227001,3
5227009,3
5227017,4
5227026,4
5227034,4
5227042,4
5227051,4
5227059,3
5227067,4
5227076,4
5227084,4
5227092,4
5227101,3
5227109,3
5227117,4
5227126,4
5227134,4
5227142,4
5227151,4
5227159,4
5227167,4
5227176,4
5227184,4
5227192,4
5227201,4
5227209,4
5227217,4
5227226,4
5227234,4
5227242,4
5227251,4
5227259,4
5227267,4
5227276,4
5227284,4
5227292,4
5227301,4
5227309,4
5227317,4
5227326,4
5227334,4
5227342,4
5227351,4
5227359,4
5227367,4
5227376,4
5227384,4
5227392,4
5227401,4
5227409,4
5227417,4
5227426,4
5227434,4
5227442,4
5227451,4
5227459,4
5227467,4
5227476,4
5227484,4
5227492,4
5227501,4
5227509,4
5227517,4
5227526,4
5227534,4
5227542,4
5227551,4
5227559,4
5227567,4
5227576,4
5227584,4
5227592,4
5227601,4
5227609,4
5227617,4
5227626,4
5227634,4
5227642,4
5227651,4
5227659,4
5227667,4
5227676,4
5227684,4
5227692,4
5227701,4
5227709,4
5227717,4
5227725,4
5227734,4
5227742,4
5227751,4
5227759,4
5227767,4
5227776,4
5227784,4
5227792,4
5227801,4
5227809,4
5227817,4
5227825,4
5227834,4
5227842,4
5227850,4
5227867,4
5227875,4
5227892,4
5227901,4
5227909,4
5227917,4
5227926,4
5227934,4
5227942,4
5227950,4
5227959,4
5227967,4
5227975,4
5227984,4
5227992,4
5228000,4
5228009,4
5228017,4
5228026,4
5228034,4
5228042,4
5228051,4
5228059,4
5228067,4
5228075,4
5228084,4
5228092,4
5228100,4
5228109,4
5228117,4
5228125,4
5228134,4
5228142,4
5228151,4
5228159,4
5228167,4
5228175,4
5228184,4
5228192,4
5228200,4
5228209,4
5228217,4
5228225,4
5228234,4
5228242,4
5228250,4
5228259,4
5228267,4
5228275,4
5228284,4
5228292,4
5228300,4
5228309,4
5228317,4
5228325,4
5228334,4
5228342,4
5228350,4
5228359,4
5228367,4
5228375,4
5228384,4
5228392,4
5228400,4
5228409,4
5228417,4
5228426,4
5228434,4
5228442,4
5228450,4
5228459,4
5228467,4
5228475,4
5228484,4
5228492,4
5228500,4
5228509,4
5228517,4
5228525,4
5228534,4
5228542,4
5228551,4
5228559,4
5228567,4
5228575,4
5228584,4
5228592,4
5228600,4
5228609,4
5228617,4
5228625,4
5228634,4
5228642,4
5228650,4
5228659,4
5228667,4
5228675,4
5228684,4
5228692,4
5228700,4
5228709,4
5228717,4
5228725,4
5228734,4
5228742,4
5228750,4
5228759,4
5228767,4
5228775,4
5228784,4
5228792,4
5228800,4
5228809,4
5228817,4
5228825,4
5228834,4
5228842,4
5228850,4
5228859,4
5228867,4
5228875,4
5228884,4
5228892,4
5228900,4
5228909,4
5229042,0
5229059,4
5229067,4
5229075,0
5229084,0
5229092,0
5229100,0
5229109,0
5229117,0
5229125,0
5229134,0
5229142,0
5229150,0
5229159,0
5229167,0
5229175,0
5229184,0
5229192,0
5229200,0
5229209,0
5229217,0
5229225,0
5229234,0
5229242,0
5229250,0
5229259,5
5229267,5
5229275,5
5229284,5
5229292,5
5229300,5
5229309,0
5229317,0
5229326,0
5229334,0
5229342,0
5229350,0
5229359,5
5229367,5
5229375,5
5229384,5
5229392,5
5229400,5
5229409,5
5229417,5
5229425,5
5229442,5
5229451,0
5229459,0
5229467,0
5229475,0
5229484,0
5229492,5
5229500,5
5229509,2
5229517,2
5229525,4
5229534,4
5229542,4
5229550,4
5229559,4
5229567,4
5229575,4
5229584,4
5229592,4
5229600,4
5229609,4
5229617,4
5229625,4
5229634,4
5229642,4
5229650,4
5229659,4
5229667,4
5229675,4
5229684,4
5229692,4
5229700,4
5229709,4
5229717,4
5229725,4
5229734,4
5229742,4
5229750,4
5229759,4
5229767,4
5229775,4
5229784,4
5229792,4
5229800,4
5229809,4
5229817,4
5229825,4
5229834,4
5229842,4
5229867,4
5229875,4
5229884,4
5229892,4
5229900,4
5229909,4
5229917,4
5229925,4
5229934,4
5229942,4
5229950,4
5229959,4
5229967,4
5229975,4
5229984,4
5229992,4
5230000,4
5230009,4
5230017,4
5230025,4
5230034,4
5230042,4
5230050,4
5230067,4
5230075,4
5230084,4
5230092,4
5230101,4
5230109,4
5230117,4
5230125,4
5230134,4
5230142,4
5230150,4
5230159,4
5230167,4
5230175,4
5230184,4
5230192,4
5230200,4
5230209,4
5230217,4
5230225,4
5230234,4
5230242,4
5230250,4
5230259,4
5230267,4
5230275,4
5230284,4
5230292,4
5230300,4
5230309,4
5230317,4
5230325,4
5230334,4
5230342,4
5230350,2
5230359,5
5230367,5
5230375,5
5230384,0
5230392,0
5230400,0
5230409,0
5230417,0
5230425,0
5230434,5
5230442,5
5230450,5
5230459,5
5230467,5
5230476,5
5230484,0
5230492,0
5230501,0
5230509,0
5230517,0
5230525,0
5230534,0
5230542,0
5230550,0
5230559,0
5230567,5
5230575,5
5230584,5
5230600,5
5230609,5
5230617,5
5230625,0
5230634,0
5230642,0
5230650,0
5230659,0
5230667,0
5230675,0
5230684,0
5230692,0
5230700,0
5230709,0
5230717,0
5230725,0
5230734,5
5230742,5
5230750,0
5230759,0
5230767,0
5230775,0
5230784,0
5230792,0
5230800,0
5230809,0
5230817,0
5230825,0
5230834,0
5230842,0
5230850,0
5230859,5
5230867,5
5230875,5
5230884,5
5230892,5
5230900,5
5230909,5
5230917,5
5230925,5
5230934,5
5230942,5
5230950,5
5230959,2
5230967,4
5230975,3
5230984,3
5230992,4
5231000,4
5231009,3
5231017,3
5231025,3
5231034,3
5231042,4
5231050,4
5231059,4
5231067,4
5231075,4
5231084,4
5231092,4
5231100,4
5231109,4
5231117,4
5231125,4
5231134,4
5231142,4
5231150,4
5231159,4
5231167,4
5231175,4
5231184,4
5231192,4
5231200,4
5231209,4
5231217,4
5231225,4
5231234,4
5231242,4
5231250,4
5231259,4
5231267,4
5231275,4
5231284,4
5231292,4
5231300,4
5231309,4
5231317,4
5231325,4
5231334,4
5231342,4
5231350,4
5231359,4
5231367,4
5231375,4
5231384,4
5231392,4
5231400,4
5231409,4
5231417,4
5231425,4
5231434,4
5231442,4
5231450,4
5231459,4
5231467,4
5231475,4
5231484,4
5231492,4
5231500,4
5231509,4
5231517,4
5231525,4
5231534,4
5231542,4
5231550,4
5231558,4
5231567,4
5231575,4
5231584,4
5231592,4
5231600,4
5231609,4
5231617,4
5231625,4
5231633,4
5231642,4
5231650,4
5231659,4
5231667,4
5231675,4
5231683,4
5231692,4
5231700,4
5231708,4
5231717,4
5231725,4
5231733,4
5231742,4
5231750,4
5231758,4
5231767,4
5231775,4
5231784,4
5231792,4
5231800,4
5231808,4
5231817,4
5231825,4
5231833,4
5231842,4
5231850,4
5231858,4
5231867,4
5231875,4
5231884,4
5231892,4
5231900,4
5231908,4
5231917,4
5231925,4
5231933,4
5231942,4
5231950,4
5231958,4
5231967,4
5231975,4
5231983,4
5231992,4
5232000,4
5232008,4
5232017,4
5232025,4
5232033,4
5232042,4
5232050,4
5232058,4
5232067,4
5232075,4
5232083,4
5232092,4
5232100,4
5232108,4
5232117,4
5232125,4
5232133,4
5232142,4
5232150,4
5232159,4
5232167,4
5232175,4
5232183,4
5232192,4
5232200,4
5232209,4
5232217,4
5232225,4
5232233,4
5232242,4
5232250,3
5232258,3
5232267,2
5232275,2
5232283,1
5232292,6
5232300,6
5232308,6
5232317,1
5232325,1
5232333,6
5232342,6
5232350,6
5232358,6
5232367,1
5232375,1
5232383,6
5232392,6
5232400,6
5232417,6
5232425,6
5232433,5
5232442,5
5232458,0
5232467,4
5232475,0
5232483,0
5232492,0
5232500,0
5232508,0
5232517,0
5232525,0
5232533,0
5232542,0
5232550,0
5232559,0
5232567,0
5232575,0
5232583,0
5232592,0
5232600,0
5232608,0
5232617,0
5232625,0
5232633,0
5232642,0
5232650,0
5232658,0
5232667,0
5232675,0
5232683,0
5232692,0
5232700,0
5232708,0
5232717,0
5232725,0
5232733,0
5232742,0
5232750,0
5232758,0
5232767,0
5232775,0
5232783,0
5232792,0
5232800,0
5232808,0
5232817,0
5232825,0
5232833,0
5232842,0
5232850,0
5232858,0
5232867,0
5232875,0
5232883,0
5232892,0
5232900,4
5232917,0
5232925,0
5232933,0
5232942,0
5232950,0
5232958,0
5232967,0
5233200,0
5233217,0
5233225,0
5233233,0
5233242,0
5233250,0
5233258,0
5233267,0
5233275,0
5233283,0
5233292,0
5233300,0
5233308,0
5233317,0
5233325,0
5233333,0
5233342,0
5233350,0
5233358,0
5233367,0
5233375,0
5233383,0
5233392,0
5233400,4
5233417,0
5233425,0
5233433,5
5233442,5
5233450,5
5233459,0
5233467,0
5233475,0
5233483,0
5233492,0
5233500,0
5233517,0
5233525,0
5233533,0
5233542,0
5233550,0
5233558,0
5233575,0
5233583,0
5233592,0
5233600,0
5233608,0
5233617,0
5233625,0
5233633,0
5233642,0
5233650,0
5233658,0
5233667,0
5233675,0
5233683,0
5233692,0
5233700,0
5233708,0
5233717,0
5233725,0
5233733,5
5233742,0
5233750,0
5233758,0
5233767,0
5233775,0
5233783,0
5233792,0
5233800,0
5233808,0
5233817,0
5233825,0
5233833,0
5233842,0
5233850,0
5233858,0
5233867,0
5233875,0
5233883,0
5233892,0
5233900,0
5233908,0
5233917,0
5233925,0
5233933,0
5233942,0
5233950,0
5233958,0
5233967,0
5233975,0
5233983,0
5233992,0
5234000,0
5234008,0
5234017,0
5234025,0
5234033,0
5234042,0
5234050,0
5234058,0
5234075,0
5234084,5
5234092,5
5234100,5
5234109,5
5234117,2
5234125,5
5234133,4
5234142,4
5234150,4
5234158,4
5234167,4
5234175,4
5234183,4
5234192,4
5234200,4
5234208,4
5234217,4
5234225,4
5234233,4
5234242,4
5234250,4
5234258,4
5234267,4
5234275,4
5234283,4
5234292,4
5234300,4
5234308,4
5234317,4
5234325,4
5234333,4
5234342,4
5234350,4
5234358,4
5234367,4
5234375,4
5234383,4
5234392,4
5234400,4
5234408,4
5234417,4
5234425,4
5234433,4
5234442,4
5234450,4
5234458,4
5234467,4
5234475,4
5234483,4
5234492,4
5234500,4
5234508,4
5234517,4
5234525,4
5234533,4
5234542,4
5234550,4
5234558,4
5234567,4
5234575,4
5234583,4
5234592,4
5234600,4
5234608,4
5234617,4
5234625,4
5234633,4
5234642,4
5234650,4
5234658,4
5234667,4
5234675,4
5234683,4
5234692,4
5234700,4
5234708,4
5234717,4
5234725,4
5234733,4
5234742,4
5234750,4
5234758,4
5234767,4
5234775,4
5234783,4
5234792,4
5234800,4
5234817,4
5234825,4
5234833,4
5234842,4
5234850,4
5234858,4
5234867,4
5234875,4
5234883,4
5234892,4
5234900,4
5234917,4
5234925,4
5234933,4
5234942,4
5234950,4
5234958,4
5234967,4
5234975,4
5234984,4
5234992,4
5235000,4
5235017,4
5235025,4
5235033,4
5235042,4
5235050,4
5235058,4
5235067,4
5235075,4
5235083,4
5235092,4
5235100,4
5235117,4
5235125,4
5235133,4
5235150,4
5235158,4
5235167,4
5235175,4
5235183,4
5235192,4
5235200,4
5235208,4
5235217,4
5235225,4
5235233,4
5235242,4
5235250,4
5235258,4
5235267,4
5235275,4
5235283,4
5235300,4
5235308,4
5235317,4
5235325,4
5235333,4
5235342,4
5235350,4
5235358,4
5235367,4
5235375,4
5235383,4
5235400,4
5235417,4
5235425,4
5235433,4
5235450,4
5235458,4
5235466,4
5235475,4
5235483,4
5235500,4
5235517,4
5235525,4
5235533,4
5235550,4
5235558,4
5235566,4
5235575,4
5235583,4
5235591,4
5235600,4
5235608,4
5235616,4
5235625,4
5235633,4
5235641,3
5235650,2
5235658,5
5235666,5
5235675,5
5235683,5
5235691,5
5235700,4
5235716,5
5235725,5
5235733,0
5235741,0
5235750,0
5235758,0
5235767,0
5235775,0
5235784,0
5235791,0
5235800,0
5235808,0
5235816,0
5235825,0
5235833,0
5235841,0
5235850,0
5235858,5
5235866,5
5235875,5
5235884,0
5235892,0
5235900,0
5235908,0
5235917,0
5235925,0
5235933,5
5235941,5
5235950,5
5235958,0
5235966,0
5235975,0
5235983,0
5235991,0
5236000,4
5236017,0
5236025,0
5236033,0
5236041,0
5236050,0
5236058,0
5236175,0
5236183,2
5236191,4
5236200,4
5236217,2
5236225,2
5236233,0
5236241,0
5236250,0
5236258,5
5236266,5
5236275,5
5236284,0
5236291,0
5236300,4
5236317,0
5236325,0
5236333,0
5236341,0
5236350,0
5236358,0
5236366,0
5236375,5
5236383,3
5236391,3
5236400,4
5236408,4
5236417,4
5236425,4
5236433,4
5236441,4
5236450,4
5236458,4
5236466,4
5236475,4
5236483,4
5236491,4
5236500,4
5236508,4
5236517,4
5236525,4
5236533,4
5236542,4
5236551,4
5236558,4
5236566,4
5236575,4
5236583,4
5236591,4
5236600,4
5236608,4
5236617,4
5236625,4
5236633,4
5236641,4
5236650,4
5236658,4
5236666,4
5236675,4
5236684,4
5236700,4
5236708,4
5236717,4
5236725,4
5236733,4
5236750,4
5236758,4
5236766,4
5236775,4
5236783,4
5236792,4
5236800,4
5236817,4
5236825,4
5236833,3
5236841,3
5236850,4
5236858,4
5236866,4
5236875,4
5236883,4
5236891,4
5236900,4
5236908,4
5236917,4
5236925,4
5236933,4
5236941,4
5236950,4
5236958,4
5236966,4
5236975,4
5236983,4
5236991,4
5237000,4
5237008,4
5237017,4
5237025,4
5237033,4
5237041,4
5237050,4
5237058,4
5237066,4
5237075,4
5237083,4
5237091,4
5237100,4
5237108,4
5237117,4
5237125,4
5237133,4
5237141,4
5237150,4
5237158,4
5237166,4
5237175,4
5237183,4
5237191,4
5237200,4
5237208,4
5237216,4
5237225,4
5237233,4
5237241,4
5237250,4
5237258,4
5237266,4
5237275,4
5237283,4
5237291,4
5237300,4
5237308,4
5237316,4
5237325,4
5237333,4
5237341,4
5237350,4
5237358,4
5237366,4
5237375,4
5237383,4
5237391,4
5237400,4
5237408,4
5237416,4
5237425,4
5237433,4
5237441,4
5237450,4
5237458,4
5237466,4
5237475,4
5237483,4
5237491,4
5237500,4
5237508,4
5237516,4
5237525,4
5237533,4
5237541,4
5237550,4
5237558,4
5237566,4
5237575,4
5237583,4
5237592,4
5237600,4
5237608,4
5237616,4
5237625,4
5237633,4
5237641,4
5237650,4
5237658,4
5237666,4
5237675,4
5237683,4
5237691,4
5237700,4
5237708,4
5237716,4
5237725,4
5237733,4
5237741,4
5237750,4
5237758,4
5237766,4
5237775,4
5237783,4
5237791,4
5237800,4
5237808,4
5237816,4
5237825,4
5237833,4
5237841,4
5237850,4
5237858,4
5237866,4
5237875,4
5237883,4
5237891,4
5237900,4
5237908,4
5237916,4
5237925,3
5237933,2
5237941,5
5237950,5
5237958,5
5237966,5
5237975,5
5237983,5
5237991,5
5238000,4
5238016,5
5238025,5
5238033,5
5238041,5
5238050,5
5238058,5
5238066,5
5238075,5
5238083,0
5238091,0
5238100,0
5238108,0
5238116,0
5238125,0
5238133,5
5238141,5
5238150,5
5238158,5
5238166,5
5238175,5
5238183,5
5238191,5
5238200,5
5238208,5
5238216,5
5238225,5
5238233,0
5238241,0
5238250,0
5238258,0
5238266,4
5238275,0
5238283,0
5238291,0
5238300,4
5238308,0
5238316,0
5238325,0
5238333,0
5238341,0
5238350,0
5238358,0
5238366,0
5238375,0
5238383,0
5238391,0
5238400,4
5238416,0
5238425,0
5238433,0
5238450,0
5238458,0
5238466,0
5238475,0
5238483,0
5238500,4
5238516,0
5238700,0
5238708,0
5238716,0
5238725,0
5238733,0
5238741,0
5238750,0
5238758,0
5238766,0
5238775,0
5238783,0
5238791,0
5238800,0
5238808,0
5238816,0
5238825,0
5238833,0
5238841,0
5238850,0
5238858,0
5238866,0
5238875,0
5238883,0
5238891,0
5238900,4
5238916,0
5238925,0
5238933,0
5238941,0
5238950,0
5238958,0
5238966,0
5238975,0
5238983,0
5238991,0
5239000,4
5239016,0
5239025,0
5239033,0
5239041,0
5239050,0
5239058,0
5239066,0
5239075,0
5239083,0
5239091,0
5239100,4
5239116,0
5239125,0
5239133,0
5239141,0
5239149,0
5239158,0
5239166,0
5239175,0
5239183,0
5239200,4
5239216,0
5239224,0
5239233,0
5239241,0
5239250,0
5239258,0
5239266,0
5239275,0
5239283,0
5239299,4
5239316,0
5239324,0
5239333,0
5239349,0
5239358,0
5239366,0
5239374,0
5239383,0
5239391,0
5239399,4
5239416,0
5239424,0
5239433,0
5239441,0
5239449,0
5239458,0
5239466,0
5239475,0
5239483,0
5239491,0
5239500,0
5239508,0
5239516,0
5239525,0
5239533,0
5239541,0
5239549,0
5239558,0
5239566,0
5239574,0
5239583,0
5239591,0
5239599,4
5239616,0
5239625,0
5239633,0
5239641,0
5239650,0
5239658,0
5239666,0
5239674,0
5239683,0
5239691,0
5239699,4
5239716,0
5239724,0
5239733,0
5239741,0
5239749,0
5239758,0
5239766,0
5239774,0
5239974,0
5239983,0
5239991,0
5239999,0
5240016,0
5240024,0
5240033,0
5240041,0
5240049,0
5240058,0
5240066,0
5240074,0
5240083,0
5240091,0
5240099,4
5240116,0
5240124,0
5240133,0
5240141,0
5240149,0
5240158,0
5240166,0
5240174,0
5240183,0
5240191,0
5240199,4
5240216,0
5240224,0
5240233,0
5240241,0
5240249,0
5240258,0
5240266,0
5240274,0
5240283,0
5240291,0
5240299,0
5240308,0
5240316,0
5240324,0
5240333,0
5240341,0
5240349,0
5240358,0
5240374,0
5240383,0
5240400,4
5240416,0
5240424,0
5240433,0
5240449,0
5240458,0
5240466,0
5240474,0
5240483,0
5240491,0
5240499,0
5240516,0
5240524,0
5240533,0
5240541,0
5240549,0
5240558,0
5240566,0
5240574,0
5240583,0
5240599,0
5240799,4
5240808,1
5240816,0
5240824,0
5240833,0
5240841,0
5240849,0
5240858,0
5240866,0
5240874,0
5240883,0
5240899,0
5240908,0
5240917,0
5240924,0
5240933,0
5240941,5
5240949,5
5240958,0
5240966,0
5240974,0
5240983,0
5240991,0
5240999,0
5241016,0
5241024,0
5241033,0
5241041,0
5241049,0
5241058,0
5241066,0
5241074,0
5241083,0
5241099,0
5241116,0
5241124,0
5241133,5
5241149,5
5241158,0
5241166,0
5241174,0
5241183,0
5241199,0
5241216,0
5241224,0
5241233,5
5241241,5
5241249,5
5241258,5
5241266,5
5241274,5
5241283,0
5241291,0
5241299,0
5241308,0
5241316,0
5241324,0
5241333,5
5241341,5
5241349,5
5241358,4
5241366,4
5241374,4
5241383,4
5241391,4
5241399,4
5241408,4
5241416,4
5241424,4
5241433,4
5241441,4
5241449,4
5241458,4
5241466,4
5241474,4
5241483,4
5241491,4
5241499,4
5241508,4
5241516,4
5241524,4
5241533,4
5241541,4
5241549,4
5241558,4
5241566,4
5241574,4
5241583,4
5241591,4
5241599,4
5241608,4
5241616,4
5241624,4
5241633,4
5241641,4
5241649,4
5241658,4
5241666,4
5241674,4
5241683,4
5241691,4
5241699,4
5241708,4
5241716,4
5241724,4
5241733,4
5241741,4
5241749,4
5241758,4
5241766,4
5241774,4
5241783,4
5241791,4
5241799,4
5241808,4
5241816,4
5241824,4
5241833,4
5241841,4
5241849,4
5241858,4
5241866,4
5241874,4
5241883,4
5241891,4
5241899,4
5241908,4
5241916,4
5241924,4
5241933,4
5241941,4
5241949,4
5241958,4
5241966,4
5241974,4
5241983,4
5241991,4
5241999,4
5242008,4
5242016,4
5242024,4
5242033,4
5242041,4
5242049,4
5242058,4
5242066,4
5242074,4
5242083,4
5242091,4
5242099,4
5242108,4
5242116,4
5242124,4
5242133,4
5242141,4
5242149,4
5242158,4
5242166,4
5242174,4
5242183,4
5242199,4
5242208,4
5242216,4
5242224,4
5242233,4
5242241,4
5242249,4
5242258,4
5242266,4
5242274,4
5242283,4
5242291,4
5242299,4
5242308,4
5242316,4
5242325,4
5242333,4
5242341,4
5242349,4
5242358,4
5242366,4
5242374,4
5242383,4
5242391,4
5242399,4
5242408,4
5242416,3
5242424,3
5242433,3
5242441,3
5242449,3
5242458,3
5242466,4
5242474,4
5242483,4
5242491,4
5242499,4
5242508,4
5242516,4
5242524,4
5242533,4
5242541,4
5242549,4
5242558,4
5242566,4
5242574,4
5242583,4
5242591,4
5242599,4
5242608,4
5242616,4
5242624,4
5242633,4
5242641,4
5242649,4
5242658,4
5242666,4
5242674,4
5242683,4
5242691,4
5242699,4
5242708,4
5242716,4
5242725,4
5242733,4
5242741,4
5242749,4
5242758,4
5242766,4
5242774,4
5242783,4
5242791,4
5242799,4
5242808,4
5242816,4
5242824,4
5242833,4
5242841,3
5242849,3
5242858,3
5242866,3
5242874,3
5242883,3
5242891,3
5242899,3
5242908,3
5242916,3
5242924,3
5242933,3
5242941,3
5242949,4
5242958,4
5242966,4
5242975,4
5242982,3
5242991,3
5242999,3
5243008,3
5243016,3
5243024,3
5243033,4
5243041,4
5243049,4
5243057,4
5243066,4
5243074,4
5243083,4
5243091,4
5243099,4
5243107,4
5243116,4
5243124,4
5243132,4
5243141,4
5243149,4
5243157,4
5243166,4
5243174,4
5243183,4
5243191,4
5243199,4
5243207,4
5243216,4
5243224,4
5243232,4
5243241,4
5243249,4
5243258,4
5243274,4
5243282,4
5243291,4
5243299,4
5243307,4
5243316,4
5243324,4
5243332,4
5243341,4
5243349,4
5243358,4
5243366,4
5243374,4
5243383,4
5243391,4
5243399,4
5243407,4
5243416,4
5243424,4
5243432,4
5243441,4
5243449,4
5243457,4
5243466,4
5243474,4
5243483,4
5243491,4
5243499,4
5243508,4
5243516,4
5243524,4
5243541,4
5243549,4
5243557,4
5243566,4
5243574,4
5243582,4
5243591,4
5243599,4
5243607,4
5243616,4
5243624,4
5243641,4
5243649,4
5243666,4
5243674,4
5243682,4
5243691,4
5243699,4
5243707,4
5243716,4
5243724,4
5243741,4
5243749,4
5243758,4
5243766,4
5243774,4
5243782,4
5243791,4
5243799,4
5243807,4
5243816,4
5243824,4
5243832,4
5243841,4
5243849,4
5243857,4
5243866,4
5243874,4
5243882,4
5243891,4
5243899,4
5243908,4
5243916,4
5243924,4
5243932,4
5243941,4
5243949,4
5243957,4
5243966,4
5243974,4
5243982,4
5243991,4
5243999,4
5244007,4
5244016,4
5244024,4
5244032,4
5244041,4
5244049,4
5244057,4
5244066,4
5244074,4
5244082,4
5244091,4
5244099,4
5244107,4
5244116,4
5244124,4
5244132,4
5244141,4
5244149,4
5244157,4
5244166,4
5244174,4
5244341,5
5244357,4
5244366,4
5244374,2
5244382,3
5244391,3
5244399,3
5244407,3
5244416,3
5244424,3
5244432,3
5244441,3
5244449,3
5244457,3
5244466,3
5244474,3
5244482,3
5244491,3
5244499,3
5244507,3
5244516,3
5244524,3
5244532,3
5244541,3
5244549,3
5244557,3
5244566,3
5244574,4
5244582,4
5244591,4
5244599,4
5244607,4
5244616,4
5244624,4
5244632,4
5244641,4
5244649,4
5244657,4
5244666,4
5244674,3
5244682,3
5244691,3
5244699,3
5244707,3
5244716,3
5244724,3
5244732,3
5244741,3
5244749,3
5244757,3
5244766,3
5244774,3
5244782,3
5244791,3
5244799,3
5244807,3
5244816,3
5244824,3
5244832,3
5244841,3
5244849,2
5244857,2
5244866,2
5244874,2
5244882,2
5244891,2
5244899,2
5244907,2
5244916,2
5244924,2
5244932,2
5244941,2
5244949,2
5244957,2
5244966,3
5244974,3
5244982,3
5244991,2
5244999,2
5245007,2
5245016,2
5245024,2
5245032,2
5245041,2
5245049,2
5245057,2
5245066,5
5245074,5
5245083,5
5245091,5
5245099,5
5245107,5
5245116,5
5245124,5
5245132,5
5245141,5
5245149,5
5245157,5
5245166,5
5245174,5
5245182,5
5245191,5
5245199,5
5245207,5
5245216,5
5245224,5
5245232,5
5245241,5
5245249,5
5245257,5
5245266,5
5245274,5
5245282,5
5245291,5
5245299,5
5245307,5
5245316,5
5245324,5
5245332,5
5245341,5
5245349,5
5245357,5
5245366,5
5245374,5
5245382,5
5245391,5
5245399,5
5245416,5
5245424,5
5245441,5
5245449,5
5245457,5
5245466,5
5245474,5
5245482,5
5245491,5
5245499,5
5245507,5
5245516,5
5245524,5
5245532,5
5245541,5
5245549,5
5245574,5
5245582,5
5245591,5
5245599,5
5245607,5
5245616,5
5245624,5
5245632,5
5245641,5
5245649,5
5245657,5
5245674,5
5245682,5
5245691,5
5245699,5
5245707,5
5245716,5
5245724,5
5245732,5
5245741,5
5245749,5
5245757,5
5245766,5
5245774,5
5245782,5
5245791,5
5245799,5
5245807,5
5245816,5
5245824,5
5245832,1
5245841,1
5245849,1
5245857,1
5245866,1
5245874,1
5245882,5
5245891,5
5245899,5
5245907,1
5245916,1
5245924,1
5245932,1
5245941,1
5245949,1
5245957,1
5245966,1
5245974,1
5245983,1
5245991,1
5245999,1
5246007,1
5246016,1
5246024,1
5246032,1
5246041,1
5246049,1
5246057,1
5246066,1
5246074,1
5246082,1
5246091,1
5246099,1
5246107,1
5246116,1
5246124,1
5246132,1
5246141,1
5246149,1
5246157,5
5246166,5
5246174,5
5246182,6
5246191,6
5246199,6
5246207,6
5246216,1
5246224,1
5246232,1
5246241,1
5246249,1
5246257,1
5246266,6
5246274,6
5246282,6
5246291,6
5246299,6
5246307,6
5246466,4
5246491,4
5246499,4
5246507,4
5246516,4
5246524,2
5246532,3
5246541,3
5246549,3
5246557,3
5246566,3
5246574,3
5246582,3
5246591,3
5246599,3
5246607,3
5246616,3
5246624,3
5246632,3
5246641,3
5246649,3
5246657,3
5246666,3
5246674,3
5246682,3
5246691,4
5246699,4
5246707,4
5246716,4
5246724,4
5246733,4
5246741,4
5246749,4
5246757,4
5246766,4
5246774,4
5246782,4
5246791,4
5246799,4
5246807,4
5246815,4
5246824,4
5246832,4
5246840,4
5246849,4
5246857,4
5246866,4
5246874,4
5246882,4
5246891,4
5246899,4
5246907,4
5246915,4
5246924,4
5246932,4
5246940,4
5246949,4
5246957,4
5246965,4
5246974,4
5246982,4
5246991,4
5246999,4
5247007,4
5247016,4
5247024,4
5247032,4
5247040,4
5247049,4
5247057,4
5247066,4
5247074,4
5247082,4
5247090,4
5247099,4
5247107,4
5247115,4
5247124,4
5247132,4
5247140,4
5247149,4
5247157,4
5247166,4
5247174,4
5247182,4
5247190,4
5247199,4
5247207,4
5247215,4
5247224,4
5247232,4
5247240,4
5247249,4
5247257,4
5247266,4
5247274,4
5247282,4
5247290,4
5247299,4
5247307,4
5247315,4
5247324,4
5247332,4
5247340,4
5247349,4
5247357,4
5247365,4
5247374,4
5247382,4
5247390,4
5247399,4
5247407,4
5247415,4
5247424,4
5247432,4
5247440,4
5247449,4
5247457,4
5247465,4
5247474,4
5247482,4
5247490,4
5247499,4
5247507,4
5247515,4
5247524,4
5247532,4
5247540,4
5247549,4
5247557,4
5247565,4
5247574,4
5247582,4
5247590,4
5247599,4
5247607,4
5247615,4
5247624,4
5247632,4
5247640,4
5247649,4
5247682,4
5247690,4
5247699,4
5247707,4
5247715,4
5247724,4
5247732,4
5247740,3
5247749,3
5247757,3
5247765,3
5247774,3
5247782,3
5247790,4
5247799,4
5247807,4
5247815,4
5247824,4
5247832,3
5247840,3
5247849,3
5247857,3
5247865,3
5247874,4
5247882,4
5247890,4
5247899,4
5247907,4
5247915,4
5247924,4
5247932,4
5247940,4
5247949,4
5247957,4
5247965,4
5247974,4
5247982,4
5247990,4
5247999,4
5248007,4
5248015,4
5248024,4
5248032,4
5248040,4
5248049,4
5248057,4
5248065,4
5248074,4
5248082,4
5248090,4
5248099,4
5248107,4
5248115,4
5248124,4
5248132,4
5248140,4
5248149,4
5248157,4
5248166,4
5248174,4
5248182,4
5248190,4
5248199,4
5248207,4
5248215,4
5248224,4
5248232,4
5248240,4
5248249,4
5248257,4
5248265,4
5248274,4
5248282,4
5248290,4
5248299,4
5248307,4
5248315,4
5248324,4
5248332,4
5248340,4
5248349,4
5248357,4
5248365,4
5248374,4
5248382,4
5248390,4
5248399,4
5248407,4
5248415,4
5248424,4
5248432,4
5248440,4
5248449,4
5248457,4
5248465,4
5248474,4
5248482,4
5248490,4
5248499,4
5248507,4
5248515,4
5248524,4
5248532,4
5248540,4
5248549,4
5248557,4
5248574,4
5248582,4
5248590,4
5248599,4
5248607,4
5248615,4
5248624,4
5248632,4
5248640,4
5248649,4
5248657,4
5248665,4
5248674,4
5248682,4
5248690,4
5248699,4
5248707,4
5248715,4
5248724,4
5248732,4
5248740,4
5248749,4
5248757,4
5248765,4
5248774,4
5248782,4
5248790,4
5248799,4
5248807,4
5248815,4
5248824,4
5248832,4
5248840,4
5248849,4
5248857,4
5248865,4
5248874,4
5248882,4
5248890,4
5248899,4
5248907,4
5248915,4
5248924,4
5248932,4
5248940,4
5248949,4
5248957,4
5248965,4
5248974,4
5248982,4
5248990,4
5248999,4
5249007,4
5249015,4
5249024,4
5249032,4
5249040,4
5249049,4
5249057,4
5249065,4
5249074,4
5249082,4
5249090,4
5249099,4
5249107,4
5249115,4
5249124,4
5249132,4
5249140,4
5249149,4
5249157,4
5249165,4
5249174,4
5249182,4
5249190,4
5249199,4
5249207,4
5249215,4
5249224,4
5249232,4
5249249,4
5249257,4
5249265,4
5249274,4
5249282,4
5249290,4
5249299,4
5249307,4
5249315,4
5249324,4
5249332,4
5249340,4
5249349,4
5249357,4
5249374,4
5249382,4
5249390,4
5249399,4
5249407,4
5249415,4
5249424,4
5249432,4
5249440,4
5249449,4
5249457,4
5249465,4
5249474,4
5249482,4
5249490,4
5249499,4
5249507,4
5249515,4
5249524,4
5249532,4
5249540,4
5249549,4
5249557,4
5249574,4
5249582,4
5249599,4
5249607,4
5249615,4
5249624,4
5249632,4
5249640,4
5249649,4
5249657,4
5249665,4
5249674,4
5249682,4
5249690,4
5249699,4
5249707,4
5249715,4
5249724,4
5249732,4
5249740,4
5249749,4
5249757,4
5249765,4
5249774,4
5249782,4
5249790,4
5249799,4
5249807,4
5249815,4
5249824,4
5249832,4
5249840,4
5249849,4
5249857,4
5249865,4
5249874,4
5249882,4
5249890,4
5249899,4
5249907,4
5249915,4
5249924,4
5249932,4
5249940,4
5249949,4
5249957,4
5249965,4
5249974,4
5249982,4
5249990,4
5249999,4
5250007,3
5250015,3
5250024,3
5250032,3
5250040,3
5250049,3
5250057,3
5250074,3
5250082,3
5250090,3
5250099,3
5250107,3
5250124,3
5250132,3
5250140,3
5250149,3
5250157,3
5250165,3
5250174,3
5250182,3
5250190,3
5250199,3
5250207,3
5250215,3
5250224,3
5250232,3
5250240,3
5250249,3
5250274,3
5250282,3
5250290,3
5250299,3
5250307,3
5250315,3
5250324,3
5250332,3
5250340,3
5250349,3
5250357,3
5250374,4
5250382,4
5250390,3
5250399,3
5250407,3
5250415,3
5250424,3
5250432,3
5250440,3
5250449,3
5250457,3
5250465,3
5250474,3
5250482,3
5250490,3
5250498,3
5250507,3
5250515,3
5250524,3
5250532,3
5250540,3
5250549,3
5250557,2
5250565,2
5250574,2
5250582,3
5250590,3
5250598,3
5250607,3
5250615,3
5250623,3
5250632,3
5250640,3
5250649,2
5250657,2
5250665,2
5250674,2
5250682,2
5250690,2
5250707,2
5250715,2
5250723,2
5250732,2
5250740,4
5250748,4
5250757,4
5250765,4
5250774,4
5250782,4
5250807,4
5250815,4
5250823,4
5250832,3
5250840,3
5250848,3
5250857,3
5250865,3
5250873,3
5250882,3
5250890,3
5250898,3
5250907,3
5250915,3
5250924,3
5250932,3
5250940,3
5250948,3
5250957,3
5250965,3
5250973,3
5250982,3
5250990,3
5250998,2
5251007,2
5251015,2
5251040,2
5251049,2
5251057,2
5251065,2
5251073,5
5251082,2
5251090,2
5251098,2
5251107,2
5251123,2
5251132,2
5251140,2
5251148,2
5251157,2
5251165,2
5251174,2
5251182,2
5251190,2
5251198,5
5251207,5
5251215,5
5251223,5
5251232,5
5251240,5
5251248,5
5251257,5
5251265,5
5251273,4
5251290,5
5251298,5
5251307,0
5251315,0
5251323,0
5251332,0
5251340,0
5251348,0
5251357,0
5251365,0
5251373,0
5251382,0
5251390,0
5251407,0
5251416,0
5251423,0
5251432,0
5251440,0
5251448,0
5251457,0
5251473,0
5251482,0
5251490,0
5251498,0
5251507,0
5251515,0
5251523,0
5251532,0
