5058107,1
5058115,6
5058124,6
5058132,1
5058140,6
5058149,6
5058157,5
5058165,5
5058174,5
5058182,5
5058190,5
5058199,5
5058207,5
5058215,5
5058224,5
5058232,5
5058240,5
5058249,5
5058257,5
5058265,5
5058274,5
5058282,5
5058290,5
5058299,5
5058307,5
5058315,5
5058324,5
5058332,5
5058340,5
5058349,5
5058357,5
5058365,5
5058374,5
5058382,5
5058390,5
5058399,6
5058407,6
5058415,6
5058424,6
5058432,6
5058440,6
5058466,5
5058474,5
5058482,5
5058490,5
5058499,5
5058507,5
5058515,5
5058524,5
5058532,5
5058540,5
5058549,5
5058557,5
5058565,5
5058574,5
5058582,5
5058590,5
5058599,5
5058607,5
5058615,5
5058624,5
5058632,5
5058640,5
5058649,5
5058657,5
5058665,0
5058674,0
5058682,0
5058690,0
5058699,0
5058707,0
5058715,0
5058724,0
5058732,0
5058740,0
5058749,0
5058757,0
5058765,0
5058774,0
5058782,0
5058790,0
5058799,0
5058807,0
5058815,0
5058824,0
5058832,0
5058840,0
5058849,0
5058857,0
5058865,0
5058874,0
5058882,0
5058890,0
5058899,0
5058907,0
5058915,0
5058924,0
5058932,0
5058940,0
5058949,0
5058957,0
5058965,0
5058974,0
5058982,0
5058990,0
5058999,0
5059007,0
5059015,0
5059024,0
5059032,0
5059040,0
5059049,0
5059057,0
5059065,0
5059074,0
5059082,0
5059090,0
5059099,0
5059107,0
5059115,0
5059124,0
5059132,0
5059140,0
5059149,0
5059157,0
5059165,5
5059174,5
5059182,5
5059190,5
5059199,5
5059207,5
5059215,5
5059224,5
5059232,5
5059240,5
5059249,5
5059257,5
5059265,5
5059274,5
5059282,5
5059290,5
5059299,5
5059307,5
5059315,5
5059324,5
5059332,5
5059340,5
5059349,5
5059357,5
5059365,5
5059374,5
5059382,5
5059390,5
5059399,5
5059424,5
5059432,5
5059440,5
5059449,5
5059457,5
5059465,5
5059474,5
5059482,5
5059490,5
5059499,5
5059507,5
5059515,5
5059524,5
5059532,0
5059540,5
5059549,5
5059557,5
5059565,5
5059582,5
5059590,5
5059599,5
5059607,5
5059615,5
5059632,5
5059640,5
5059649,5
5059657,5
5059665,4
5059682,5
5059690,5
5059699,5
5059707,5
5059715,5
5059724,5
5059732,5
5059740,5
5059749,0
5059757,0
5059765,0
5059773,0
5059782,0
5059790,5
5059798,5
5059807,5
5059815,5
5059832,5
5059840,5
5059857,5
5059865,5
5059882,5
5059890,5
5059899,5
5059907,5
5059915,5
5059932,5
5059940,5
5059957,5
5059965,5
5059974,5
5059982,5
5059990,5
5059999,5
5060007,5
5060015,5
5060024,2
5060032,5
5060040,5
5060048,5
5060057,5
5060065,5
5060073,5
5060082,5
5060090,5
5060098,2
5060107,5
5060115,5
5060124,5
5060132,5
5060140,5
5060149,5
5060157,2
5060165,2
5060173,2
5060182,2
5060190,2
5060198,2
5060207,2
5060215,2
5060223,2
5060232,5
5060240,5
5060249,5
5060257,2
5060265,2
5060273,2
5060282,2
5060290,2
5060298,2
5060307,2
5060315,2
5060323,2
5060332,5
5060340,5
5060348,5
5060357,5
5060365,5
5060374,5
5060382,5
5060390,2
5060398,2
5060407,5
5060415,5
5060423,2
5060432,5
5060440,5
5060448,5
5060457,5
5060465,2
5060473,5
5060482,5
5060490,2
5060498,5
5060507,5
5060515,2
5060524,5
5060532,2
5060540,2
5060548,2
5060557,4
5060565,4
5060573,2
5060582,2
5060590,2
5060598,4
5060607,3
5060615,3
5060623,4
5060632,5
5060640,2
5060649,2
5060657,2
5060665,2
5060674,2
5060682,2
5060690,4
5060698,4
5060707,3
5060715,3
5060723,3
5060732,2
5060740,3
5060748,3
5060757,4
5060765,4
5060773,3
5060782,3
5060790,4
5060799,3
5060807,3
5060815,3
5060823,4
5060832,4
5060840,4
5060848,4
5060857,4
5060865,4
5060873,4
5060882,3
5060890,4
5060898,2
5060907,2
5060915,2
5060923,4
5060932,5
5060940,4
5060949,4
5061157,0
5061173,4
5061198,4
5061215,0
5061223,4
5061232,4
5061240,4
5061248,4
5061257,4
5061265,4
5061273,3
5061282,3
5061290,3
5061298,3
5061307,3
5061315,3
5061323,3
5061332,3
5061341,2
5061348,2
5061357,3
5061365,3
5061373,3
5061382,3
5061390,3
5061398,3
5061407,2
5061415,2
5061423,2
5061432,2
5061440,5
5061465,5
5061473,5
5061482,5
5061490,5
5061498,5
5061507,5
5061515,5
5061523,5
5061532,5
5061540,5
5061548,5
5061557,5
5061565,4
5061582,0
5061590,0
5061599,0
5061607,0
5061615,0
5061623,0
5061632,0
5061640,5
5061648,5
5061657,5
5061665,5
5061673,5
5061682,5
5061690,5
5061698,5
5061707,5
5061715,5
5061732,0
5061740,0
5061749,0
5061757,5
5061773,5
5061782,5
5061790,5
5061798,5
5061807,5
5061815,5
5061823,5
5061832,5
5061840,5
5061848,5
5061857,5
5061865,5
5061873,5
5061882,5
5061890,5
5061898,5
5061907,5
5061915,5
5061923,5
5061932,4
5061940,4
5061948,5
5061973,2
5062215,0
5062248,2
5062257,4
5062265,2
5062273,2
5062282,2
5062290,5
5062298,5
5062307,5
5062315,5
5062324,5
5062332,5
5062340,5
5062348,5
5062357,5
5062365,5
5062373,5
5062382,5
5062390,5
5062398,5
5062407,5
5062415,5
5062423,5
5062432,5
5062440,5
5062448,5
5062457,5
5062465,5
5062473,5
5062482,5
5062490,5
5062498,5
5062507,5
5062515,5
5062523,5
5062532,5
5062540,5
5062548,5
5062557,5
5062565,5
5062573,5
5062582,5
5062590,5
5062598,5
5062607,5
5062615,5
5062623,5
5062632,5
5062640,5
5062648,5
5062657,0
5062665,5
5062673,5
5062682,5
5062690,5
5062698,5
5062707,5
5062715,5
5062723,5
5062732,5
5062740,5
5062748,5
5062757,0
5062765,5
5062773,5
5062782,5
5062790,5
5062798,5
5062807,5
5062815,0
5062823,0
5062832,0
5062840,0
5062848,0
5062857,0
5062865,0
5062873,0
5062882,0
5062890,0
5062898,0
5062907,0
5062915,0
5062923,0
5062932,0
5062940,0
5062948,0
5062957,5
5062965,5
5062973,0
5062982,0
5062990,0
5062998,0
5063007,0
5063015,5
5063023,5
5063032,5
5063040,5
5063048,5
5063057,5
5063065,5
5063073,5
5063082,5
5063090,5
5063098,5
5063107,5
5063115,5
5063123,5
5063132,5
5063140,5
5063149,5
5063157,5
5063165,5
5063173,5
5063182,5
5063190,5
5063198,5
5063207,5
5063215,5
5063223,5
5063232,5
5063240,5
5063248,5
5063257,5
5063265,5
5063273,5
5063282,5
5063290,5
5063298,5
5063307,5
5063315,5
5063323,5
5063332,0
5063340,0
5063348,0
5063357,0
5063365,0
5063373,0
5063382,5
5063390,5
5063398,5
5063407,5
5063415,5
5063423,5
5063432,5
5063440,5
5063448,5
5063457,5
5063465,5
5063473,5
5063482,5
5063490,5
5063498,5
5063507,5
5063515,5
5063523,5
5063532,5
5063540,5
5063549,5
5063557,5
5063565,5
5063573,5
5063582,5
5063590,5
5063598,5
5063607,5
5063615,5
5063623,5
5063632,5
5063640,5
5063648,5
5063657,5
5063665,4
5063673,4
5063682,5
5063690,5
5063698,5
5063707,5
5063715,0
5063723,0
5063731,5
5063740,5
5063748,5
5063757,5
5063765,2
5063773,4
5063782,0
5063790,0
5063798,0
5063807,0
5063815,0
5063823,0
5063832,0
5063840,0
5063848,5
5063856,5
5063865,5
5063873,5
5063882,5
5063890,5
5063898,5
5063906,5
5063915,5
5063923,5
5063931,5
5063940,5
5063949,5
5063956,5
5063965,5
5063973,5
5063982,5
5063990,5
5063998,5
5064006,5
5064015,5
5064023,5
5064031,5
5064040,5
5064048,5
5064057,5
5064065,5
5064082,5
5064090,2
5064098,2
5064106,2
5064123,4
5064131,4
5064140,4
5064148,3
5064156,3
5064165,3
5064173,3
5064182,3
5064190,3
5064198,3
5064207,2
5064216,2
5064223,2
5064231,2
5064240,2
5064248,3
5064256,3
5064265,3
5064273,5
5064282,5
5064290,5
5064298,5
5064306,5
5064315,5
5064323,5
5064331,5
5064340,5
5064349,5
5064356,5
5064365,5
5064373,5
5064382,5
5064390,5
5064398,2
5064406,5
5064415,5
5064423,5
5064431,5
5064440,5
5064448,5
5064456,5
5064465,5
5064473,5
5064482,5
5064490,5
5064498,2
5064507,5
5064515,5
5064523,5
5064531,5
5064540,5
5064548,5
5064556,5
5064565,5
5064573,5
5064582,5
5064590,2
5064598,2
5064606,2
5064616,2
5064623,2
5064632,5
5064640,2
5064648,2
5064656,5
5064673,5
5064831,0
5064840,0
5064856,0
5064873,0
5064881,0
5064890,0
5064898,0
5064906,0
5064915,0
5064923,0
5064931,0
5064940,0
5064948,0
5064956,0
5064965,0
5064973,0
5064981,0
5064990,0
5064998,0
5065006,0
5065015,0
5065023,0
5065032,0
5065040,0
5065048,0
5065056,0
5065065,2
5065073,4
5065081,0
5065090,0
5065098,0
5065106,0
5065115,0
5065123,0
5065131,0
5065140,0
5065148,0
5065157,0
5065165,0
5065173,0
5065181,0
5065190,0
5065198,0
5065206,0
5065215,0
5065223,0
5065231,0
5065240,0
5065248,0
5065256,0
5065265,0
5065273,0
5065281,0
5065290,0
5065298,0
5065306,0
5065315,0
5065323,0
5065331,0
5065340,0
5065348,0
5065356,0
5065365,0
5065373,0
5065381,0
5065390,0
5065398,0
5065406,0
5065415,0
5065423,0
5065431,0
5065440,0
5065448,0
5065456,0
5065465,0
5065473,5
5065481,5
5065490,5
5065498,5
5065506,5
5065515,5
5065523,2
5065531,2
5065540,2
5065548,2
5065556,2
5065565,5
5065573,5
5065581,5
5065590,5
5065598,5
5065606,5
5065615,5
5065623,5
5065631,5
5065640,5
5065648,5
5065656,5
5065665,5
5065673,5
5065681,5
5065690,2
5065698,5
5065706,5
5065715,5
5065723,5
5065731,5
5065740,5
5065748,5
5065756,5
5065765,5
5065773,5
5065781,5
5065790,2
5065798,2
5065806,5
5065815,5
5065823,5
5065831,5
5065840,5
5065848,5
5065856,5
5065865,5
5065873,5
5065881,5
5065890,5
5065898,5
5065906,5
5065915,5
5065923,5
5065931,5
5065940,5
5065948,5
5065957,5
5065965,2
5065973,5
5065981,5
5065990,2
5065998,2
5066006,5
5066015,5
5066023,5
5066031,5
5066040,5
5066048,5
5066056,5
5066065,5
5066073,5
5066081,5
5066090,2
5066098,5
5066106,5
5066115,5
5066123,2
5066131,2
5066140,5
5066148,5
5066156,5
5066165,5
5066173,5
5066181,5
5066190,5
5066198,5
5066206,5
5066215,5
5066223,2
5066231,5
5066240,5
5066248,5
5066256,5
5066265,5
5066273,5
5066281,5
5066290,2
5066298,2
5066306,2
5066315,2
5066323,2
5066331,5
5066340,5
5066348,2
5066357,5
5066365,2
5066373,2
5066381,2
5066390,5
5066398,5
5066406,5
5066415,5
5066423,5
5066431,5
5066440,2
5066448,2
5066456,3
5066465,3
5066473,3
5066481,2
5066490,2
5066498,5
5066506,5
5066515,5
5066523,2
5066531,2
5066540,2
5066548,2
5066556,2
5066565,2
5066573,2
5066581,2
5066590,2
5066598,2
5066606,5
5066615,5
5066623,2
5066631,5
5066640,5
5066648,5
5066656,5
5066665,2
5066673,2
5066681,2
5066690,5
5066698,5
5066706,2
5066715,2
5066723,2
5066731,2
5066740,2
5066748,2
5066757,5
5066765,5
5066773,5
5066781,2
5066790,2
5066798,2
5066806,2
5066815,2
5066823,3
5066831,3
5066840,3
5066848,3
5066856,3
5066865,2
5066873,2
5066881,2
5066890,2
5066898,2
5066906,2
5066915,2
5066923,4
5066931,4
5066940,2
5066948,2
5066956,3
5066965,3
5066973,3
5066981,2
5066990,2
5066998,4
5067006,2
5067015,2
5067023,4
5067031,4
5067040,3
5067048,3
5067056,4
5067148,4
5067173,4
5067248,4
5067256,4
5067273,4
5067281,2
5067298,4
5067306,4
5067315,5
5067323,4
5067331,4
5067340,5
5067348,2
5067356,2
5067365,3
5067373,3
5067381,3
5067390,4
5067398,4
5067406,3
5067415,3
5067423,4
5067431,4
5067440,3
5067448,3
5067456,3
5067465,4
5067473,4
5067481,3
5067490,4
5067498,2
5067506,2
5067515,2
5067523,4
5067531,4
5067540,2
5067548,2
5067557,3
5067565,3
5067573,2
5067581,2
5067590,3
5067598,3
5067606,2
5067615,2
5067623,3
5067631,2
5067640,2
5067648,3
5067656,3
5067664,3
5067673,3
5067681,2
5067690,2
5067698,3
5067706,2
5067714,2
5067723,2
5067731,5
5067740,2
5067748,2
5067756,2
5067764,5
5067773,5
5067781,2
5067789,2
5067798,2
5067806,2
5067815,2
5067823,3
5067831,3
5067840,3
5067848,3
5067856,3
5067864,3
5067873,3
5067881,2
5067890,2
5067898,2
5067906,2
5067923,4
5068148,4
5068164,4
5068173,4
5068181,4
5068189,4
5068198,4
5068206,4
5068214,4
5068223,4
5068231,4
5068239,4
5068248,4
5068256,4
5068264,4
5068273,4
5068281,2
5068289,4
5068298,4
5068306,3
5068314,3
5068323,3
5068331,4
5068340,4
5068348,4
5068356,4
5068365,4
5068373,4
5068381,3
5068389,4
5068398,3
5068406,3
5068414,3
5068423,4
5068431,4
5068439,3
5068448,3
5068456,3
5068464,2
5068473,2
5068481,3
5068489,3
5068498,3
5068506,3
5068514,2
5068523,2
5068531,2
5068539,2
5068548,2
5068556,2
5068564,2
5068573,2
5068581,2
5068589,1
5068598,2
5068606,2
5068614,2
5068623,2
5068631,2
5068639,2
5068648,2
5068656,2
5068664,4
5068673,4
5068681,2
5068689,2
5068698,2
5068706,2
5068714,2
5068723,2
5068731,2
5068739,2
5068748,2
5068756,2
5068764,2
5068773,2
5068781,2
5068789,2
5068798,2
5068806,2
5068814,2
5068823,2
5068831,2
5068839,2
5068848,2
5068856,2
5068864,2
5068873,2
5068881,2
5068889,2
5068898,2
5068906,2
5068914,2
5068923,2
5068931,5
5068939,2
5068948,3
5068956,2
5068964,2
5068973,2
5068981,2
5068989,2
5068998,2
5069006,2
5069015,2
5069023,2
5069031,2
5069039,2
5069048,2
5069056,5
5069064,2
5069073,2
5069081,2
5069089,2
5069098,2
5069106,2
5069114,2
5069123,2
5069131,2
5069139,2
5069148,2
5069156,5
5069164,2
5069173,2
5069181,2
5069189,2
5069198,2
5069206,2
5069214,2
5069223,2
5069231,2
5069239,2
5069248,2
5069256,2
5069264,2
5069273,2
5069281,2
5069289,2
5069298,2
5069306,2
5069314,2
5069323,2
5069331,2
5069339,2
5069348,2
5069356,2
5069364,2
5069373,2
5069381,2
5069389,2
5069398,2
5069406,2
5069414,2
5069431,2
5069439,2
5069448,2
5069456,2
5069464,2
5069481,2
5069489,2
5069498,5
5069506,2
5069514,2
5069531,5
5069539,5
5069556,5
5069564,5
5069581,5
5069589,2
5069606,5
5069614,5
5069631,5
5069639,5
5069656,5
5069664,5
5069681,5
5069689,5
5069706,5
5069714,5
5069723,2
5069731,5
5069739,5
5069748,5
5069756,5
5069764,5
5069773,5
5069781,2
5069789,2
5069798,5
5069806,5
5069814,2
5069823,2
5069831,2
5069840,2
5069856,5
5069864,5
5069873,2
5069881,5
5069889,5
5069898,2
5069906,2
5069914,2
5069931,2
5069939,2
5069956,5
5069965,5
5069973,2
5069981,5
5069989,2
5069998,2
5070006,2
5070014,2
5070023,2
5070031,2
5070039,2
5070056,2
5070064,2
5070073,2
5070081,2
5070089,2
5070098,2
5070106,2
5070114,2
5070123,2
5070131,5
5070139,5
5070156,2
5070164,5
5070173,2
5070181,2
5070189,2
5070198,2
5070206,2
5070214,2
5070239,2
5070256,4
5070273,4
5070281,4
5070298,4
5070306,4
5070314,4
5070323,4
5070331,4
5070339,4
5070348,4
5070356,4
5070364,3
5070373,3
5070381,4
5070389,4
5070398,4
5070406,4
5070414,4
5070423,4
5070431,4
5070439,4
5070448,4
5070456,4
5070464,4
5070473,4
5070481,3
5070489,4
5070498,4
5070506,3
5070514,3
5070523,4
5070531,5
5070539,2
5070548,2
5070556,2
5070564,4
5070573,3
5070581,3
5070589,3
5070598,4
5070606,2
5070614,3
5070623,3
5070631,3
5070639,2
5070648,2
5070656,3
5070664,3
5070673,3
5070681,3
5070689,3
5070698,3
5070706,3
5070714,3
5070723,4
5070731,5
5070739,2
5070748,2
5070756,2
5070764,4
5070773,2
5070781,2
5070789,2
5070798,4
5070806,3
5070814,3
5070823,4
5070831,5
5070839,2
5070848,3
5070856,3
5070864,4
5070873,3
5070881,3
5070889,2
5070898,4
5070906,2
5070914,2
5070923,4
5070931,4
5070939,3
5070948,3
5070956,3
5070964,3
5070973,2
5070981,2
5070989,4
5070998,4
5071006,2
5071014,2
5071023,4
5071031,3
5071039,3
5071048,3
5071056,3
5071064,4
5071073,3
5071081,3
5071089,3
5071098,4
5071106,3
5071114,2
5071123,2
5071131,2
5071139,3
5071148,3
5071156,3
5071165,2
5071173,2
5071181,3
5071189,3
5071198,4
5071206,3
5071214,3
5071223,4
5071231,3
5071239,3
5071248,3
5071256,2
5071264,4
5071273,3
5071281,3
5071289,4
5071298,4
5071464,4
5071489,4
5071498,4
5071506,4
5071523,4
5071547,4
5071556,2
5071573,4
5071581,4
5071606,4
5071614,4
5071622,4
5071639,4
5071648,4
5071656,4
5071664,4
5071672,4
5071681,4
5071689,3
5071698,3
5071706,3
5071714,3
5071723,3
5071731,3
5071739,3
5071747,4
5071756,2
5071764,2
5071772,4
5071781,4
5071789,2
5071806,2
5071814,2
5071831,2
5071839,2
5071856,2
5071864,2
5071881,2
5071889,5
5071906,5
5071914,2
5071922,2
5071931,2
5071939,2
5071947,2
5071956,2
5071964,5
5071973,5
5071981,2
5071989,2
5071997,2
5072006,2
5072014,2
5072022,2
5072031,2
5072039,2
5072047,2
5072056,2
5072064,5
5072072,5
5072081,2
5072089,2
5072106,2
5072114,2
5072123,2
5072131,3
5072139,3
5072147,3
5072164,4
5072172,4
5072181,4
5072189,4
5072197,4
5072206,2
5072214,2
5072223,4
5072231,4
5072239,3
5072247,4
5072256,3
5072264,3
5072272,3
5072281,3
5072289,2
5072297,2
5072306,2
5072314,2
5072322,4
5072331,5
5072339,2
5072347,2
5072356,2
5072364,4
5072372,2
5072381,3
5072389,3
5072397,3
5072406,3
5072414,4
5072422,4
5072431,4
5072439,3
5072447,3
5072456,4
5072464,4
5072472,3
5072481,3
5072489,4
5072497,4
5072506,2
5072514,4
5072522,2
5072531,2
5072539,2
5072548,2
5072556,2
5072564,2
5072572,4
5072581,2
5072589,4
5072597,2
5072606,2
5072614,2
5072623,2
5072631,2
5072639,2
5072647,2
5072656,2
5072664,2
5072672,2
5072681,2
5072689,2
5072697,3
5072706,2
5072714,2
5072722,2
5072731,4
5072739,2
5072747,2
5072756,2
5072765,5
5072773,5
5072781,2
5072789,2
5072797,3
5072806,2
5072814,2
5072822,2
5072831,3
5072839,2
5072847,2
5072856,2
5072864,5
5072872,5
5072881,2
5072889,2
5072898,2
5072906,2
5072914,2
5072922,2
5072931,4
5072939,2
5072947,4
5072956,2
5072964,3
5072972,2
5072981,2
5072989,2
5072997,4
5073006,2
5073014,2
5073022,2
5073031,2
5073039,2
5073047,2
5073056,2
5073064,3
5073072,2
5073081,2
5073089,2
5073097,2
5073106,2
5073114,2
5073122,3
5073131,2
5073139,2
5073147,4
5073156,2
5073164,2
5073172,2
5073181,2
5073189,2
5073197,2
5073206,2
5073214,2
5073222,4
5073231,4
5073456,5
5073472,3
5073489,0
5073497,4
5073506,4
5073522,4
5073531,4
5073539,3
5073547,4
5073556,4
5073564,4
5073573,4
5073581,2
5073589,4
5073597,4
5073606,3
5073614,3
5073622,4
5073631,4
5073639,4
5073647,4
5073656,3
5073664,4
5073672,3
5073681,3
5073689,3
5073697,4
5073706,2
5073714,2
5073722,2
5073731,5
5073739,2
5073747,2
5073756,2
5073764,4
5073772,2
5073781,2
5073789,2
5073797,4
5073806,2
5073814,2
5073822,2
5073831,2
5073856,5
5073864,5
5073872,0
5073881,0
5073889,0
5073897,0
5073906,0
5073914,0
5073922,0
5073931,0
5073939,0
5073947,0
5073956,0
5073964,0
5073972,0
5073981,0
5073989,0
5073997,0
5074006,0
5074014,0
5074022,0
5074031,0
5074039,0
5074047,0
5074056,0
5074064,0
5074072,0
5074081,0
5074089,0
5074097,0
5074106,0
5074114,0
5074122,0
5074131,0
5074139,0
5074147,0
5074156,0
5074164,0
5074172,0
5074181,0
5074189,0
5074197,0
5074206,0
5074214,0
5074222,0
5074231,0
5074239,0
5074247,0
5074256,0
5074264,0
5074272,0
5074281,0
5074289,0
5074297,0
5074306,0
5074314,0
5074322,0
5074331,0
5074339,0
5074347,0
5074356,0
5074364,0
5074372,0
5074381,0
5074389,0
5074397,0
5074406,0
5074414,0
5074422,0
5074431,5
5074439,5
5074447,0
5074456,0
5074464,0
5074472,0
5074481,0
5074489,0
5074497,0
5074506,0
5074514,0
5074522,0
5074531,0
5074539,0
5074547,0
5074556,0
5074564,0
5074572,0
5074581,0
5074589,0
5074597,0
5074606,0
5074614,0
5074622,0
5074631,0
5074639,0
5074647,0
5074656,0
5074664,0
5074672,0
5074681,0
5074689,0
5074697,0
5074706,0
5074714,0
5074722,0
5074731,0
5074739,0
5074747,0
5074756,0
5074764,0
5074772,0
5074781,0
5074789,0
5074797,0
5074806,0
5074814,2
5074822,2
5074831,5
5074839,2
5074847,2
5074856,2
5074864,2
5074872,2
5074881,2
5074889,2
5074897,2
5074906,2
5074914,2
5074939,3
5074947,3
5074956,2
5074964,2
5074972,2
5074981,2
5074989,2
5074997,2
5075006,2
5075014,2
5075022,2
5075031,2
5075039,5
5075048,5
5075056,2
5075064,3
5075072,3
5075081,2
5075089,2
5075097,3
5075106,2
5075114,2
5075122,2
5075131,3
5075139,3
5075147,3
5075156,2
5075164,2
5075172,2
5075181,2
5075189,2
5075197,2
5075206,2
5075214,2
5075222,2
5075231,3
5075239,3
5075247,3
5075256,2
5075264,3
5075272,2
5075280,2
5075289,2
5075297,5
5075305,5
5075314,0
5075322,0
5075331,0
5075339,0
5075347,0
5075355,0
5075364,0
5075372,0
5075380,0
5075389,0
5075397,0
5075405,0
5075414,0
5075422,0
5075430,0
5075439,0
5075447,0
5075472,4
5075480,0
5075489,0
5075497,0
5075505,0
5075514,0
5075522,0
5075530,0
5075539,0
5075547,0
5075555,0
5075564,0
5075572,0
5075581,0
5075589,0
5075597,0
5075605,0
5075614,0
5075622,0
5075630,0
5075639,0
5075647,0
5075655,0
5075664,0
5075672,0
5075680,0
5075689,0
5075697,0
5075706,0
5075714,0
5075722,0
5075730,0
5075739,0
5075747,0
5075755,0
5075764,0
5075772,0
5075780,5
5075789,2
5075797,3
5075805,3
5075814,3
5075822,3
5075830,4
5075839,4
5075847,4
5075856,2
5075864,2
5075872,4
5075880,5
5075889,5
5075897,2
5075905,5
5075914,5
5075922,2
5075930,5
5075939,5
5075947,5
5075955,2
5075964,2
5075972,2
5075980,2
5075989,2
5075997,2
5076006,2
5076014,5
5076022,5
5076030,5
5076039,2
5076047,2
5076055,2
5076064,2
5076072,2
5076080,2
5076089,2
5076097,2
5076105,5
5076114,5
5076122,5
5076130,5
5076139,2
5076147,2
5076156,2
5076164,2
5076172,2
5076180,2
5076189,2
5076197,2
5076205,2
5076214,2
5076222,2
5076230,2
5076239,2
5076247,2
5076256,2
5076264,2
5076272,2
5076280,2
5076289,2
5076297,3
5076305,2
5076314,2
5076322,2
5076330,5
5076339,2
5076347,2
5076355,2
5076364,2
5076372,3
5076380,2
5076389,2
5076397,4
5076405,2
5076414,2
5076422,2
5076430,2
5076439,2
5076447,2
5076455,2
5076464,3
5076472,2
5076480,2
5076489,2
5076497,2
5076505,2
5076514,2
5076522,2
5076530,2
5076539,2
5076547,2
5076555,2
5076564,2
5076572,2
5076580,2
5076589,2
5076597,2
5076605,2
5076614,2
5076622,2
5076630,5
5076639,2
5076647,2
5076805,0
5076822,2
5076830,4
5076847,2
5076855,4
5076864,4
5076872,0
5076880,0
5076889,2
5076897,4
5076905,3
5076914,3
5076922,3
5076930,4
5076939,4
5076947,2
5076955,2
5076964,2
5076972,2
5076980,2
5076989,2
5076997,2
5077005,2
5077014,2
5077022,2
5077031,2
5077039,2
5077047,2
5077055,2
5077064,6
5077072,1
5077080,2
5077089,2
5077097,2
5077105,1
5077114,2
5077122,2
5077130,5
5077139,2
5077147,2
5077155,2
5077164,2
5077173,2
5077180,2
5077189,2
5077197,2
5077205,2
5077214,2
5077222,2
5077230,2
5077239,2
5077247,2
5077255,2
5077264,2
5077272,2
5077280,2
5077289,2
5077297,2
5077305,2
5077314,2
5077322,2
5077330,2
5077339,2
5077347,2
5077355,2
5077364,3
5077372,2
5077380,2
5077389,2
5077397,2
5077405,2
5077414,2
5077422,2
5077430,2
5077439,2
5077447,2
5077455,2
5077464,3
5077472,2
5077480,2
5077489,2
5077497,2
5077505,2
5077514,2
5077522,2
5077530,3
5077539,3
5077547,3
5077555,2
5077564,2
5077572,2
5077580,2
5077589,2
5077597,2
5077605,2
5077614,2
5077622,2
5077630,2
5077639,3
5077647,3
5077655,2
5077664,2
5077672,2
5077680,2
5077689,2
5077697,2
5077705,2
5077714,2
5077722,2
5077730,2
5077739,2
5077747,2
5077755,2
5077764,2
5077772,2
5077780,2
5077789,2
5077797,2
5077805,2
5077814,2
5077822,2
5077830,2
5077839,2
5077847,2
5077855,2
5077864,2
5077872,2
5077880,2
5077889,2
5077897,2
5077905,2
5077914,2
5077922,2
5077930,5
5077939,2
5077947,2
5077955,2
5077964,2
5077972,2
5077980,1
5077989,1
5077997,0
5078005,0
5078014,0
5078022,0
5078030,0
5078039,0
5078047,0
5078055,0
5078064,0
5078072,0
5078080,0
5078089,0
5078097,0
5078105,0
5078114,0
5078122,0
5078130,0
5078139,0
5078147,0
5078155,0
5078164,0
5078172,0
5078180,0
5078189,0
5078197,0
5078205,0
5078214,0
5078222,0
5078230,0
5078239,0
5078247,0
5078255,0
5078264,0
5078272,0
5078280,0
5078289,0
5078297,0
5078305,0
5078314,0
5078322,0
5078330,0
5078339,0
5078347,0
5078355,0
5078364,0
5078372,0
5078380,0
5078389,0
5078397,0
5078405,0
5078414,5
5078422,2
5078430,1
5078439,1
5078447,1
5078455,2
5078464,2
5078472,2
5078480,2
5078489,2
5078497,2
5078505,3
5078514,3
5078522,3
5078530,3
5078539,4
5078547,4
5078555,2
5078564,2
5078572,2
5078580,2
5078589,1
5078597,1
5078605,1
5078614,1
5078622,1
5078630,6
5078639,1
5078647,1
5078655,1
5078664,6
5078672,2
5078680,1
5078689,1
5078697,1
5078705,1
5078714,1
5078722,2
5078730,1
5078739,1
5078747,1
5078755,2
5078764,2
5078772,4
5078780,4
5078789,1
5078797,2
5078805,2
5078814,2
5078822,2
5078830,2
5078839,4
5078855,2
5078864,2
5078872,2
5078880,2
5078889,1
5078897,1
5078905,2
5078914,2
5078922,2
5078930,3
5078939,4
5078955,2
5078964,2
5078972,3
5078980,3
5078989,2
5078997,1
5079005,4
5079014,4
5079022,2
5079030,1
5079039,2
5079047,1
5079055,1
5079064,2
5079072,2
5079080,2
5079089,2
5079097,5
5079105,3
5079114,3
5079122,2
5079130,1
5079139,1
5079147,2
5079155,2
5079163,1
5079172,2
5079180,2
5079189,2
5079197,2
5079205,2
5079214,2
5079222,2
5079230,2
5079239,2
5079247,2
5079255,2
5079263,2
5079272,2
5079280,2
5079288,2
5079297,2
5079305,2
5079322,2
5079505,4
5079522,4
5079530,4
5079547,4
5079555,2
5079597,2
5079605,5
5079614,5
5079622,4
5079630,0
5079638,5
5079647,4
5079655,5
5079663,3
5079672,3
5079680,3
5079688,3
5079697,3
5079705,3
5079713,3
5079722,3
5079730,4
5079739,3
5079747,3
5079755,2
5079764,4
5079772,3
5079780,3
5079788,2
5079797,2
5079805,3
5079813,6
5079822,6
5079830,1
5079838,1
5079847,5
5079855,0
5079863,0
5079872,0
5079880,0
5079889,0
5079897,0
5079905,0
5079913,0
5079922,0
5079930,0
5079938,0
5079947,0
5079955,0
5079963,0
5079972,0
5079980,0
5079988,0
5079997,0
5080005,0
5080013,0
5080022,0
5080030,0
5080038,0
5080047,0
5080055,0
5080063,0
5080072,0
5080080,0
5080088,0
5080097,0
5080105,0
5080113,0
5080122,0
5080130,0
5080138,0
5080147,2
5080155,2
5080164,2
5080180,2
5080188,2
5080197,2
5080205,2
5080213,2
5080222,3
5080230,3
5080238,3
5080247,3
5080255,3
5080263,2
5080272,2
5080280,2
5080288,2
5080297,2
5080305,2
5080313,2
5080322,2
5080330,2
5080338,2
5080347,2
5080355,2
5080363,2
5080372,2
5080380,2
5080388,2
5080397,2
5080405,2
5080413,2
5080422,2
5080430,2
5080438,2
5080447,2
5080455,2
5080463,2
5080472,2
5080480,2
5080488,2
5080497,2
5080505,2
5080513,2
5080522,2
5080530,1
5080538,1
5080547,1
5080555,2
5080564,2
5080572,2
5080580,2
5080589,2
5080597,2
5080605,2
5080613,2
5080622,2
5080630,3
5080638,3
5080647,3
5080655,2
5080663,1
5080672,1
5080680,1
5080689,0
5080697,0
5080705,0
5080713,0
5080722,0
5080730,0
5080738,0
5080747,0
5080755,0
5080763,0
5080772,0
5080780,0
5080788,0
5080797,0
5080805,0
5080813,0
5080822,0
5080830,0
5080838,0
5080847,0
5080855,0
5080863,0
5080872,0
5080880,0
5080888,0
5080897,0
5080905,0
5080913,0
5080922,0
5080930,0
5080938,2
5080947,4
5080955,0
5080963,0
5080972,0
5080980,0
5080988,0
5081005,0
5081013,0
5081022,0
5081030,0
5081038,2
5081047,4
5081055,0
5081063,0
5081072,0
5081080,0
5081088,0
5081097,0
5081105,0
5081113,0
5081122,0
5081130,0
5081138,5
5081147,4
5081155,0
5081163,0
5081172,0
5081180,0
5081188,0
5081197,0
5081205,0
5081213,0
5081222,0
5081230,0
5081239,0
5081247,0
5081255,0
5081263,0
5081272,0
5081280,0
5081288,0
5081297,0
5081305,0
5081313,0
5081322,0
5081330,0
5081338,2
5081347,4
5081355,1
5081363,1
5081372,2
5081380,2
5081389,2
5081397,2
5081405,2
5081413,2
5081422,2
5081430,2
5081438,4
5081447,4
5081455,2
5081463,2
5081472,6
5081480,6
5081488,6
5081497,1
5081505,2
5081513,2
5081523,2
5081530,2
5081538,2
5081547,2
5081555,2
5081563,2
5081580,2
5081588,2
5081605,2
5081613,2
5081622,2
5081630,2
5081638,4
5081655,2
5081663,1
5081672,1
5081680,2
5081688,2
5081697,1
5081705,1
5081713,2
5081722,2
5081730,2
5081738,2
5081747,2
5081755,2
5081763,2
5081772,3
5081780,3
5081789,3
5081797,2
5081805,2
5081813,2
5081822,2
5081830,2
5081838,0
5081847,0
5081855,5
5081863,5
5081872,0
5081880,0
5081888,0
5081897,0
5081905,0
5081913,0
5081922,0
5081930,0
5081938,0
5081947,0
5081955,0
5081963,0
5081972,0
5081980,0
5081988,0
5081997,0
5082005,0
5082013,0
5082022,0
5082030,0
5082038,0
5082047,0
5082056,0
5082063,0
5082072,0
5082080,0
5082089,0
5082097,0
5082105,0
5082113,0
5082122,0
5082130,0
5082138,0
5082147,0
5082155,0
5082163,0
5082172,0
5082180,0
5082188,0
5082197,0
5082205,0
5082213,0
5082222,0
5082230,0
5082238,0
5082247,0
5082255,0
5082263,0
5082272,0
5082280,0
5082288,0
5082297,0
5082305,0
5082313,0
5082322,0
5082330,0
5082338,5
5082355,0
5082363,0
5082372,0
5082380,0
5082388,0
5082397,0
5082405,0
5082413,0
5082422,0
5082430,0
5082438,5
5082447,4
5082455,0
5082463,0
5082472,0
5082480,0
5082488,0
5082497,0
5082505,0
5082513,0
5082522,0
5082530,0
5082538,2
5082555,0
5082563,0
5082572,0
5082580,0
5082588,0
5082597,0
5082605,0
5082613,0
5082622,0
5082630,0
5082638,0
5082655,0
5082663,0
5082672,0
5082680,0
5082688,0
5082697,0
5082705,0
5082713,0
5082722,0
5082730,0
5082738,5
5082747,5
5082755,0
5082763,0
5082772,0
5082780,0
5082788,0
5082797,0
5082805,0
5082813,0
5082822,0
5082830,0
5082847,0
5083055,0
5083080,0
5083096,0
5083113,0
5083121,0
5083147,0
5083155,5
5083163,3
5083172,2
5083180,5
5083188,5
5083196,5
5083205,5
5083213,0
5083222,0
5083230,0
5083238,0
5083246,0
5083255,0
5083263,0
5083271,0
5083280,0
5083288,0
5083297,0
5083305,0
5083313,0
5083321,0
5083330,0
5083338,0
5083355,0
5083363,0
5083371,0
5083380,0
5083388,0
5083397,0
5083405,0
5083413,0
5083422,0
5083430,0
5083438,0
5083446,0
5083455,0
5083463,0
5083471,0
5083480,0
5083488,0
5083496,0
5083505,0
5083513,0
5083521,0
5083530,0
5083538,0
5083547,0
5083555,0
5083563,0
5083572,0
5083580,0
5083588,0
5083596,0
5083605,0
5083613,0
5083621,0
5083630,0
5083638,0
5083646,0
5083655,0
5083663,0
5083671,0
5083680,0
5083688,0
5083697,0
5083705,0
5083713,0
5083721,0
5083730,0
5083738,0
5083746,0
5083755,0
5083763,0
5083771,0
5083780,0
5083788,0
5083796,0
5083805,0
5083813,0
5083822,0
5083830,0
5083838,0
5083846,0
5083855,0
5083863,0
5083871,0
5083880,0
5083888,0
5083896,0
5083905,0
5083913,0
5083921,0
5083930,0
5083938,0
5083947,0
5083955,0
5083963,5
5083971,2
5083980,2
5083988,2
5083996,2
5084005,2
5084013,2
5084021,2
5084030,2
5084038,2
5084046,2
5084055,2
5084063,2
5084071,2
5084080,2
5084088,2
5084105,2
5084113,2
5084121,2
5084130,5
5084138,5
5084146,5
5084155,2
5084163,2
5084171,5
5084180,5
5084188,5
5084196,2
5084205,2
5084213,2
5084230,5
5084238,5
5084246,2
5084255,2
5084263,2
5084271,2
5084280,2
5084288,2
5084296,2
5084305,5
5084313,2
5084321,2
5084330,2
5084338,2
5084346,2
5084355,2
5084363,2
5084371,2
5084380,2
5084388,2
5084396,2
5084405,2
5084413,2
5084421,2
5084430,2
5084438,2
5084446,2
5084455,2
5084463,2
5084471,2
5084480,2
5084488,2
5084496,2
5084505,2
5084513,2
5084521,2
5084530,2
5084538,2
5084546,2
5084555,2
5084563,2
5084571,2
5084580,2
5084588,2
5084596,2
5084605,2
5084613,2
5084621,2
5084630,2
5084638,2
5084646,2
5084655,2
5084663,2
5084671,2
5084680,2
5084688,2
5084696,2
5084705,2
5084713,2
5084721,2
5084730,2
5084738,2
5084746,0
5084755,0
5084763,0
5084772,0
5084780,0
5084788,0
5084796,0
5084805,0
5084813,0
5084821,0
5084830,0
5084838,4
5084855,0
5084863,0
5084871,0
5084880,0
5084888,0
5084896,0
5084905,0
5084913,0
5084921,0
5084930,0
5084938,0
5084946,0
5084955,0
5084963,0
5084971,0
5084980,0
5084988,0
5084996,0
5085005,0
5085013,0
5085021,0
5085030,0
5085038,1
5085046,0
5085055,0
5085063,0
5085071,0
5085080,0
5085088,0
5085096,0
5085138,0
5085146,0
5085155,0
5085163,0
5085171,0
5085180,0
5085188,0
5085196,0
5085205,0
5085213,0
5085221,0
5085230,0
5085238,0
5085246,0
5085255,0
5085263,0
5085271,0
5085280,0
5085288,0
5085296,0
5085305,0
5085313,0
5085321,0
5085330,0
5085338,3
5085346,2
5085355,0
5085363,0
5085371,0
5085380,0
5085388,0
5085396,0
5085405,0
5085413,0
5085421,0
5085430,0
5085438,0
5085446,0
5085455,0
5085463,0
5085471,0
5085480,0
5085496,0
5085755,2
5085771,4
5085796,0
5085805,0
5085821,0
5085838,2
5085846,0
5085855,0
5085871,0
5085880,0
5085888,0
5085896,0
5085905,0
5085913,0
5085921,0
5085930,0
5085938,0
5085946,0
5085955,0
5085963,0
5085971,0
5085980,0
5085988,0
5085996,0
5086005,0
5086013,0
5086021,0
5086030,0
5086038,0
5086046,0
5086055,0
5086063,0
5086071,0
5086080,0
5086088,0
5086096,0
5086105,0
5086121,0
5086130,0
5086138,5
5086146,2
5086155,5
5086163,5
5086171,5
5086180,5
5086188,5
5086196,5
5086205,5
5086213,5
5086221,5
5086230,2
5086238,5
5086246,5
5086255,5
5086263,2
5086271,5
5086280,5
5086288,5
5086296,5
5086305,5
5086313,5
5086322,5
5086330,2
5086338,2
5086346,5
5086355,5
5086363,5
5086371,2
5086380,5
5086388,5
5086396,5
5086405,5
5086413,5
5086421,5
5086430,5
5086438,2
5086446,5
5086455,5
5086463,5
5086471,2
5086480,5
5086488,5
5086496,2
5086505,2
5086513,5
5086521,5
5086530,5
5086538,2
5086546,2
5086555,5
5086563,2
5086571,2
5086580,2
5086588,5
5086597,2
5086605,5
5086613,5
5086621,5
5086630,5
5086638,2
5086646,5
5086655,2
5086663,2
5086671,2
5086680,2
5086688,2
5086696,2
5086705,2
5086713,2
5086721,2
5086730,2
5086738,5
5086746,2
5086755,2
5086763,2
5086771,2
5086780,5
5086788,5
5086796,5
5086804,5
5086813,5
5086821,5
5086829,5
5086838,5
5086846,2
5086855,5
5086863,5
5086871,2
5086880,5
5086888,5
5086896,2
5086904,5
5086913,5
5086921,5
5086930,5
5086938,2
5086946,5
5086954,5
5086963,5
5086971,5
5086979,5
5086988,2
5086996,2
5087005,5
5087013,2
5087021,2
5087030,5
5087038,2
5087046,2
5087055,2
5087063,2
5087071,2
5087080,5
5087088,5
5087096,2
5087104,3
5087113,3
5087121,2
5087129,5
5087138,4
5087146,0
5087154,2
5087163,0
5087171,0
5087179,0
5087188,0
5087196,0
5087204,0
5087213,0
5087221,0
5087229,0
5087238,0
5087246,0
5087254,0
5087263,0
5087271,0
5087279,0
5087288,0
5087296,0
5087304,0
5087313,0
5087321,0
5087329,0
5087338,0
5087346,0
5087354,0
5087363,0
5087371,0
5087379,0
5087388,0
5087396,0
5087404,0
5087413,0
5087421,0
5087429,0
5087438,0
5087446,0
5087455,0
5087463,0
5087471,0
5087479,0
5087488,0
5087496,0
5087504,0
5087513,0
5087521,0
5087529,0
5087538,0
5087546,0
5087554,0
5087563,0
5087571,0
5087580,0
5087588,0
5087596,0
5087604,0
5087613,0
5087621,0
5087629,0
5087638,0
5087646,0
5087654,0
5087663,0
5087671,0
5087679,0
5087688,0
5087696,0
5087704,0
5087713,0
5087721,0
5087729,0
5087738,0
5087746,0
5087754,0
5087763,0
5087771,0
5087779,0
5087788,0
5087796,0
5087804,0
5087813,0
5087821,0
5087829,0
5087838,0
5087846,0
5087854,0
5087863,0
5087871,0
5087879,0
5087888,0
5087896,0
5087904,0
5087913,0
5087921,5
5087929,5
5087938,5
5087946,5
5087954,5
5087963,5
5087971,5
5087979,5
5087988,5
5087996,5
5088004,5
5088013,5
5088021,5
5088029,5
5088038,5
5088046,5
5088054,2
5088063,5
5088071,5
5088079,5
5088088,5
5088096,2
5088104,5
5088113,5
5088121,2
5088130,5
5088138,5
5088146,5
5088154,5
5088163,5
5088171,2
5088179,2
5088188,2
5088196,2
5088204,5
5088213,5
5088221,5
5088229,5
5088238,2
5088246,5
5088254,5
5088263,5
5088271,5
5088279,5
5088288,5
5088296,5
5088304,5
5088313,5
5088321,5
5088329,5
5088338,5
5088346,5
5088354,5
5088363,5
5088371,2
5088379,2
5088388,2
5088396,2
5088404,5
5088413,5
5088421,5
5088429,5
5088438,5
5088446,5
5088454,5
5088463,5
5088471,2
5088479,5
5088488,5
5088496,2
5088504,2
5088513,5
5088521,5
5088529,5
5088538,2
5088546,5
5088554,5
5088563,5
5088571,2
5088579,5
5088588,5
5088596,2
5088604,5
5088613,5
5088621,2
5088629,2
5088788,0
5088804,4
5088813,0
5088821,4
5088829,4
5088846,4
5088854,4
5088863,4
5088871,4
5088879,2
5088888,2
5088896,2
5088904,2
5088913,2
5088921,2
5088929,2
5088938,2
5088946,5
5088954,5
5088963,5
5088971,2
5088979,5
5088988,5
5088996,2
5089004,2
5089013,2
5089021,2
5089029,5
5089038,2
5089046,2
5089054,2
5089063,2
5089071,2
5089079,5
5089088,5
5089096,2
5089104,2
5089113,2
5089121,2
5089129,2
5089138,2
5089146,5
5089154,5
5089163,2
5089171,2
5089179,2
5089188,2
5089196,2
5089204,5
5089213,5
5089221,5
5089230,5
5089238,5
5089246,5
5089254,5
5089263,5
5089271,2
5089279,2
5089288,2
5089296,2
5089304,5
5089313,5
5089321,5
5089329,5
5089338,5
5089346,5
5089354,2
5089363,2
5089371,2
5089379,2
5089388,2
5089396,2
5089404,5
5089413,5
5089421,5
5089429,5
5089438,5
5089446,5
5089454,5
5089463,5
5089471,2
5089479,5
5089488,5
5089496,5
5089504,5
5089513,5
5089521,5
5089529,5
5089538,5
5089546,5
5089554,5
5089563,5
5089571,0
5089579,0
5089588,0
5089596,0
5089604,0
5089613,0
5089621,0
5089629,0
5089638,0
5089646,0
5089654,0
5089663,0
5089671,0
5089679,0
5089688,0
5089696,0
5089704,0
5089713,0
5089721,0
5089729,0
5089738,0
5089746,0
5089754,0
5089763,0
5089771,0
5089779,0
5089788,0
5089796,0
5089804,0
5089813,0
5089821,0
5089829,0
5089838,0
5089846,0
5089854,0
5089863,0
5089871,0
5089880,0
5089888,0
5089896,0
5089904,0
5089913,0
5089921,0
5089929,0
5089938,0
5089946,0
5089954,0
5089963,0
5089971,0
5089979,0
5089988,0
5089996,0
5090004,0
5090013,0
5090021,0
5090029,0
5090038,0
5090046,0
5090054,0
5090063,0
5090071,0
5090079,0
5090088,5
5090096,5
5090104,2
5090113,2
5090121,2
5090129,2
5090138,2
5090146,2
5090154,2
5090163,5
5090171,2
5090179,2
5090188,2
5090196,2
5090204,2
5090213,2
5090221,3
5090229,2
5090238,2
5090246,5
5090254,5
5090263,5
5090271,2
5090279,2
5090288,5
5090296,2
5090304,2
5090313,5
5090321,5
5090329,5
5090338,5
5090346,5
5090354,5
5090363,5
5090371,5
5090379,5
5090388,5
5090396,2
5090404,2
5090413,2
5090421,2
5090429,2
5090438,2
5090446,2
5090454,2
5090463,5
5090471,2
5090479,2
5090488,2
5090496,2
5090504,2
5090513,2
5090521,2
5090529,5
5090538,2
5090546,5
5090554,2
5090563,2
5090571,2
5090579,2
5090588,2
5090596,2
5090604,5
5090613,5
5090621,5
5090629,5
5090638,2
5090646,5
5090654,5
5090663,5
5090671,5
5090679,2
5090688,2
5090696,2
5090704,2
5090713,5
5090721,5
5090729,5
5090738,5
5090746,5
5090754,2
5090762,2
5090771,2
5090779,2
5090788,2
5090796,2
5090804,2
5090812,2
5090821,2
5090829,2
5090838,2
5090846,2
5090854,2
5090863,2
5090871,2
5090879,5
5090887,5
5090896,5
5090904,5
5090912,5
5090921,5
5090929,2
5090938,2
5090946,5
5090954,5
5090963,5
5090971,5
5090979,2
5090987,2
5090996,2
5091012,5
5091137,0
5091146,4
5091162,0
5091171,2
5091196,2
5091212,5
5091221,5
5091229,5
5091238,5
5091246,0
5091254,0
5091262,0
5091271,0
5091279,0
5091287,0
5091296,0
5091304,0
5091312,0
5091321,0
5091329,0
5091337,0
5091346,0
5091354,0
5091363,0
5091371,0
5091379,0
5091387,0
5091396,0
5091404,0
5091412,0
5091421,0
5091429,0
5091437,0
5091446,0
5091454,0
5091463,0
5091471,0
5091479,0
5091487,0
5091496,0
5091504,0
5091512,0
5091521,0
5091529,0
5091537,0
5091546,0
5091554,0
5091562,0
5091571,0
5091579,0
5091587,0
5091596,0
5091604,0
5091612,0
5091621,0
5091629,0
5091637,0
5091646,0
5091654,0
5091662,0
5091671,0
5091679,0
5091687,0
5091696,0
5091704,0
5091712,0
5091721,0
5091729,0
5091737,0
5091746,0
5091754,0
5091762,0
5091771,0
5091779,0
5091787,0
5091796,0
5091804,0
5091812,0
5091821,0
5091829,0
5091837,0
5091846,0
5091854,0
5091862,0
5091871,0
5091879,0
5091887,0
5091896,0
5091904,0
5091912,0
5091921,0
5091929,0
5091937,0
5091946,0
5091954,0
5091962,0
5091971,0
5091979,0
5091987,0
5091996,0
5092004,0
5092012,0
5092021,0
5092029,0
5092037,0
5092046,0
5092054,0
5092062,0
5092071,0
5092079,0
5092087,0
5092096,0
5092104,0
5092112,0
5092121,0
5092129,0
5092137,0
5092146,0
5092154,0
5092162,0
5092171,0
5092179,0
5092187,0
5092196,0
5092204,0
5092212,0
5092221,0
5092229,0
5092237,0
5092246,0
5092254,5
5092262,5
5092271,5
5092279,2
5092287,2
5092296,2
5092304,2
5092312,2
5092321,2
5092329,2
5092337,2
5092346,5
5092354,5
5092362,5
5092371,5
5092379,5
5092387,5
5092396,2
5092404,2
5092412,2
5092421,2
5092429,2
5092437,2
5092446,2
5092454,2
5092462,1
5092471,1
5092479,1
5092487,1
5092496,1
5092504,1
5092512,6
5092521,6
5092529,1
5092537,1
5092546,1
5092554,1
5092562,1
5092571,1
5092579,1
5092587,1
5092596,1
5092605,1
5092612,1
5092621,1
5092629,1
5092637,1
5092646,1
5092654,1
5092662,1
5092671,1
5092679,1
5092687,1
5092696,1
5092704,1
5092712,1
5092721,1
5092729,1
5092737,1
5092746,1
5092754,1
5092762,2
5092771,2
5092779,2
5092787,5
5092796,5
5092804,5
5092812,5
5092821,5
5092829,5
5092837,5
5092846,5
5092854,5
5092862,5
5092871,5
5092879,5
5092887,5
5092896,5
5092904,5
5092912,5
5092921,5
5092929,5
5092937,5
5092954,5
5092962,5
5092971,2
5092979,5
5092987,5
5092996,5
5093004,5
5093012,5
5093021,5
5093029,5
5093037,5
5093046,2
5093054,2
5093062,2
5093071,2
5093079,5
5093087,5
5093096,5
5093104,5
5093112,5
5093129,5
5093137,5
5093146,5
5093154,5
5093162,2
5093171,2
5093179,2
5093187,2
5093196,5
5093204,5
5093212,5
5093221,5
5093229,5
5093237,5
5093246,5
5093254,5
5093262,2
5093271,2
5093279,2
5093287,2
5093296,2
5093304,2
5093312,5
5093329,5
5093337,5
5093346,5
5093354,5
5093362,5
5093379,5
5093387,5
5093396,5
5093404,5
5093412,5
5093421,5
5093429,5
5093437,5
5093454,5
5093462,2
5093471,2
5093479,2
5093487,2
5093496,5
5093504,5
5093512,5
5093521,5
5093529,1
5093537,1
5093546,1
5093563,1
5093571,1
5093587,2
5093596,2
5093612,5
5093621,2
5093637,2
5093646,2
5093662,2
5093671,2
5093687,2
5093696,2
5093704,2
5093712,2
5093721,2
5093737,4
5093746,2
5093762,2
5093771,2
5093787,2
5093796,2
5093813,2
5093821,2
5093838,2
5093862,2
5093871,2
5093887,2
5093896,2
5093904,2
5093912,2
5093921,2
5093937,2
5093946,2
5093962,2
5093971,2
5093987,2
5093996,2
5094012,2
5094021,2
5094037,2
5094046,2
5094062,2
5094071,2
5094087,2
5094096,2
5094112,2
5094121,2
5094137,2
5094146,2
5094162,2
5094171,2
5094187,2
5094196,2
5094212,2
5094221,2
5094237,5
5094246,5
5094262,5
5094271,2
5094287,2
5094296,2
5094304,2
5094312,2
5094321,2
5094337,2
5094346,2
5094363,2
5094371,2
5094387,2
5094396,2
5094404,2
5094412,2
5094421,2
5094437,5
5094446,2
5094462,2
5094471,2
5094487,2
5094496,2
5094512,2
5094521,2
5094537,2
5094546,5
5094562,5
5094571,2
5094587,2
5094595,2
5094612,2
5094621,2
5094637,5
5094646,5
5094662,5
5094671,2
5094687,2
5094695,2
5094712,2
5094721,2
5094729,1
5094737,1
5094746,1
5094754,1
5094762,2
5094771,2
5094779,2
5094787,2
5094796,2
5094804,2
5094812,2
5094820,2
5094829,2
5094837,2
5094845,2
5094854,2
5094862,2
5094870,1
5094879,1
5094887,1
5094896,2
5094904,2
5094912,2
5094920,2
5094929,2
5094937,5
5094945,5
5094954,5
5094962,5
5094970,5
5094979,2
5094987,5
5094995,5
5095004,5
5095012,5
5095021,2
5095029,1
5095037,1
5095045,1
5095054,5
5095062,5
5095070,5
5095079,5
5095087,5
5095095,5
5095104,5
5095112,5
5095120,5
5095129,5
5095137,5
5095145,5
5095154,5
5095162,5
5095171,5
5095179,5
5095187,5
5095195,5
5095204,2
5095212,2
5095220,2
5095229,5
5095237,2
5095245,2
5095254,2
5095262,2
5095270,2
5095279,2
5095287,2
5095295,2
5095304,2
5095312,2
5095320,2
5095329,2
5095337,2
5095345,2
5095354,2
5095362,5
5095370,5
5095379,5
5095387,2
5095395,2
5095404,2
5095412,2
5095421,2
5095429,5
5095437,5
5095445,5
5095454,5
5095462,5
5095470,5
5095479,2
5095487,5
5095495,5
5095504,2
5095512,2
5095520,2
5095529,5
5095537,5
5095545,5
5095554,5
5095562,2
5095570,2
5095579,2
5095587,2
5095595,2
5095604,2
5095612,2
5095620,2
5095629,2
5095637,2
5095645,2
5095654,2
5095662,2
5095670,2
5095679,2
5095687,2
5095695,2
5095704,2
5095712,2
5095720,2
5095729,2
5095737,5
5095745,5
5095754,5
5095762,5
5095770,5
5095779,5
5095787,5
5095795,5
5095804,5
5095812,5
5095820,5
5095829,5
5095837,5
5095845,5
5095854,5
5095862,5
5095870,5
5095879,2
5095887,2
5095895,2
5095904,2
5095912,2
5095920,2
5095929,2
5095937,2
5095945,2
5095954,2
5095970,5
5096354,4
5096370,4
5096395,4
5096404,4
