5221248,5
5221257,5
5221265,5
5221273,5
5221282,5
5221290,5
5221298,5
5221307,5
5221315,5
5221323,5
5221332,5
5221340,5
5221348,5
5221357,5
5221365,5
5221373,5
5221382,5
5221390,5
5221398,5
5221582,5
5221607,5
5221615,2
5221623,5
5221632,5
5221640,5
5221648,5
5221657,5
5221673,5
5221682,5
5221690,5
5221698,5
5221707,5
5221715,5
5221723,5
5221732,5
5221740,5
5221748,5
5221757,5
5221765,5
5221773,5
5221782,5
5221790,5
5221798,5
5221807,5
5221815,5
5221823,5
5221832,5
5221840,5
5221848,5
5221857,5
5221865,5
5221873,5
5221882,5
5221890,5
5221898,5
5221907,5
5221915,5
5221923,5
5221932,5
5221940,5
5221948,5
5221957,5
5221965,5
5221973,5
5221990,5
5221998,5
5222007,5
5222015,5
5222023,5
5222032,5
5222040,5
5222048,5
5222248,5
5222257,5
5222265,5
5222273,5
5222282,0
5222290,0
5222298,0
5222307,0
5222315,0
5222323,0
5222332,0
5222340,0
5222348,0
5222357,0
5222365,0
5222373,0
5222382,0
5222390,0
5222398,0
5222407,0
5222415,0
5222423,0
5222432,0
5222440,0
5222448,0
5222457,0
5222465,0
5222473,0
5222482,0
5222490,0
5222498,0
5222507,0
5222515,0
5222523,0
5222532,0
5222540,0
5222548,0
5222557,0
5222565,0
5222573,0
5222582,0
5222590,0
5222598,0
5222607,0
5222615,0
5222623,0
5222632,0
5222640,0
5222648,0
5222657,0
5222673,0
5222682,0
5222690,0
5222698,0
5222707,0
5222715,0
5222723,0
5222732,5
5222748,5
5222757,5
5222773,5
5222782,5
5222798,5
5222807,0
5222832,0
5222848,0
5222857,0
5222882,0
5222907,0
5222923,0
5222932,0
5222948,0
5222957,0
5222973,0
5222982,0
5222998,0
5223007,0
5223015,0
5223024,0
5223032,0
5223040,0
5223049,0
5223057,0
5223073,0
5223082,0
5223107,0
5223115,0
5223124,0
5223132,0
5223140,0
5223148,0
5223157,0
5223173,0
5223182,0
5223198,0
5223207,0
5223223,0
5223232,0
5223248,0
5223257,0
5223273,0
5223282,0
5223290,0
5223298,0
5223307,0
5223323,0
5223332,0
5223340,0
5223348,0
5223357,0
5223365,0
5223373,0
5223382,0
5223398,5
5223407,5
5223423,5
5223432,0
5223448,0
5223457,0
5223473,0
5223482,0
5223498,0
5223507,0
5223523,5
5223531,5
5223548,5
5223557,0
5223573,0
5223582,0
5223590,0
5223598,0
5223607,0
5223615,0
5223623,5
5223632,5
5223640,5
5223648,0
5223656,0
5223665,0
5223673,0
5223682,0
5223690,0
5223698,0
5223707,0
5223715,0
5223723,0
5223732,0
5223740,0
5223748,0
5223923,5
5223931,5
5223948,5
5223956,0
5223973,0
5223981,0
5223990,0
5223998,0
5224006,0
5224023,0
5224031,0
5224048,0
5224056,0
5224098,0
5224106,0
5224115,1
5224123,5
5224131,0
5224140,0
5224148,0
5224156,0
5224173,0
5224181,0
5224198,0
5224206,0
5224223,5
5224231,5
5224240,0
5224248,0
5224256,0
5224273,5
5224281,5
5224298,5
5224306,0
5224315,0
5224323,0
5224331,4
5224348,2
5224356,0
5224365,0
5224373,0
5224381,0
5224398,0
5224406,0
5224415,0
5224423,0
5224431,0
5224440,0
5224448,0
5224457,0
5224473,0
5224481,0
5224490,5
5224498,5
5224506,5
5224523,0
5224531,0
5224540,0
5224548,0
5224556,0
5224565,0
5224573,0
5224581,5
5224590,5
5224598,5
5224606,5
5224615,5
5224623,5
5224631,5
5224640,0
5224648,0
5224656,0
5224665,0
5224673,0
5224681,5
5224690,5
5224698,5
5224706,5
5224715,0
5224723,0
5224731,5
5224740,5
5224748,5
5224756,5
5224765,5
5224773,5
5224781,5
5224790,5
5224798,5
5224806,5
5224815,5
5224823,5
5224831,5
5224840,5
5224848,5
5224856,5
5224865,0
5224873,0
5224881,0
5224890,0
5224898,0
5224906,5
5224915,5
5224923,5
5224931,5
5224940,0
5224948,0
5224956,5
5224973,5
5224981,5
5224990,0
5224998,0
5225006,0
5225015,0
5225023,5
5225031,5
5225048,5
5225056,5
5225073,5
5225081,5
5225098,5
5225106,5
5225123,5
5225131,5
5225148,5
5225156,5
5225173,5
5225181,5
5225198,5
5225206,5
5225223,5
5225231,5
5225248,5
5225256,5
5225273,5
5225282,5
5225298,5
5225306,5
5225323,5
5225331,5
5225348,5
5225356,5
5225373,5
5225381,5
5225390,5
5225398,5
5225406,5
5225415,5
5225423,5
5225431,5
5225440,5
5225448,5
5225456,5
5225473,5
5225481,5
5225490,5
5225498,5
5225506,5
5225515,5
5225523,5
5225531,5
5225540,5
5225548,5
5225556,5
5225573,5
5225581,5
5225590,5
5225598,5
5225606,5
5225615,5
5225623,5
5225631,5
5225640,5
5225648,5
5225656,5
5225665,5
5225673,5
5225681,5
5225690,5
5225698,5
5225706,5
5225715,5
5225723,5
5225731,5
5225740,5
5225748,5
5225756,5
5225765,5
5225773,5
5225781,5
5225790,5
5225798,4
5225806,4
5225815,5
5225823,5
5225831,5
5225840,5
5225848,5
5225856,5
5225865,5
5225873,5
5225881,5
5225890,5
5225898,5
5225906,5
5225915,5
5225923,5
5225931,5
5225940,5
5225948,5
5225956,5
5225965,5
5225973,5
5225981,5
5225990,5
5225998,5
5226006,5
5226015,5
5226023,5
5226031,5
5226040,5
5226048,5
5226056,5
5226065,5
5226073,5
5226081,5
5226090,5
5226098,5
5226106,5
5226115,5
5226123,5
5226131,5
5226140,5
5226148,5
5226156,5
5226165,5
5226173,5
5226181,5
5226190,5
5226198,5
5226206,5
5226215,5
5226223,5
5226231,5
5226240,5
5226248,5
5226256,5
5226265,5
5226273,5
5226281,5
5226290,5
5226298,5
5226306,5
5226315,5
5226323,5
5226331,2
5226340,2
5226348,2
5226356,2
5226365,2
5226373,2
5226381,2
5226390,2
5226398,2
5226406,2
5226415,2
5226423,2
5226431,2
5226440,2
5226448,2
5226456,2
5226465,2
5226473,2
5226481,2
5226490,2
5226498,2
5226506,2
5226515,2
5226523,2
5226531,2
5226540,2
5226548,2
5226556,2
5226565,2
5226573,2
5226581,2
5226590,2
5226598,2
5226606,2
5226615,2
5226623,2
5226631,2
5226640,2
5226648,2
5226656,2
5226665,2
5226673,2
5226681,2
5226690,2
5226698,2
5226706,2
5226715,2
5226723,2
5226731,2
5226740,2
5226748,2
5226756,2
5226765,2
5226773,2
5226781,2
5226790,2
5226798,2
5226806,2
5226815,2
5226823,2
5226831,5
5226840,5
5226848,5
5226856,2
5226865,2
5226873,2
5226881,2
5226890,2
5226898,2
5226906,2
5226915,2
5226923,2
5226931,2
5226940,2
5226948,2
5226956,2
5226965,2
5226973,2
5226981,2
5226990,2
5226998,2
5227006,2
5227015,2
5227023,2
5227031,2
5227040,2
5227048,2
5227056,2
5227065,2
5227073,2
5227081,2
5227090,2
5227115,2
5227131,5
5227140,5
5227148,5
5227156,5
5227165,5
5227173,5
5227181,2
5227190,2
5227206,5
5227215,5
5227223,2
5227231,2
5227240,2
5227248,2
5227256,2
5227265,2
5227273,2
5227281,2
5227290,2
5227298,2
5227306,2
5227315,2
5227323,2
5227331,2
5227340,2
5227348,2
5227356,2
5227373,2
5227381,2
5227390,2
5227398,2
5227406,2
5227415,2
5227423,2
5227431,2
5227448,2
5227456,2
5227473,2
5227481,2
5227489,2
5227498,2
5227506,2
5227515,2
5227523,2
5227531,2
5227548,2
5227556,2
5227565,2
5227573,2
5227581,2
5227589,2
5227598,2
5227606,2
5227615,2
5227623,2
5227631,2
5227640,2
5227648,2
5227656,2
5227664,2
5227673,2
5227681,2
5227689,2
5227698,2
5227706,2
5227715,2
5227723,2
5227731,2
5227739,2
5227748,2
5227756,2
5227765,2
5227773,2
5227781,2
5227790,2
5227798,2
5227806,2
5227814,2
5227823,2
5227831,2
5227839,2
5227848,2
5227856,2
5227864,2
5227873,2
5227881,2
5227889,2
5227898,2
5227906,2
5227914,2
5227923,2
5227931,2
5227939,2
5227948,2
5227956,2
5227964,2
5227973,2
5227981,2
5227989,2
5228006,2
5228014,5
5228023,5
5228031,5
5228039,5
5228048,5
5228056,5
5228064,5
5228073,5
5228081,5
5228089,5
5228098,5
5228106,5
5228114,2
5228123,2
5228131,2
5228139,2
5228148,2
5228156,2
5228173,2
5228181,2
5228189,2
5228198,2
5228206,2
5228214,2
5228223,2
5228231,2
5228248,2
5228256,2
5228264,2
5228273,2
5228281,2
5228289,2
5228298,2
5228306,2
5228314,2
5228323,2
5228331,2
5228339,2
5228348,2
5228356,2
5228364,2
5228373,2
5228381,2
5228389,2
5228398,5
5228406,5
5228415,5
5228423,5
5228431,2
5228440,2
5228448,2
5228456,2
5228464,2
5228473,2
5228481,5
5228489,5
5228498,5
5228506,5
5228523,5
5228531,5
5228548,0
5228556,0
5228573,0
5228581,0
5228589,0
5228598,0
5228606,0
5228614,0
5228623,0
5228631,0
5228648,0
5228656,0
5228673,0
5228681,0
5228689,0
5228698,0
5228706,0
5228714,0
5228723,0
5228731,0
5228748,0
5228756,0
5228773,0
5228781,0
5228789,0
5228798,0
5228806,0
5228814,0
5228823,0
5228831,0
5228839,0
5228848,0
5228856,0
5228864,0
5228873,0
5228881,0
5228889,0
5228898,0
5228906,0
5228923,0
5228931,0
5228948,0
5228956,0
5228973,0
5228981,0
5228998,0
5229006,0
5229014,0
5229023,0
5229031,0
5229048,0
5229056,0
5229073,0
5229081,0
5229089,0
5229098,0
5229106,0
5229114,0
5229123,0
5229131,0
5229148,0
5229156,0
5229173,0
5229181,0
5229189,0
5229198,5
5229206,0
5229214,0
5229223,0
5229231,0
5229239,5
5229256,5
5229273,5
5229281,0
5229289,0
5229298,5
5229306,5
5229314,5
5229323,5
5229331,5
5229339,5
5229348,5
5229356,5
5229364,5
5229373,5
5229381,5
5229389,2
5229398,5
5229406,5
5229414,5
5229423,5
5229431,5
5229439,5
5229448,5
5229456,5
5229464,5
5229473,5
5229481,5
5229489,5
5229498,5
5229506,5
5229515,5
5229523,5
5229531,5
5229539,5
5229548,5
5229556,5
5229564,5
5229573,5
5229581,5
5229590,5
5229598,5
5229606,5
5229614,5
5229623,5
5229631,5
5229639,5
5229648,5
5229656,5
5229664,5
5229673,5
5229681,5
5229689,5
5229698,5
5229706,5
5229714,5
5229723,5
5229731,5
5229739,5
5229748,2
5229756,2
5229765,2
5229773,2
5229781,5
5229789,5
5229798,5
5229806,5
5229814,5
5229823,5
5229831,5
5229839,5
5229848,5
5229856,5
5229864,5
5229873,5
5229881,5
5229889,5
5229898,5
5229906,5
5229914,5
5229923,5
5229931,5
5229939,5
5229948,5
5229956,5
5229964,5
5229973,5
5229981,5
5229989,5
5229998,2
5230006,2
5230014,2
5230023,2
5230031,2
5230039,2
5230048,2
5230056,2
5230064,2
5230073,2
5230081,2
5230089,2
5230098,2
5230106,5
5230114,5
5230123,2
5230131,2
5230139,2
5230148,2
5230156,2
5230164,2
5230173,2
5230181,2
5230189,2
5230198,2
5230206,2
5230214,2
5230223,2
5230231,2
5230239,2
5230248,2
5230256,2
5230264,2
5230273,2
5230281,2
5230289,2
5230298,2
5230306,2
5230314,2
5230323,2
5230331,2
5230339,2
5230348,2
5230356,2
5230364,2
5230373,2
5230381,2
5230389,2
5230398,2
5230406,2
5230414,2
5230423,2
5230431,2
5230439,2
5230448,2
5230456,2
5230464,2
5230473,2
5230481,2
5230489,2
5230498,2
5230506,2
5230514,2
5230523,2
5230531,2
5230539,2
5230548,2
5230556,2
5230564,2
5230573,2
5230581,2
5230590,2
5230598,2
5230606,2
5230614,2
5230623,2
5230631,2
5230648,2
5230656,2
5230664,2
5230673,2
5230681,2
5230689,2
5230698,2
5230706,2
5230714,2
5230723,2
5230731,2
5230739,2
5230748,2
5230756,2
5230764,2
5230773,2
5230781,2
5230789,2
5230798,2
5230806,2
5230814,2
5230823,2
5230831,2
5230839,2
5230848,2
5230856,2
5230864,2
5230873,2
5230881,2
5230889,2
5230898,2
5230906,2
5230914,2
5230923,2
5230931,2
5230939,2
5230948,2
5231148,0
5231156,0
5231173,0
5231181,0
5231189,0
5231198,0
5231206,0
5231214,0
5231223,0
5231231,0
5231239,0
5231248,0
5231256,0
5231273,0
5231281,0
5231298,0
5231306,0
5231323,0
5231331,0
5231339,0
5231348,0
5231356,0
5231373,0
5231381,0
5231406,0
5231422,5
5231431,2
5231448,2
5231456,2
5231473,2
5231481,2
5231498,2
5231506,2
5231522,2
5231531,2
5231548,2
5231556,2
5231572,2
5231581,2
5231597,2
5231606,2
5231614,2
5231622,2
5231631,2
5231647,2
5231656,2
5231672,2
5231681,2
5231697,2
5231706,2
5231722,2
5231731,2
5231747,2
5231756,2
5231772,2
5231781,2
5231797,2
5231806,2
5231822,2
5231831,2
5231847,2
5231856,2
5231872,2
5231881,2
5231897,2
5231906,2
5231922,2
5231931,2
5231947,2
5231956,2
5231972,2
5231981,2
5231997,2
5232006,5
5232014,5
5232022,2
5232031,2
5232048,2
5232056,2
5232072,2
5232081,2
5232097,2
5232106,2
5232122,2
5232131,2
5232147,2
5232156,2
5232172,5
5232181,5
5232206,5
5232223,5
5232231,5
5232247,5
5232256,5
5232272,5
5232281,5
5232297,5
5232306,5
5232322,5
5232331,5
5232347,5
5232356,5
5232372,5
5232381,5
5232389,5
5232397,5
5232406,5
5232422,5
5232431,5
5232439,5
5232447,5
5232456,5
5232472,5
5232481,5
5232497,5
5232506,5
5232522,5
5232531,5
5232547,5
5232556,5
5232572,5
5232581,5
5232597,5
5232606,2
5232622,2
5232631,2
5232647,2
5232656,2
5232672,2
5232681,2
5232697,2
5232706,2
5232723,2
5232731,2
5232747,2
5232756,2
5232772,2
5232781,2
5232797,2
5232806,2
5232814,2
5232822,2
5232831,2
5232848,2
5232856,2
5232872,2
5232881,2
5232897,2
5232906,2
5232922,2
5232931,2
5232947,2
5232956,2
5232972,2
5232981,2
5232997,2
5233006,2
5233022,2
5233031,2
5233047,2
5233056,2
5233072,2
5233081,2
5233097,2
5233106,2
5233122,2
5233131,2
5233147,2
5233156,2
5233172,2
5233181,2
5233197,2
5233206,2
5233214,2
5233222,2
5233231,2
5233247,2
5233256,2
5233272,2
5233281,2
5233297,2
5233306,2
5233322,2
5233331,2
5233347,2
5233356,2
5233372,2
5233381,2
5233397,2
5233414,2
5233422,2
5233431,2
5233439,2
5233447,2
5233456,2
5233464,2
5233472,2
5233481,2
5233489,2
5233497,2
5233506,2
5233514,2
5233522,2
5233531,2
5233539,2
5233547,2
5233556,2
5233564,2
5233581,2
5233589,2
5233606,2
5233614,2
5233631,2
5233639,2
5233656,2
5233664,2
5233681,2
5233689,2
5233706,2
5233714,2
5233722,2
5233731,2
5233739,2
5233747,2
5233756,2
5233764,2
5233772,2
5233781,2
5233789,2
5233806,2
5233814,2
5233822,2
5233831,2
5233839,2
5233847,2
5233856,2
5233864,2
5233872,2
5233881,2
5233889,2
5233897,2
5233906,2
5233914,2
5233922,2
5233931,2
5233947,2
5233956,2
5233964,2
5233972,2
5233981,2
5233989,2
5233997,2
5234006,2
5234014,2
5234022,2
5234031,2
5234039,2
5234047,2
5234056,2
5234064,2
5234072,2
5234081,2
5234089,2
5234097,2
5234106,2
5234114,2
5234122,2
5234131,2
5234147,2
5234156,2
5234164,2
5234172,2
5234181,2
5234189,2
5234206,2
5234214,2
5234231,2
5234256,2
5234264,2
5234281,2
5234322,2
5234331,5
5234356,0
5234381,0
5234406,0
5234431,0
5234439,4
5234447,0
5234456,0
5234472,0
5234481,0
5234489,0
5234497,0
5234506,0
5234522,0
5234531,0
5234547,0
5234556,0
5234572,0
5234581,0
5234589,0
5234597,0
5234606,0
5234622,0
5234631,0
5234639,0
5234647,0
5234656,0
5234664,0
5234672,0
5234681,0
5234697,0
5234706,0
5234714,0
5234722,0
5234981,0
5235005,5
5235022,5
5235031,5
5235056,5
5235072,0
5235081,0
5235097,0
5235106,0
5235122,0
5235130,0
5235139,0
5235147,0
5235156,0
5235172,0
5235181,0
5235197,0
5235206,0
5235214,0
5235222,0
5235230,0
5235247,0
5235256,0
5235272,0
5235281,0
5235297,0
5235306,0
5235322,0
5235331,0
5235339,0
5235347,0
5235356,0
5235364,0
5235372,0
5235380,0
5235397,0
5235405,0
5235422,0
5235430,0
5235439,0
5235447,0
5235456,0
5235464,0
5235472,0
5235480,0
5235497,0
5235505,0
5235514,0
5235530,0
5235539,0
5235547,0
5235555,0
5235564,0
5235572,0
5235580,0
5235589,0
5235605,0
5235614,0
5235622,0
5235630,0
5235639,0
5235647,0
5235655,0
5235664,0
5235672,4
5235680,0
5235689,0
5235697,0
5235705,0
5235714,0
5235722,0
5235731,0
5235739,0
5235747,0
5235755,0
5235764,0
5235772,0
5235780,0
5235789,0
5235797,0
5235805,0
5235814,0
5235822,0
5235830,0
5235839,0
5235847,0
5236205,4
5236222,4
5236230,3
5236247,3
5236264,3
5236272,3
5236280,3
5236289,2
5236297,2
5236322,2
5236330,3
5236347,3
5236356,3
5236364,3
5236372,3
5236380,3
5236389,3
5236397,3
5236405,3
5236414,3
5236422,3
5236447,3
5236455,3
5236464,3
5236472,3
5236480,3
5236489,3
5236497,3
5236514,3
5236522,3
5236530,3
5236539,3
5236547,3
5236555,3
5236572,3
5236580,3
5236589,3
5236597,3
5236605,3
5236614,3
5236622,3
5236630,3
5236639,3
5236647,3
5236655,3
5236664,3
5236672,3
5236680,3
5236689,3
5236697,3
5236705,3
5236714,3
5236722,3
5236730,3
5236747,3
5236755,3
5236772,3
5236797,3
5236805,3
5236822,3
5236847,3
5236855,3
5236872,3
5236880,3
5236922,3
5236947,3
5236972,3
5236997,3
5237005,3
5237022,3
5237047,3
5237055,3
5237072,3
5237089,3
5237097,3
5237122,3
5237130,3
5237147,3
5237155,3
5237172,3
5237180,3
5237197,3
5237222,3
5237247,3
5237272,4
5237297,4
5237322,4
5237330,4
5237347,4
5237372,4
5237389,4
5237397,4
5237422,4
5237447,4
5237472,4
5237497,4
5237514,4
5237522,4
5237547,4
5237564,4
5237589,4
5237597,4
5237622,4
5237647,4
5237672,4
5237689,4
5237697,4
5237722,4
5237747,4
5237756,4
5237772,4
5237789,4
5237797,4
5237814,4
5237822,4
5237847,4
5237872,4
5237889,4
5237897,3
5237914,3
5237922,3
5237947,4
5237955,4
5237972,4
5237981,4
5237989,4
5237997,4
5238014,4
5238022,4
5238047,4
5238064,4
5238072,4
5238097,4
5238114,4
5238122,4
5238130,4
5238147,4
5238172,4
5238189,4
5238455,4
5238472,4
5238480,4
5238505,2
5238514,2
5238522,3
5238530,3
5238547,3
5238555,3
5238580,3
5238597,2
5238605,2
5238614,2
5238622,3
5238630,3
5238639,3
5238647,3
5238655,3
5238664,3
5238680,3
5238689,3
5238697,3
5238705,3
5238714,3
5238722,3
5238730,3
5238739,3
5238755,3
5238764,3
5238772,2
5238780,2
5238789,2
5238797,2
5238805,2
5238814,2
5238822,2
5238830,2
5238847,2
5238855,2
5238864,2
5238872,2
5238880,2
5238889,2
5238897,2
5238905,2
5238914,2
5238922,2
5238930,2
5238955,2
5238964,2
5238980,2
5238989,2
5239005,2
5239014,2
5239022,2
5239030,2
5239047,2
5239055,2
5239063,2
5239072,2
5239080,2
5239089,2
5239097,2
5239105,2
5239114,2
5239122,2
5239130,2
5239147,2
5239155,2
5239164,2
5239172,2
5239180,2
5239188,2
5239197,2
5239205,2
5239222,2
5239230,2
5239247,2
5239255,2
5239272,2
5239280,2
5239288,2
5239297,2
5239305,2
5239313,2
5239322,2
5239330,2
5239347,2
5239355,2
5239363,2
5239372,2
5239380,2
5239389,2
5239397,2
5239405,2
5239413,2
5239422,2
5239430,2
5239438,2
5239447,2
5239455,2
5239472,3
5239480,4
5239497,4
5239505,4
5239522,4
5239530,4
5239547,4
5239555,4
5239572,3
5239597,3
5239605,3
5239614,4
5239622,4
5239630,2
5239647,4
5239655,2
5239672,2
5239680,2
5239697,2
5239705,3
5239722,3
5239730,3
5239747,3
5239755,3
5239763,3
5239772,3
5239780,3
5239797,3
5239805,3
5239813,3
5239822,3
5239830,3
5239838,3
5239847,3
5239855,3
5239863,3
5239872,3
5239880,3
5239888,3
5239897,3
5239905,3
5239922,3
5239930,3
5239938,3
5239947,3
5239955,3
5239963,3
5239972,3
5239980,2
5239988,2
5239997,2
5240005,2
5240013,2
5240022,2
5240030,2
5240038,2
5240047,2
5240055,3
5240063,3
5240072,3
5240080,2
5240088,2
5240097,3
5240105,3
5240113,3
5240122,3
5240130,3
5240138,3
5240147,3
5240155,3
5240163,3
5240172,3
5240180,3
5240197,3
5240205,3
5240213,3
5240222,3
5240230,3
5240238,2
5240247,3
5240255,3
5240263,3
5240272,3
5240280,3
5240288,3
5240297,3
5240305,3
5240313,3
5240322,3
5240330,3
5240347,3
5240355,3
5240363,3
5240372,3
5240380,3
5240388,3
5240397,3
5240405,3
5240413,3
5240422,3
5240430,3
5240447,3
5240455,2
5240463,2
5240472,3
5240480,4
5240488,2
5240497,2
5240505,2
5240513,2
5240522,3
5240530,3
5240539,3
5240547,3
5240555,3
5240563,2
5240572,3
5240580,2
5240588,2
5240597,3
5240605,3
5240613,3
5240622,3
5240630,3
5240638,3
5240647,3
5240655,3
5240663,2
5240672,4
5240680,2
5240688,2
5240697,3
5240705,3
5240713,3
5240722,3
5240730,2
5240747,2
5240755,2
5240763,2
5240772,2
5240830,5
5240847,0
5240855,0
5240872,0
5240880,0
5240897,0
5240905,0
5240922,0
5240930,0
5240947,0
5240955,0
5240972,0
5240980,0
5240997,0
5241005,0
5241022,0
5241030,0
5241047,0
5241055,0
5241072,0
5241080,0
5241097,0
5241105,0
5241122,0
5241130,0
5241147,0
5241155,0
5241172,0
5241180,0
5241197,0
5241205,0
5241222,0
5241230,0
5241247,0
5241255,0
5241272,0
5241280,0
5241297,0
5241313,0
5241322,0
5241330,0
5241347,0
5241355,0
5241363,0
5241372,5
5241380,2
5241597,0
5241605,0
5241622,0
5241630,0
5241647,0
5241655,0
5241672,0
5241680,0
5241697,0
5241705,0
5241722,0
5241730,0
5241763,0
5241772,0
5241780,0
5241797,0
5241805,0
5241822,0
5241830,0
5241847,0
5241855,0
5241863,0
5241872,0
5241880,0
5241888,5
5241897,5
5241905,5
5241913,5
5241922,5
5241930,5
5241938,5
5241947,5
5241955,5
5241963,5
5241972,5
5241980,5
5241988,5
5241997,5
5242005,5
5242013,5
5242022,5
5242030,5
5242038,5
5242047,5
5242055,5
5242063,5
5242072,5
5242080,2
5242088,2
5242097,2
5242105,2
5242113,2
5242122,2
5242130,2
5242138,2
5242147,2
5242155,2
5242163,2
5242172,2
5242180,2
5242188,2
5242197,2
5242205,2
5242213,2
5242222,2
5242230,2
5242238,5
5242247,2
5242255,2
5242263,2
5242272,2
5242280,2
5242288,2
5242297,2
5242305,2
5242313,2
5242322,2
5242330,2
5242338,2
5242347,2
5242355,2
5242363,2
5242372,2
5242380,2
5242388,2
5242397,2
5242405,2
5242414,2
5242422,2
5242430,2
5242438,2
5242447,2
5242455,2
5242463,2
5242472,2
5242480,2
5242488,2
5242497,2
5242505,2
5242513,2
5242521,2
5242530,2
5242538,2
5242547,2
5242555,2
5242563,2
5242572,2
5242580,2
5242588,2
5242597,2
5242605,2
5242613,2
5242622,5
5242630,5
5242638,5
5242647,5
5242655,5
5242663,5
5242671,5
5242680,5
5242688,5
5242696,5
5242705,5
5242713,5
5242722,5
5242730,5
5242738,5
5242747,5
5242755,5
5242763,0
5242771,0
5242780,0
5242788,0
5242797,0
5242805,0
5242813,0
5242821,0
5242830,0
5242838,5
5242847,5
5242855,5
5242863,5
5242872,0
5242880,0
5242888,0
5242896,0
5242905,0
5242921,0
5242930,0
5242947,0
5242955,0
5242971,0
5242980,0
5242997,0
5243005,0
5243021,0
5243030,0
5243046,0
5243055,0
5243071,0
5243080,0
5243096,0
5243105,0
5243113,0
5243121,0
5243130,0
5243146,0
5243155,5
5243163,5
5243171,5
5243180,5
5243188,5
5243196,5
5243205,5
5243213,5
5243221,5
5243230,5
5243238,5
5243246,5
5243255,5
5243271,5
5243280,5
5243288,5
5243297,5
5243305,5
5243313,5
5243321,5
5243330,5
5243338,5
5243346,5
5243355,5
5243363,5
5243371,5
5243380,5
5243388,5
5243396,5
5243405,5
5243413,5
5243421,5
5243430,5
5243438,5
5243446,5
5243455,5
5243463,5
5243471,5
5243480,5
5243488,5
5243496,5
5243505,5
5243513,5
5243521,5
5243530,5
5243538,5
5243546,5
5243555,5
5243563,5
5243571,5
5243580,5
5243588,5
5243596,5
5243605,5
5243613,5
5243621,5
5243630,5
5243638,5
5243647,5
5243655,5
5243663,5
5243671,5
5243680,5
5243688,5
5243705,5
5243713,5
5243721,5
5243730,5
5243738,5
5243747,5
5243755,5
5243763,5
5243771,5
5243780,5
5243788,5
5243796,5
5243805,5
5243813,5
5243821,5
5243830,5
5243838,5
5243846,5
5243855,5
5243863,5
5243871,5
5243880,5
5243888,5
5243896,5
5243905,5
5243913,5
5243921,5
5243930,5
5243938,5
5243946,5
5243955,5
5243963,5
5243971,5
5243980,5
5243988,5
5243996,5
5244005,5
5244014,5
5244030,5
5244046,5
5244055,5
5244063,5
5244071,5
5244080,5
5244088,5
5244096,5
5244105,5
5244121,5
5244130,5
5244146,5
5244155,5
5244163,5
5244171,5
5244180,5
5244188,5
5244196,5
5244205,5
5244230,5
5244246,5
5244255,5
5244263,5
5244271,5
5244280,5
5244288,5
5244296,5
5244305,5
5244313,5
5244321,5
5244330,5
5244338,5
5244346,5
5244355,5
5244363,5
5244371,5
5244380,5
5244388,5
5244396,5
5244405,5
5244413,5
5244421,5
5244430,5
5244438,5
5244446,5
5244455,5
5244463,5
5244471,5
5244480,5
5244488,5
5244496,5
5244505,5
5244513,5
5244521,5
5244530,5
5244538,5
5244546,5
5244555,5
5244563,5
5244571,5
5244580,5
5244588,5
5244596,5
5244605,5
5244613,5
5244621,5
5244630,5
5244638,5
5244646,5
5244655,5
5244663,5
5244671,5
5244680,5
5244688,5
5244696,5
5244705,5
5244721,5
5244730,5
5244738,5
5244746,5
5244755,5
5244763,5
5244771,5
5244780,5
5244788,5
5244796,5
5244805,5
5244813,5
5244821,5
5244830,5
5244838,5
5244846,5
5244855,5
5244863,5
5244871,5
5244880,5
5244888,5
5244896,5
5244905,5
5244913,5
5244921,5
5244930,5
5244938,5
5244946,5
5244955,5
5244963,5
5244971,5
5244980,5
5244988,5
5244996,5
5245005,5
5245013,5
5245021,5
5245030,5
5245038,5
5245046,5
5245055,5
5245063,5
5245071,5
5245080,5
5245088,5
5245096,5
5245105,5
5245113,5
5245121,5
5245130,5
5245138,5
5245146,5
5245155,5
5245163,5
5245171,5
5245180,5
5245188,5
5245196,5
5245205,5
5245213,5
5245221,5
5245230,5
5245238,5
5245247,5
5245255,5
5245263,5
5245271,5
5245280,5
5245288,5
5245296,5
5245305,5
5245313,5
5245321,5
5245330,5
5245338,5
5245346,5
5245355,5
5245363,5
5245371,5
5245380,5
5245388,5
5245396,5
5245405,5
5245413,5
5245421,5
5245430,5
5245438,5
5245446,5
5245455,5
5245463,5
5245471,5
5245480,5
5245488,5
5245496,5
5245505,5
5245513,5
5245521,5
5245530,5
5245538,5
5245546,5
5245555,5
5245563,5
5245571,5
5245580,5
5245588,5
5245596,5
5245605,5
5245613,5
5245621,5
5245630,5
5245638,5
5245655,2
5245663,2
5245671,2
5245680,2
5245688,2
5245696,3
5245705,3
5245713,3
5245721,3
5245730,3
5245738,4
5245747,4
5245755,4
5245763,4
5245771,4
5245780,4
5245788,4
5245796,3
5245805,3
5245813,3
5245821,3
5245830,3
5245838,4
5245846,4
5245855,4
5245863,4
5245871,4
5245880,3
5245888,3
5245896,3
5245905,3
5245913,3
5245921,3
5245930,3
5245938,3
5245946,3
5245955,3
5245963,3
5245971,3
5245980,3
5245988,3
5245996,3
5246005,4
5246022,4
5246030,4
5246046,4
5246055,4
5246071,4
5246080,4
5246096,4
5246105,4
5246121,4
5246130,4
5246146,3
5246155,3
5246171,3
5246180,3
5246196,3
5246205,4
5246221,4
5246230,4
5246246,4
5246255,4
5246263,4
5246271,3
5246280,3
5246288,2
5246296,2
5246305,2
5246313,2
5246321,2
5246330,2
5246338,2
5246346,2
5246355,2
5246363,2
5246371,2
5246380,3
5246388,3
5246396,3
5246405,3
5246413,3
5246421,3
5246430,2
5246438,2
5246446,2
5246455,2
5246463,2
5246471,2
5246480,2
5246488,2
5246496,2
5246505,2
5246513,2
5246521,2
5246529,2
5246538,2
5246546,2
5246554,3
5246563,3
5246571,3
5246580,3
5246588,3
5246596,3
5246605,3
5246613,3
5246621,3
5246630,2
5246638,2
5246646,2
5246655,2
5246663,2
5246671,2
5246679,3
5246688,3
5246696,3
5246704,3
5246713,3
5246721,3
5246729,3
5246738,3
5246746,3
5246755,3
5246763,3
5246771,3
5246779,3
5246788,3
5246796,3
5246805,3
5246813,3
5246821,3
5246829,2
5246838,2
5246846,2
5246854,2
5246871,2
5246880,2
5246888,2
5246896,2
5246904,2
5246921,3
5246929,3
5246946,3
5246954,3
5246963,3
5246971,3
5246980,3
5246988,2
5246996,3
5247004,3
5247013,3
5247021,4
5247029,4
5247046,4
5247054,2
5247063,4
5247096,4
5247121,4
5247138,4
5247146,4
5247404,4
5247413,4
5247421,4
5247429,4
5247438,3
5247446,3
5247454,3
5247471,3
5247479,3
5247488,2
5247496,2
5247504,2
5247513,2
5247521,2
5247529,2
5247538,2
5247546,2
5247555,2
5247563,2
5247571,2
5247580,2
5247588,2
5247596,2
5247604,2
5247613,2
5247621,2
5247629,2
5247638,2
5247646,2
5247654,2
5247663,2
5247671,2
5247679,2
5247688,2
5247696,2
5247704,2
5247713,2
5247721,2
5247729,2
5247738,2
5247746,2
5247754,2
5247763,2
5247771,1
5247779,1
5247788,1
5247796,1
5247804,2
5247813,2
5247821,1
5247829,1
5247838,1
5247846,1
5247854,1
5247863,2
5247871,1
5247879,1
5247888,1
5247896,1
5247904,1
5247913,2
5247921,1
5247929,1
5247938,1
5247946,1
5247954,1
5247963,1
5247971,1
5247979,1
5247988,1
5247996,1
5248004,2
5248021,2
5248030,1
5248046,1
5248054,1
5248071,1
5248079,1
5248088,2
5248096,1
5248104,1
5248121,1
5248130,1
5248146,1
5248154,1
5248163,1
5248171,1
5248179,1
5248196,1
5248204,1
5248221,1
5248229,1
5248246,1
5248254,1
5248271,1
5248279,1
5248296,1
5248304,1
5248321,1
5248329,1
5248346,1
5248354,1
5248371,1
5248380,1
5248396,1
5248404,1
5248421,1
5248430,1
5248446,1
5248454,1
5248471,1
5248479,1
5248496,1
5248504,1
5248521,1
5248529,1
5248546,1
5248554,1
5248571,1
5248580,1
5248596,1
5248604,1
5248621,1
5248630,1
5248646,1
5248655,1
5248671,2
5248679,2
5248688,5
5248696,1
5248704,1
5248721,1
5248729,1
5248746,1
5248754,1
5248771,2
5248780,2
5248796,2
5248804,1
5248821,1
5248829,1
5248846,1
5248854,1
5248863,2
5248871,2
5248879,2
5248888,2
5248896,1
5248904,1
5248921,1
5248929,1
5248946,1
5248954,1
5248963,2
5248971,2
5248979,2
5248988,2
5248996,1
5249004,1
5249013,2
5249021,2
5249029,2
5249038,2
5249046,2
5249054,2
5249063,2
5249071,1
5249079,1
5249096,1
5249104,1
5249113,2
5249121,2
5249129,2
5249146,2
5249155,2
5249163,2
5249171,2
5249179,2
5249188,2
5249196,2
5249204,2
5249221,2
5249229,2
5249238,2
5249246,2
5249254,2
5249263,2
5249271,1
5249488,4
5249538,4
5249554,4
5249563,4
5249579,4
5249588,4
5249596,4
5249604,4
5249613,4
5249621,4
5249629,4
5249646,4
5249654,4
5249671,4
5249679,4
5249696,4
5249704,4
5249721,4
5249729,4
5249738,4
5249746,4
5249754,4
5249771,4
5249779,4
5249796,4
5249813,4
5249821,4
5249838,4
5249846,4
5249863,4
5249871,4
5249888,4
5249896,4
5249904,4
5249913,4
5249921,4
5249929,4
5249937,4
5249946,4
5249954,4
5249962,4
5249971,4
5249980,4
5249988,4
5249996,4
5250004,4
5250013,4
5250021,4
5250029,4
5250038,4
5250046,4
5250054,4
5250063,4
5250071,4
5250079,4
5250096,4
5250104,4
5250121,4
5250129,4
5250138,4
5250146,4
5250154,4
5250163,4
5250171,4
5250179,4
5250188,4
5250196,4
5250204,4
5250213,4
5250221,4
5250229,4
5250238,4
5250246,4
5250254,4
5250271,4
5250279,4
5250288,4
5250296,4
5251179,4
5251229,4
5251246,4
5251271,4
5251304,4
5251400,4
5251408,4
5251417,4
5251425,4
5251433,4
5251442,4
5251450,4
5251458,4
5251475,4
5251483,4
5251492,4
5251500,4
5251508,4
5251517,4
5251525,4
5251533,4
5251542,4
5251550,4
5251558,4
5251567,4
5251575,3
5251583,3
5251592,3
5251600,3
5251608,3
5251617,3
5251625,3
5251633,3
5251650,3
5251658,3
5251667,3
5251675,3
5251684,3
5251692,3
5251700,3
5251708,3
5251717,3
5251725,3
5251733,3
5251742,3
5251750,3
5251758,3
5251767,3
5251775,3
5251783,3
5251792,3
5251800,3
5251808,3
5251817,3
5251825,3
5251833,3
5251842,3
5251850,3
5251858,3
5251867,2
5251875,2
5251883,2
5251892,2
5251900,3
5251908,3
5251917,3
5251925,3
5251933,3
5251942,3
5251950,3
5251958,3
5251967,3
5251975,2
5251983,2
5251992,2
5252000,2
5252008,2
5252017,2
5252025,2
5252033,2
5252042,2
5252050,2
5252058,2
5252067,2
5252075,2
5252083,2
5252092,2
5252100,2
5252108,2
5252117,2
5252125,2
5252133,2
5252150,2
5252158,2
5252167,2
5252175,2
5252183,2
5252192,2
5252200,2
5252208,2
5252217,2
5252225,2
5252233,2
5252250,2
5252258,2
5252275,2
5252283,5
5252509,3
5252533,2
5252550,4
5252558,4
5252583,2
5252592,4
5252608,4
5252625,4
5252633,4
5252650,4
5252658,4
5252675,4
5252683,4
5252692,4
5252700,4
5252708,4
5252717,4
5252725,4
5252733,4
5252750,4
5252758,4
5252775,4
5252783,4
5252800,4
5252808,4
5252825,4
5252833,4
5252850,4
5252858,4
5252867,4
5252875,4
5252883,4
5252892,4
5252900,4
5252908,4
5252925,4
5252933,4
5252942,4
5252950,4
5252958,4
5252967,4
5252975,4
5252983,4
5252992,4
5253000,4
5253008,4
5253017,4
5253025,4
5253033,4
5253050,4
5253058,4
5253075,4
5253083,4
5253092,3
5253100,3
5253108,3
5253117,3
5253125,3
5253133,3
5253142,3
5253150,3
5253158,3
5253167,3
5253175,3
5253183,3
5253192,3
5253200,3
5253208,3
5253217,3
5253225,3
5253233,4
5253250,4
5253258,4
5253267,4
5253275,4
5253283,4
5253291,4
5253300,4
5253308,4
5253325,4
5253333,4
5253350,4
5253358,4
5253367,4
5253375,4
5253383,4
5253391,4
5253400,4
5253408,3
5253416,3
5253425,3
5253433,3
5253450,3
5253458,3
5253466,3
5253475,3
5253483,3
5253492,3
5253508,4
5253517,4
5253525,4
5253533,4
5253550,4
5253558,4
5253567,4
5253575,4
5253592,4
5253883,2
5253891,2
5253900,2
5253908,4
5253916,4
5253925,4
5253933,4
5253950,4
5253958,4
5253966,4
5253975,4
5253983,4
5253991,4
5254000,4
5254008,4
5254016,4
5254025,4
5254033,4
5254041,4
5254050,4
5254058,4
5254066,4
5254075,4
5254084,4
5254100,4
5254108,4
5254116,4
5254125,4
5254133,4
5254141,4
5254150,4
5254158,4
5254166,4
5254183,3
5254192,3
5254200,3
5254208,3
5254217,3
5254225,3
5254233,3
5254241,3
5254258,3
5254266,3
5254275,3
5254283,3
5254291,3
5254300,3
5254308,3
5254316,3
5254325,3
5254333,3
5254341,3
5254350,3
5254358,3
5254366,3
5254375,3
5254383,3
5254391,3
5254400,3
5254408,3
5254417,3
5254425,3
5254433,3
5254441,3
5254450,3
5254458,3
5254466,3
5254475,3
5254483,3
5254491,3
5254500,3
5254508,3
5254516,3
5254525,3
5254533,3
5254541,3
5254550,4
5254558,4
5254566,4
5254575,4
5254583,4
5254591,4
5254600,4
5254608,4
5254616,4
5254625,4
5254633,4
5254641,4
5254650,4
5254658,4
5254666,4
5254675,4
5254683,3
5254700,3
5254708,3
5254725,3
5254733,3
5254741,3
5254750,3
5254758,3
5254766,3
5254775,3
5254783,3
5254791,3
5254800,3
5254808,3
5254825,3
5254833,3
5254841,3
5254850,3
5254858,3
5254883,3
5254900,3
5254908,3
5254925,3
5254933,3
5254950,3
5254958,3
5254966,3
5254975,3
5254983,3
5254991,3
5255000,3
5255008,3
5255016,3
5255025,3
5255033,3
5255050,3
5255058,3
5255066,3
5255075,3
5255083,3
5255100,3
5255108,3
5255125,3
5255133,3
5255141,3
5255150,2
5255158,2
5255166,2
5255175,2
5255183,2
5255191,2
5255200,2
5255208,2
5255217,2
5255225,2
5255233,3
5255241,3
5255250,3
5255258,3
5255266,3
5255275,3
5255283,3
5255300,3
5255308,3
5255325,3
5255333,3
5255341,3
5255350,3
5255358,3
5255366,3
5255375,3
5255383,3
5255391,3
5255400,3
5255408,3
5255416,3
5255425,3
5255433,3
5255450,3
5255458,3
5255466,3
5255475,3
5255483,3
5255491,3
5255500,3
5255508,2
5255516,2
5255525,2
5255559,5
5255566,5
5255575,0
5255583,0
5255591,0
5255600,0
5255608,0
5255616,0
5255625,0
5255633,0
5255641,0
5255650,0
5255658,0
5255666,0
5255675,0
5255683,0
5255691,0
5255700,0
5255708,0
5255716,0
5255725,0
5255733,0
5255741,0
5255750,0
5255758,0
5255766,0
5255775,0
5255783,0
5255791,0
5255800,0
5255808,0
5255816,0
5255825,0
5255833,0
5255841,0
5255850,0
5255858,0
5255875,0
5255883,0
5255891,0
5255900,0
5255908,0
5255983,0
5255991,0
5256000,0
5256008,0
5256016,0
5256025,0
5256033,0
5256041,0
5256058,0
5256066,0
5256108,0
5256116,0
5256133,0
5256141,0
5256150,0
5256166,0
5256175,0
5256183,0
5256191,0
5256200,0
5256208,0
5256216,0
5256233,0
5256450,0
5256625,0
5256633,0
5256650,0
5256658,0
5256675,0
5256683,0
5256700,0
5256708,0
5256725,0
5256733,0
5256750,0
5256758,0
5256775,0
5256783,0
5256800,0
5256808,0
5256825,0
5256833,0
5256850,0
5256858,0
5256875,0
5256883,0
5256900,0
5256908,0
5256925,0
5256933,0
5256950,2
5256958,5
5256975,2
5256983,4
5257000,4
5257008,4
5257025,4
5257033,4
5257050,4
5257058,4
5257075,4
5257083,4
5257100,3
5257108,3
5257124,3
5257133,3
5257150,3
5257158,3
5257175,3
5257183,3
5257200,3
5257208,3
5257225,2
5257233,2
5257250,2
5257258,2
5257274,2
5257283,2
5257300,2
5257308,2
5257325,2
5257333,2
5257349,2
5257358,2
5257375,2
5257383,2
5257400,2
5257408,2
5257425,2
5257433,2
5257450,2
5257458,2
5257474,2
5257483,2
5257500,2
5257508,2
5257525,2
5257533,2
5257550,2
5257558,2
5257574,2
5257583,2
5257600,2
5257608,2
5257624,2
5257633,2
5257649,2
5257658,2
5257674,2
5257683,2
5257699,4
5257708,4
5257725,4
5257733,4
5257749,4
5257758,4
5257774,4
5257783,4
5257799,4
5257808,4
5257824,4
5257833,4
5257849,4
5257858,4
5257874,4
5257883,4
5257899,4
5257908,4
5258054,4
5258062,4
5258079,4
5258087,4
5258104,4
5258112,4
5258129,4
5258137,4
5258154,4
5258162,4
5258170,4
5258179,4
5258187,4
5258195,4
5258204,4
5258212,4
5258229,4
5258237,4
5258254,4
5258262,4
5258279,4
5258287,4
5258304,4
5258312,4
5258329,4
5258337,4
5258362,4
5258387,3
5258412,3
5258437,3
5258462,3
5258587,4
5258612,4
5258629,4
5258637,4
5258654,4
5258662,4
5260868,4
5260876,4
5260893,3
5260901,3
5260918,3
5260926,3
5260951,3
5260968,3
5260976,3
5260993,3
5261001,3
5261018,3
5261026,3
5261043,3
5261051,3
5261068,3
5261076,3
5261093,3
5261101,3
5261126,3
5261151,3
5261176,3
5261201,3
5261226,3
5261251,3
5261276,4
5261301,4
5261326,4
5261343,4
5261351,4
5261368,4
5261376,4
5261393,4
5261401,4
5261418,4
5261426,4
5261443,4
5261451,4
5261468,4
5261476,4
5261493,3
5261501,3
5261518,3
5261526,3
5261543,3
5261551,3
5261568,3
5261576,3
5261593,3
5261601,3
5261618,3
5261626,3
5261643,3
5261651,3
5261668,3
5261676,3
5261693,3
5261701,3
5261718,3
5261726,3
5261743,3
5261751,3
5261768,3
5261776,3
5261793,3
5261801,3
5261818,4
5261826,4
5261843,4
5261851,4
5261939,4
5261947,4
5261964,4
5261972,5
5261989,4
5261997,4
5262222,4
5262272,4
5262289,4
