4978569,5
4978585,5
4978593,5
4978682,5
4978690,5
4978698,5
4978715,5
4978723,5
4978740,5
4978765,5
4978790,5
4978815,5
4978840,5
4978865,5
4978881,5
4978906,5
4978931,5
4978940,5
4978956,5
4978965,5
4978981,5
4978990,5
4979006,5
4979015,5
4979031,5
4979056,5
4979081,5
4979090,5
4979098,5
4979106,5
4979123,5
4979131,5
4979140,5
4979148,5
4979156,5
4979165,5
4979173,5
4979181,5
4979190,5
4979198,5
4979206,5
4979215,5
4979223,5
4979231,5
4979240,5
4979248,5
4979256,5
4979265,5
4979281,5
4979290,5
4979331,5
4979340,5
4979356,5
4979365,5
4979373,5
4979381,5
4979390,5
4979398,5
4979415,0
4979423,0
4979431,0
4979440,5
4979448,5
4979456,5
4979465,5
4979481,5
4979498,5
4979506,5
4979515,5
4979523,5
4979531,5
4979540,5
4979556,5
4979565,5
4979573,5
4979581,5
4979590,5
4979606,5
4979615,5
4979631,5
4979640,5
4979656,5
4979681,5
4979690,5
4979706,5
4979715,5
4979731,5
4979756,5
4979845,5
4979861,5
4979869,1
4979878,1
4979886,1
4979894,1
4979903,1
4979919,1
4979928,1
4979936,1
4979944,1
4979961,1
4979969,1
4979978,1
4979986,1
4979994,1
4980003,6
4980011,6
4980019,1
4980036,1
4980044,1
4980053,1
4980061,1
4980069,1
4980078,1
4980094,1
4980103,1
4980111,1
4980119,1
4980128,1
4980136,1
4980144,1
4980153,1
4980161,1
4980169,1
4980178,2
4980194,2
4980203,1
4980228,1
4980236,1
4980244,3
4980253,3
4980261,1
4980269,1
4980278,1
4980294,1
4980319,6
4980328,6
4980336,6
4980344,2
4980353,2
4980361,2
4980369,1
4980378,2
4980394,2
4980403,1
4980419,1
4980428,1
4980444,1
4980453,1
4980461,1
4980469,1
4980478,1
4980486,1
4980494,1
4980503,1
4980511,1
4980519,6
4980528,1
4980536,1
4980544,1
4980561,1
4980569,1
4980578,1
4980586,1
4980594,1
4980603,1
4980611,1
4980619,1
4980628,1
4980636,1
4980644,1
4980661,1
4980669,1
4980678,1
4980686,1
4980694,1
4980703,1
4980711,1
4980719,1
4980728,1
4980736,1
4980744,1
4980753,1
4980761,1
4980769,1
4980778,1
4980794,1
4980803,1
4980819,6
4980828,6
4980925,5
4980933,5
4980941,5
4980958,5
4980966,5
4980974,5
4980983,5
4980991,5
4980999,5
4981008,5
4981016,5
4981024,5
4981041,5
4981049,5
4981058,5
4981066,5
4981074,5
4981083,5
4981091,5
4981108,5
4981133,5
4981141,5
4981166,5
4981183,5
4981191,5
4981208,5
4981216,0
4981224,5
4981233,5
4981258,5
4981274,5
4981283,5
4981299,5
4981308,5
4981324,5
4981333,5
4981349,5
4981358,5
4981366,5
4981374,5
4981383,4
4981399,4
4981408,5
4981424,5
4981458,5
4981474,5
4981483,4
4981499,4
4981508,5
4981524,5
4981533,5
4981558,5
4981574,5
4981599,5
4981624,5
4981633,5
4981674,5
4981708,5
4981733,5
4981758,5
4981774,5
4981783,5
4981799,5
4981824,5
4981833,1
4981849,1
4981858,1
4981874,1
4981883,1
4981899,1
4981908,1
4982004,1
4982020,1
4982029,1
4982045,1
4982054,6
4982070,6
4982079,6
4982095,6
4982104,6
4982120,6
4982145,6
4982154,5
4982170,5
4982179,5
4982187,5
4982195,5
4982204,5
4982229,5
4982245,5
4982254,5
4982279,5
4982295,5
4982304,5
4982312,5
4982329,5
4982345,5
4982354,5
4982370,5
4982378,5
4982387,5
4982404,5
4982420,5
4982429,5
4982445,5
4982454,5
4982470,5
4982479,5
4982495,5
4982504,5
4982520,5
4982529,5
4982554,5
4982570,5
4982579,5
4982595,5
4982604,5
4982629,5
4982645,2
4982654,2
4982670,2
4982678,2
4982695,2
4982704,2
4982720,2
4982729,2
4982745,2
4982754,2
4982770,2
4982779,2
4982795,2
4982804,2
4982820,2
4982829,2
4982845,2
4982878,2
4982895,2
4982903,2
4982920,2
4982929,2
4982954,2
4982970,2
4982978,2
4983116,2
4983125,2
4983141,2
4983150,2
4983166,2
4983175,2
4983191,2
4983200,2
4983216,2
4983225,2
4983241,2
4983250,2
4983266,2
4983275,2
4983291,2
4983300,2
4983316,2
4983325,2
4983341,2
4983366,2
4983374,2
4983391,2
4983400,2
4983416,2
4983425,2
4983441,2
4983450,2
4983466,2
4983491,2
4983500,2
4983516,2
4983541,2
4983549,2
4983566,2
4983574,2
4983591,2
4983599,2
4983616,2
4983625,2
4983641,2
4983649,2
4983666,2
4983674,2
4983691,2
4983699,2
4983716,2
4983724,2
4983741,2
4983749,2
4983766,2
4983774,2
4983791,2
4983799,2
4983816,2
4983825,2
4983841,2
4983849,2
4983866,2
4983874,2
4983891,2
4983899,2
4983916,2
4983925,2
4983941,2
4983950,2
4983966,2
4983975,2
4983991,2
4983999,2
4984016,2
4984025,2
4984041,2
4984049,2
4984138,2
4984146,2
4984162,2
4984171,2
4984187,2
4984196,2
4984212,2
4984221,2
4984237,2
4984245,2
4984262,2
4984270,2
4984287,2
4984295,2
4984312,2
4984320,2
4984337,2
4984345,2
4984362,2
4984371,2
4984388,2
4984396,2
4984412,2
4984420,2
4984437,2
4984445,2
4984462,2
4984470,2
4984487,2
4984496,3
4984512,2
4984520,2
4984537,2
4984545,2
4984562,2
4984570,2
4984587,2
4984595,2
4984612,2
4984620,2
4984645,2
4984662,2
4984670,3
4984695,3
4984712,3
4984720,3
4984737,3
4984745,3
4984762,3
4984770,3
4984795,3
4984812,3
4984820,3
4984837,3
4984845,3
4985020,4
4985045,4
4985062,4
4985070,4
4985087,4
4985095,4
4985112,4
4985120,4
4985137,4
4985145,4
4985162,4
4985170,4
4985187,4
4985195,4
4985212,4
4985220,4
4985237,4
4985245,4
4985262,4
4985270,4
4985287,4
4985295,4
4985312,4
4985320,4
4985337,4
4985345,4
4985362,4
4985370,4
4985387,4
4985395,4
4985420,4
4985437,4
4985445,4
4985462,4
4985470,4
4985487,4
4985495,4
4985520,4
4985537,4
4985545,4
4985562,4
4985570,4
4985587,4
4985595,4
4985612,4
4985620,4
4985637,4
4985645,4
4985662,4
4985670,4
4985687,4
4985695,4
4985712,4
4985720,4
4985737,4
4985745,4
4985762,3
4985770,3
4985787,3
4985795,3
4985812,3
4985820,3
4985837,3
4985845,3
4985862,3
4985870,3
4985887,3
4985895,3
4985912,3
4985920,3
4985937,3
4985945,3
4985962,3
4985970,3
4985987,3
4985995,3
4986012,3
4986020,3
4986037,3
4986045,3
4986062,3
4986070,3
4986087,3
4986095,3
4986112,3
4986120,3
4986137,3
4986145,3
4986162,3
4986170,3
4986187,3
4986195,3
4986212,3
4986220,3
4986237,3
4986245,3
4986262,3
4986270,3
4986287,3
4986296,3
4986312,3
4986320,3
4986337,3
4986345,3
4986362,3
4986370,3
4986387,3
4986395,3
4986412,3
4986420,3
4986437,3
4986445,3
4986462,3
4986470,3
4986487,3
4986496,3
4986512,3
4986520,3
4986537,3
4986545,2
4986562,3
4986570,3
4986587,3
4986595,3
4986612,3
4986620,3
4986637,3
4986645,3
4986662,3
4986670,3
4986687,3
4986712,3
4986720,3
4986737,3
4986745,3
4986762,3
4986770,3
4986787,3
4986795,2
4986812,2
4986820,2
4986837,2
4986845,2
4986862,2
4986870,2
4986887,2
4986895,2
4986912,2
4986920,2
4986937,2
4986945,2
4986962,3
4986970,3
4986987,3
4986995,3
4987012,3
4987020,3
4987037,3
4987045,3
4987062,3
4987070,3
4987095,3
4987112,3
4987120,3
4987137,3
4987145,3
4987170,3
4987187,3
4987195,3
4987212,3
4987220,3
4987237,3
4987245,3
4987262,3
4987270,3
4987295,3
4987312,3
4987320,3
4987337,3
4987345,3
4987362,3
4987370,3
4987387,3
4987395,3
4987412,3
4987420,3
4987437,3
4987445,3
4987462,3
4987470,3
4987487,3
4987495,3
4987512,3
4987520,3
4987537,3
4987545,3
4987562,3
4987570,3
4987587,3
4987595,3
4987612,3
4987620,3
4987637,3
4987645,3
4987662,3
4987670,3
4987687,3
4987695,3
4987712,3
4987720,3
4987737,3
4987745,3
4987762,3
4987770,3
4987787,3
4987795,3
4987812,3
4987820,4
4987837,4
4987845,4
4987862,4
4987870,4
4987887,4
4987895,4
4987920,4
4987937,4
4987945,4
4987962,4
4987970,4
4987995,4
4988020,4
4988037,4
4988045,4
4988062,4
4988070,4
4988095,4
4988137,4
4988145,4
4988162,4
4988170,4
4988187,3
4988195,3
4988212,3
4988220,3
4988237,3
4988245,3
4988262,3
4988270,3
4988287,3
4988295,3
4988312,3
4988320,3
4988337,3
4988345,3
4988362,3
4988370,3
4988387,3
4988395,3
4988412,3
4988420,3
4988437,3
4988445,3
4988462,3
4988470,3
4988487,3
4988495,3
4988512,3
4988520,3
4988537,3
4988545,3
4988562,3
4988570,3
4988587,3
4988595,3
4988612,3
4988620,3
4988637,3
4988645,3
4988653,3
4988662,3
4988670,3
4988687,3
4988695,3
4988712,3
4988720,3
4988737,3
4988745,4
4988762,4
4988770,4
4988787,4
4988795,4
4988812,4
4988820,4
4988837,4
4988845,4
4988862,3
4988870,3
4988887,3
4988895,3
4988912,3
4988920,3
4988937,3
4988945,3
4988962,3
4988970,3
4988987,3
4988995,3
4989020,3
4989037,3
4989045,3
4989062,3
4989070,3
4989087,3
4989095,3
4989112,3
4989120,3
4989137,3
4989145,3
4989162,3
4989170,3
4989187,3
4989195,3
4989220,3
4989237,3
4989245,3
4989262,3
4989270,3
4989278,3
4989287,3
4989295,3
4989312,3
4989320,3
4989337,3
4989345,3
4989353,3
4989362,3
4989370,3
4989387,4
4989395,4
4989403,4
4989412,4
4989420,4
4989437,4
4989445,4
4989453,4
4989462,4
4989470,4
4989487,4
4989495,4
4989512,3
4989520,3
4989562,3
4989570,3
4989587,3
4989595,3
4989612,3
4989620,3
4989637,3
4989645,3
4989662,3
4989670,4
4989687,4
4989695,3
4989712,3
4989737,3
4989745,4
4989762,4
4989770,4
4989787,4
4989795,4
4989812,4
4989820,4
4989837,4
4989845,4
4989887,4
4989895,3
4989912,3
4989920,3
4989937,3
4989945,3
4989962,3
4989970,3
4989995,3
4990012,2
4990020,2
4990037,2
4990045,2
4990062,2
4990070,2
4990087,2
4990095,2
4990112,2
4990120,2
4990145,2
4990162,2
4990170,2
4990195,2
4990212,2
4990237,2
4990245,1
4990262,1
4990270,1
4990295,2
4990312,2
4990320,2
4990337,2
4990345,2
4990362,2
4990370,2
4990387,2
4990395,2
4990412,2
4990437,1
4990445,1
4990470,6
4990487,1
4990495,1
4990512,6
4990608,2
4990633,2
4990783,1
4990800,6
4990808,6
4990850,6
4990858,6
4990875,5
4990900,5
4990908,0
4990933,0
4990950,0
4990975,0
4991000,0
4991008,0
4991033,0
4991050,0
4991058,0
4991075,0
4991083,0
4991100,0
4991108,0
4991133,0
4991158,5
4991175,5
4991183,5
4991225,5
4991233,6
4991250,6
4991258,1
4991275,1
4991283,6
4991300,6
4991308,6
4991325,6
4991333,6
4991358,1
4991375,6
4991383,6
4991408,6
4991425,6
4991433,6
4991450,6
4991458,1
4991475,6
4991483,6
4991500,6
4991508,5
4991525,5
4991533,5
4991550,5
4991575,5
4991600,5
4991608,5
4991633,5
4991746,5
4991771,5
4991796,5
4991821,5
4991846,5
4991871,5
4991896,5
4991921,5
4991946,5
4991996,5
4992021,5
4992046,5
4992071,5
4992096,5
4992121,5
4992146,5
4992171,5
4992196,5
4992221,5
4992246,5
4992271,5
4992296,5
4992321,5
4992346,5
4992371,5
4992396,5
4992421,5
4992446,5
4992471,5
4992496,5
4992521,5
4992546,0
4992621,0
4993127,1
4993252,5
4993277,5
4993352,5
4993377,5
4993402,5
4993427,5
4993452,5
4993502,5
4993527,5
4993552,5
4993602,2
4993652,2
4993677,2
4993827,5
4993852,5
4994833,0
4994883,0
4994908,0
4994958,5
4994983,5
4995033,5
4995058,5
4995133,5
4995158,5
4995183,5
4995208,5
4995233,5
4995283,5
4995308,5
4995333,5
4995408,5
4995433,5
4995458,5
4995483,5
4995658,5
4995708,5
4995733,5
4995783,5
4995808,2
4995904,2
4996029,2
4996104,2
4996129,2
4996329,5
4996354,5
4996404,5
4996429,5
4996454,5
4996579,5
4996754,5
4996779,2
4996804,2
4996879,5
4997080,5
4997130,5
4997155,5
4997180,5
4997205,5
4997230,5
4997380,5
4997405,5
4997480,0
4997505,0
4997530,0
4997655,0
4997905,5
4997930,5
4997955,5
4997980,5
4998005,5
4998030,2
4998055,2
4998151,2
4998193,2
4998201,2
4998218,2
4998243,2
4998351,2
4998368,2
4998376,2
4998385,2
4998393,2
4998418,2
4998451,2
4998468,2
4998493,5
4998501,5
4998518,5
4998526,5
4998543,2
4998568,2
4998576,2
4998593,2
4998601,2
4998618,2
4998626,2
4998643,2
4998651,2
4998668,2
4998676,2
4998693,2
4998701,2
4998718,5
4998726,5
4998743,2
4998751,2
4998768,2
4998776,2
4998793,2
4998801,2
4998818,5
4998826,5
4998843,2
4998851,2
4998868,2
4998876,2
4998893,2
4998901,2
4998918,2
4998926,2
4998943,2
4998951,2
4998968,2
4998976,2
4998984,2
4998993,2
4999001,2
4999018,2
4999026,2
4999043,2
4999051,2
4999059,2
4999068,2
4999093,2
4999101,2
4999118,2
4999126,2
4999214,2
4999222,2
4999239,2
4999247,2
4999264,2
4999272,2
4999289,2
4999297,2
4999305,2
4999314,2
4999322,2
4999330,2
4999339,2
4999347,2
4999364,2
4999372,2
4999380,2
4999389,2
4999405,2
4999414,2
4999422,2
4999430,2
4999439,2
4999447,2
4999455,2
4999464,2
4999472,2
4999480,2
4999489,2
4999497,2
4999505,2
4999514,2
4999522,2
4999530,2
4999539,2
4999547,2
4999555,2
4999564,2
4999572,2
4999580,2
4999589,2
4999597,2
4999605,2
4999614,2
4999622,2
4999630,2
4999639,2
4999647,2
4999664,2
4999672,2
4999689,2
4999697,2
4999714,2
4999722,2
4999739,2
4999747,2
4999764,2
4999772,2
4999789,2
4999814,2
4999822,2
4999839,2
4999847,2
4999864,2
4999872,2
4999889,1
4999897,2
4999914,2
4999922,2
4999939,2
4999947,2
4999964,2
4999972,2
4999980,2
4999989,2
4999997,2
5000014,2
5000030,2
5000039,2
5000047,2
5000064,2
5000072,2
5000080,2
5000089,2
5000097,2
5000105,2
5000114,2
5000122,2
5000130,2
5000139,2
5000147,2
5000164,2
5000172,5
5000189,5
5000197,5
5000205,2
5000214,1
5000222,1
5000230,1
5000239,1
5000247,1
5000255,1
5000264,1
5000272,1
5000280,1
5000289,1
5000297,1
5000305,1
5000314,1
5000322,1
5000330,1
5000339,1
5000347,1
5000355,1
5000364,1
5000372,1
5000380,1
5000389,1
5000397,1
5000405,1
5000414,1
5000422,1
5000430,1
5000439,1
5000447,1
5000464,2
5000472,2
5000489,2
5000497,2
5000514,2
5000522,2
5000539,2
5000547,2
5000564,2
5000572,2
5000589,2
5000597,2
5000614,2
5000622,2
5000639,2
5000647,2
5000655,2
5000664,2
5000672,2
5000680,2
5000689,2
5000697,2
5000705,2
5000714,2
5000722,2
5000730,2
5000739,2
5000747,2
5000755,2
5000764,2
5000772,2
5000780,2
5000789,2
5000797,2
5000805,2
5000814,2
5000822,2
5000830,2
5000839,2
5000847,2
5000855,2
5000864,2
5000872,2
5000880,2
5000889,2
5000897,2
5000905,2
5000914,2
5000922,2
5000930,2
5000939,2
5000947,2
5000955,2
5000964,2
5000972,2
5000980,2
5000989,2
5000997,2
5001005,2
5001014,2
5001022,2
5001030,2
5001038,2
5001047,2
5001055,2
5001064,2
5001072,2
5001080,2
5001089,2
5001097,2
5001105,2
5001114,2
5001122,2
5001130,2
5001139,2
5001147,2
5001164,5
5001172,5
5001180,5
5001189,2
5001197,2
5001214,5
5001222,5
5001230,5
5001239,5
5001247,5
5001264,5
5001272,5
5001289,5
5001297,2
5001313,5
5001322,5
5001338,5
5001347,5
5001364,5
5001372,5
5001389,5
5001397,5
5001414,5
5001422,5
5001438,5
5001447,5
5001464,5
5001472,5
5001489,5
5001497,5
5001513,5
5001522,5
5001538,5
5001547,5
5001563,5
5001572,5
5001588,5
5001597,5
5001605,5
5001613,5
5001622,5
5001630,5
5001638,5
5001647,5
5001655,5
5001663,5
5001672,5
5001680,5
5001688,5
5001697,5
5001705,5
5001713,5
5001722,5
5001730,0
5001739,0
5001747,0
5001755,0
5001763,0
5001772,0
5001780,0
5001788,0
5001797,0
5001805,0
5001813,0
5001822,0
5001830,0
5001838,0
5001847,0
5001855,0
5001864,0
5001872,0
5001880,0
5001888,0
5001897,0
5001905,0
5001914,0
5001922,0
5001938,0
5001947,0
