5037805,2
5037830,5
5037939,0
5037955,5
5038005,2
5038022,2
5038030,2
5038047,2
5038055,2
5038072,2
5038097,2
5038122,2
5038130,2
5038147,2
5038155,2
5038172,2
5038180,2
5038197,2
5038205,2
5038214,2
5038222,2
5038247,2
5038272,2
5038786,2
5038811,2
5038819,2
5038836,2
5038844,2
5038861,2
5038869,2
5038894,2
5038911,2
5038919,2
5038936,2
5038944,2
5038952,2
5038961,2
5038977,2
5038986,2
5038994,2
5039002,2
5039011,2
5039019,2
5039027,2
5039036,2
5039044,2
5039052,2
5039061,2
5039069,2
5039077,2
5039086,2
5039094,2
5039102,2
5039119,2
5039127,2
5039136,2
5039152,2
5039161,2
5039169,2
5039186,2
5039194,2
5039202,2
5039211,2
5039219,2
5039227,2
5039244,2
5039252,2
5040040,4
5040057,2
5040065,5
5040157,5
5040165,2
5040182,2
5040207,5
5040232,1
5040257,2
5040282,2
5040307,2
5040332,2
5040357,2
5040382,1
5040407,1
5040432,1
5040457,1
5040466,3
5040482,3
5040507,3
5040532,1
5040557,1
5040582,1
5040607,1
5040632,2
5040657,5
5040665,1
5040682,1
5040690,1
5040707,1
5040757,5
5040766,5
5040782,5
5040807,5
5040895,5
5040903,2
5040928,2
5040945,5
5040953,5
5040978,5
5040986,1
5041003,5
5041028,5
5041053,5
5041061,2
5041070,1
5041078,5
5041103,5
5041120,0
5041128,0
5041145,0
5041153,6
5041161,6
5041170,6
5041178,6
5041186,6
5041195,6
5041203,6
5041228,1
5041236,5
5041253,6
5041261,6
5041270,6
5041278,6
5041286,6
5041295,6
5041303,6
5041320,1
5041328,1
5041345,1
5041353,1
5041361,1
5041370,6
5041378,1
5041395,1
5041403,6
5041428,6
5041445,1
5041453,1
5041470,1
5041478,2
5041495,1
5041503,6
5041520,6
5041528,1
5041545,1
5041553,6
5041570,5
5041595,6
5041603,6
5041620,6
5041628,6
5041636,1
5041653,1
5041670,1
5041678,1
5041695,5
5041703,5
5041720,6
5041728,6
5041745,6
5041753,6
5041770,1
5041778,6
5041795,1
5041803,6
5041820,6
5041828,6
5041845,6
5041853,5
5041861,5
5041870,5
5041878,5
5041895,6
5041903,6
5041920,6
5041928,6
5041945,1
5041953,6
5041970,6
5041978,6
5041995,6
5042003,6
5042020,6
5042028,6
5042045,6
5042053,6
5042070,6
5042078,6
5042095,6
5042103,1
5042120,1
5042128,1
5042145,1
5042153,1
5042170,1
5042178,6
5042195,6
5042203,1
5042220,1
5042228,1
5042245,6
5042253,1
5042270,1
5042295,1
5042303,1
5042320,1
5042328,1
5042345,6
5042353,1
5042370,1
5042378,6
5042395,1
5042403,1
5042420,1
5042428,2
5042436,3
5042445,6
5042453,3
5042470,6
5042478,3
5042486,3
5042495,1
5042503,1
5042520,1
5042528,1
5042553,1
5042570,1
5042578,1
5042603,1
5042620,6
5042628,1
5042644,6
5042653,2
5042670,2
5042678,5
5042703,5
5042728,2
5042753,2
5042770,5
5042778,5
5042803,5
5042828,5
5042845,5
5042853,0
5042869,0
5042878,0
5042895,0
5042903,0
5042911,0
5042920,0
5042945,0
5042953,0
5042970,0
5042978,0
5042995,0
5043011,0
5043019,0
5043028,0
5043045,0
5043069,0
5043078,0
5043095,0
5043103,0
5043119,0
5043128,0
5043145,0
5043153,0
5043170,0
5043178,0
5043194,0
5043203,0
5043220,0
5043228,0
5043245,0
5043253,0
5043269,0
5043278,0
5043294,0
5043303,0
5043319,0
5043328,0
5043344,0
5043353,0
5043369,0
5043378,0
5043394,0
5043403,0
5043419,0
5043428,6
5043453,1
5043469,1
5043478,2
5043495,1
5043503,2
5043528,1
5043553,1
5043569,1
5043578,1
5043603,2
5043628,2
5043653,5
5043669,5
5043678,5
5043694,5
5043703,5
5043753,2
5043794,5
5043828,4
5043844,5
5043853,2
5043894,5
5043903,2
5043919,5
5043928,2
5043953,4
5043969,5
5044003,2
5044019,5
5044028,5
5044094,5
5044111,4
5044144,0
5044194,5
5044219,5
5044269,5
5044303,2
5044311,4
5044328,4
5044336,4
5044394,5
5044403,2
5044428,3
5044453,3
5044469,5
5044494,5
5044528,5
5044594,5
5044603,5
5044619,5
5044628,5
5044669,5
5044694,5
5044703,5
5044728,5
5044745,5
5044753,2
5044761,2
5044769,2
5044819,2
5044828,5
5044869,5
5044878,3
5044894,2
5044928,5
5044969,5
5044994,2
5045019,5
5045044,5
5045069,5
5045144,2
5045219,5
5045245,5
5045278,2
5045319,5
5045344,0
5045444,0
5045519,0
5045544,5
5045561,5
5045628,5
5045644,1
5045653,1
5045669,0
5045678,5
5045694,5
5045703,0
5045711,0
5045719,0
5045728,0
5045744,0
5045769,6
5045778,6
5045794,6
5045803,1
5045819,1
5045828,5
5045844,5
5045869,5
5045886,0
5045894,0
5045903,0
5045911,0
5045919,0
5045928,5
5045944,5
5045953,5
5045969,5
5045978,5
5045986,0
5045994,0
5046003,0
5046011,0
5046019,0
5046028,0
5046069,0
5046086,0
5046094,0
5046103,0
5046111,0
5046119,5
5046128,5
5046144,5
5046153,0
5046169,5
5046178,5
5046194,5
5046219,5
5046228,5
5046253,5
5046269,5
5046278,5
5046286,0
5046294,0
5046311,0
5046344,0
5046369,5
5046378,5
5046386,0
5046394,0
5046403,1
5046411,0
5046419,0
5046428,6
5046436,6
5046444,6
5046453,5
5046469,5
5046486,5
5046494,5
5046503,1
5046511,1
5046528,1
5046544,1
5046553,1
5046569,1
5046578,6
5046586,6
5046594,6
5046603,1
5046619,5
5046628,5
5046644,5
5046653,5
5046669,0
5046678,5
5046686,0
5046694,1
5046702,1
5046711,0
5046719,1
5046728,1
5046744,1
5046753,5
5046769,5
5046786,0
5046794,0
5046802,0
5046811,0
5046828,0
5046844,0
5046853,0
5046869,1
5046877,5
5046894,5
5046902,5
5046919,5
5046928,1
5046944,1
5046953,1
5046969,1
5046977,1
5046994,1
5047019,5
5047028,0
5047086,0
5047094,0
5047102,2
5047111,0
5047119,5
5047144,5
5047153,2
5047169,2
5047177,2
5047194,5
5047202,2
5047219,2
5047227,2
5047244,2
5047253,2
5047269,2
5047277,2
5047294,5
5047302,2
5047319,2
5047327,2
5047336,2
5047344,2
5047352,2
5047369,2
5047377,2
5047394,5
5047411,0
5047419,2
5047427,2
5047444,2
5047452,2
5047469,2
5047477,2
5047494,2
5047502,2
5047519,2
5047527,2
5047544,2
5047552,2
5047569,2
5047577,2
5047594,2
5047602,2
5047619,2
5047627,2
5047644,2
5047652,2
5047669,2
5047677,2
5047694,1
5047702,1
5047719,1
5047727,1
5047736,2
5047744,2
5047752,2
5047761,2
5047769,5
5047777,2
5047786,2
5047794,2
5047803,2
5047811,2
5047819,2
5047827,2
5047836,2
5047844,2
5047852,2
5047861,2
5047869,2
5047877,2
5047894,2
5047902,2
5047919,2
5047927,2
5047944,5
5047952,2
5047969,5
5047977,2
5047994,5
5048002,2
5048019,2
5048027,2
5048044,2
5048052,2
5048069,2
5048077,2
5048094,2
5048102,2
5048119,2
5048127,2
5048144,2
5048169,2
5048177,2
5048194,5
5048202,2
5048211,2
5048219,2
5048227,2
5048244,3
5048252,2
5048269,1
5048277,1
5048294,1
5048302,1
5048319,1
5048327,1
5048344,1
5048352,1
5048369,1
5048377,1
5048394,1
5048402,1
5048419,1
5048427,1
5048469,1
5048477,1
5048494,1
5048502,1
5048519,1
5048527,1
5048544,1
5048552,1
5048569,2
5048577,2
5048594,2
5048602,2
5048619,2
5048627,2
5048652,2
5048677,2
5048694,2
5048702,2
5048719,2
5048727,2
5048744,2
5048752,2
5048777,5
5048794,2
5048803,3
5048819,3
5048827,3
5048844,3
5048852,3
5048869,3
5048877,3
5048894,3
5048902,3
5048919,3
5048927,3
5048944,3
5048952,3
5048969,3
5048977,3
5048994,3
5049002,3
5049019,3
5049027,3
5049053,3
5049069,3
5049077,3
5049094,3
5049102,3
5049119,2
5049127,2
5049144,3
5049152,3
5049169,3
5049177,3
5049194,2
5049202,2
5049219,5
5049227,2
5049244,2
5049252,2
5049269,1
5049277,2
5049294,2
5049302,2
5049319,2
5049327,2
5049344,2
5049352,2
5049369,2
5049394,2
5049402,2
5049419,2
5049427,2
5049444,2
5049452,2
5049469,2
5049477,2
5049494,2
5049502,2
5049519,2
5049527,2
5049544,2
5049552,2
5049569,2
5049577,2
5049594,2
5049602,2
5049619,2
5049627,2
5049644,2
5049652,2
5049669,2
5049677,2
5049694,2
5049702,2
5049719,2
5049727,2
5049744,2
5049752,2
5049769,2
5049777,2
5049794,2
5049802,2
5049819,2
5049827,2
5049844,2
5049852,1
5049869,1
5049894,1
5049902,2
5049919,2
5049927,2
5049944,2
5049952,2
5049969,2
5049977,2
5049994,2
5050002,2
5050019,2
5050027,2
5050044,2
5050052,2
5050069,2
5050077,2
5050094,2
5050102,2
5050119,2
5050128,2
5050144,2
5050152,2
5050169,2
5050177,2
5050202,2
5050219,2
5050227,2
5050244,2
5050252,2
5050269,2
5050277,2
5050302,2
5050327,2
5050352,2
5050377,2
5050394,2
5050402,2
5050419,2
5050427,2
5050444,2
5050452,2
5050461,2
5050469,2
5050477,2
5050486,2
5050494,3
5050502,3
5050519,3
5050527,2
5050544,2
5050552,2
5050569,2
5050577,2
5050594,2
5050602,2
5050627,2
5050652,1
5050669,2
5050677,2
5050702,2
5050719,2
5050727,2
5050744,2
5050752,2
5050769,2
5050777,2
5050802,5
5050827,0
5050869,5
5050877,2
5050902,2
5050927,3
5050952,0
5050969,5
5051002,2
5051027,2
5051044,3
5051052,3
5051077,3
5051102,3
5051219,0
5051519,4
5051527,3
5051552,2
5051569,5
5051577,2
5051594,3
5051602,3
5051619,3
5051627,3
5051652,3
5051677,3
5051702,3
5051719,4
5051727,4
5051735,4
5051744,4
5051777,4
5051802,3
5051827,3
5051852,3
5051869,3
5051877,3
5051894,3
5051902,3
5051919,3
5051927,3
5051944,3
5051952,3
5051977,3
5051985,3
5051994,3
5052002,3
5052019,2
5052027,2
5052044,2
5052052,2
5052069,2
5052077,2
5052085,2
5052094,2
5052102,2
5052119,2
5052127,2
5052135,2
5052144,2
5052160,2
5052169,2
5052177,2
5052194,2
5052202,2
5052219,2
5052227,2
5052235,4
5052244,2
5052252,3
5052277,3
5052294,2
5052319,2
5052327,2
5052344,2
5052352,2
5052369,2
5052377,2
5052394,2
5052419,2
5052444,2
5052452,2
5052469,2
5052477,2
5052494,2
5052502,2
5052519,2
5052527,2
5052552,2
5052569,2
5052577,2
5052594,2
5052602,2
5052619,2
5052627,2
5052644,2
5052652,2
5052669,5
5052677,5
5052694,5
5052702,5
5052719,5
5052727,5
5052744,2
5052752,2
5052769,2
5052777,2
5052794,2
5052802,2
5052819,2
5052827,2
5052844,2
5052852,1
5052869,1
5052877,2
5052894,2
5052902,2
5052919,2
5052927,2
5052944,2
5052952,2
5052969,2
5052977,2
5052994,2
5053002,2
5053019,2
5053027,2
5053044,2
5053052,2
5053069,2
5053077,2
5053085,2
5053094,2
5053102,2
5053119,2
5053127,2
5053144,2
5053152,2
5053169,2
5053177,2
5053194,2
5053202,2
5053219,2
5053227,2
5053244,2
5053252,2
5053269,2
5053277,2
5053285,2
5053294,2
5053302,2
5053319,2
5053327,2
5053344,2
5053352,2
5053369,2
5053377,2
5053402,2
5053444,2
5053452,2
5053477,2
5053494,2
5053502,2
5053519,2
5053527,2
5053552,2
5053577,2
5053594,2
5053602,2
5053627,2
5053652,2
5053677,2
5053702,2
5053744,2
5053752,5
5053769,2
5053785,0
5054732,4
5054757,4
5054807,4
5054832,4
5054857,4
5054882,4
5054907,4
5054932,4
5054957,3
5055753,2
5055761,3
5055778,3
5055803,3
5055828,4
5055836,4
5055853,4
5055861,4
5055878,4
5055886,4
5055903,4
5055911,4
5055928,4
5055936,4
5055953,4
5055961,4
5055978,4
5055986,4
5056003,4
5056028,4
5056036,4
5056053,4
5056078,4
5056103,0
5056128,0
5056153,0
5056178,0
5056203,0
5056228,0
5056253,0
5056278,0
5056303,0
5056328,0
5056353,0
5056378,0
5056428,0
5056453,0
5056478,0
5056578,0
5056603,0
5056628,5
5056652,2
5056661,3
5056678,3
5056711,3
5057920,0
5057945,5
5057953,2
5057970,3
5057978,3
5057994,3
5058019,3
5058028,4
5058045,4
5058070,4
5058078,4
5058094,4
5058120,4
5058128,4
5058145,4
5058170,4
5058194,0
5058219,5
5058245,5
5058269,2
5058278,4
5058294,4
5058320,4
5058344,4
5058369,2
5058378,3
5058395,3
5058419,3
5058445,2
5058469,2
5058494,2
5058519,0
5058619,0
5058644,0
5058661,0
5058669,0
5058719,0
5058744,0
5058786,0
5058845,0
5058861,0
5060036,2
5060062,2
5060086,4
5060111,2
5060136,2
5060161,2
5060170,2
5060186,2
5060195,2
5060211,2
5060237,2
5060261,2
5060270,2
5060286,2
5060311,2
5060336,2
5060361,4
5060387,2
5060411,2
5060436,2
5060445,4
5060470,4
5060486,4
5060495,4
5060511,2
5060536,4
5060561,0
5060587,0
5060611,0
5060636,0
5060661,2
5060670,2
5060686,4
5060695,4
5060711,4
5060720,4
5060736,4
5060761,4
5060770,4
5060786,4
5060795,4
5060886,4
5060986,4
5060995,4
5061011,4
5061107,4
5061124,4
5061133,4
5061157,4
5061166,4
5061199,3
5061232,3
5061257,3
5061299,3
5061332,3
5061341,3
5061357,3
5061374,3
5061382,3
5061399,2
5061407,2
5061416,4
5061432,4
5061441,4
5061457,4
5061466,4
5061474,4
5061482,4
5061499,4
5061507,4
5061516,4
5061541,4
5061549,4
5061557,4
5061582,4
5061591,4
5061599,4
5061607,4
5061616,4
5061632,4
5061657,4
5061682,4
5061707,4
5061716,4
5061724,4
5061732,4
5061766,4
5061774,4
5061799,4
5061849,3
5061874,3
5061899,3
5061907,3
5061974,3
5061982,3
5061999,3
5062007,3
5062032,3
5062041,4
5062057,4
5062074,4
5062091,4
5062174,3
5062182,3
5062207,3
5062303,3
5062345,3
5062353,3
5062370,3
5062378,3
5062395,3
5062403,3
5062412,4
5062428,4
5062445,4
5062453,4
5062478,4
5062503,4
5062512,4
5062528,4
5062553,4
5062562,4
5062578,4
5062603,4
5062628,4
5062637,4
5062653,4
5062670,4
5062678,4
5062695,4
5062703,4
5062712,4
5062745,4
5062778,1
5062803,5
5062945,5
5062970,5
5062995,5
5063020,5
5063028,5
5063053,5
5063078,5
5063095,5
5063103,5
5063787,2
5063796,4
5063804,4
5063812,4
5063829,4
5063837,4
5063862,2
5063887,3
5063896,4
5063912,4
5063921,4
5063946,4
5063962,4
5063987,4
5064054,2
5064087,2
5064096,3
5064104,3
5064154,2
5064204,1
5064212,1
5064229,1
5064262,6
5064287,4
5064296,4
5064312,4
5064337,1
5064387,1
5064412,1
5064454,2
5064462,2
5064471,3
5064479,3
5064504,2
5064529,5
5064579,5
5064629,5
5064654,2
5064679,5
5064687,1
5064704,1
5064729,1
5064875,5
5066184,4
5066192,0
5067198,0
5067223,5
5067248,4
5067440,5
5068211,5
5068236,5
5068261,2
5068319,3
5068336,3
5068344,4
5068361,4
5068369,4
5068394,4
5068411,4
5068419,4
5068428,4
5068444,4
5068461,3
5068469,3
5068494,3
5068511,3
5068519,3
5068544,3
5068561,3
5068569,4
5068578,4
5068586,4
5068594,3
5068611,3
5068644,3
5068661,3
5068669,3
5068677,3
5068694,4
5068711,4
5068736,4
5068769,4
5068794,4
5068803,4
5068827,4
5068886,4
5068894,4
5068936,4
5068944,4
5068969,4
5068994,4
5069011,3
5069019,3
5069044,3
5069061,3
5069069,3
5069094,4
5069111,4
5069136,4
5069144,2
5071382,4
5071649,5
5072008,2
5072050,2
5072075,2
5072508,2
5072533,2
5072558,2
5072608,2
5072658,2
5072683,2
5072733,5
5072758,5
5072783,5
5073075,4
5073208,2
5073225,4
5073233,4
5073938,4
5073963,4
5074013,4
5074188,0
5074263,4
5074288,4
5074338,3
