5058107,1
5058115,1
5058124,1
5058132,1
5058140,1
5058149,1
5058157,1
5058165,1
5058174,1
5058182,1
5058190,1
5058199,1
5058207,1
5058215,1
5058224,1
5058232,1
5058240,1
5058249,1
5058257,1
5058265,1
5058274,1
5058282,1
5058290,1
5058299,1
5058307,1
5058315,1
5058324,1
5058332,1
5058340,1
5058349,1
5058357,1
5058365,1
5058374,1
5058382,1
5058390,1
5058399,1
5058407,1
5058415,1
5058424,1
5058432,1
5058440,1
5058466,1
5058474,1
5058482,1
5058490,1
5058499,1
5058507,1
5058515,1
5058524,1
5058532,1
5058540,1
5058549,1
5058557,1
5058565,1
5058574,1
5058582,1
5058590,5
5058599,5
5058607,5
5058615,5
5058624,5
5058632,5
5058640,5
5058649,5
5058657,5
5058665,5
5058674,5
5058682,5
5058690,0
5058699,0
5058707,0
5058715,0
5058724,0
5058732,0
5058740,0
5058749,0
5058757,0
5058765,0
5058774,0
5058782,0
5058790,0
5058799,0
5058807,5
5058815,5
5058824,5
5058832,5
5058840,5
5058849,5
5058857,5
5058865,5
5058874,5
5058882,5
5058890,5
5058899,5
5058907,5
5058915,5
5058924,5
5058932,5
5058940,5
5058949,5
5058957,5
5058965,5
5058974,5
5058982,5
5058990,5
5058999,5
5059007,5
5059015,5
5059024,5
5059032,5
5059040,5
5059049,5
5059057,5
5059065,5
5059074,5
5059082,5
5059090,5
5059099,5
5059107,5
5059115,5
5059124,5
5059132,5
5059140,5
5059149,5
5059157,5
5059165,5
5059174,5
5059182,5
5059190,5
5059199,5
5059207,5
5059215,5
5059224,5
5059232,5
5059240,5
5059249,5
5059257,5
5059265,5
5059274,5
5059282,5
5059290,5
5059299,5
5059307,5
5059315,5
5059324,5
5059332,5
5059340,5
5059349,5
5059357,5
5059365,5
5059374,5
5059382,5
5059390,5
5059399,5
5059424,5
5059432,5
5059440,5
5059449,5
5059457,5
5059465,5
5059474,5
5059482,5
5059490,5
5059499,5
5059507,5
5059515,5
5059524,5
5059532,5
5059540,5
5059549,5
5059557,5
5059565,5
5059582,5
5059590,5
5059599,5
5059607,5
5059615,1
5059632,1
5059640,5
5059649,5
5059657,5
5059665,4
5059682,5
5059690,5
5059699,5
5059707,5
5059715,5
5059724,5
5059732,5
5059740,5
5059749,5
5059757,5
5059765,5
5059773,5
5059782,5
5059790,5
5059798,5
5059807,5
5059815,5
5059832,5
5059840,5
5059857,5
5059865,5
5059882,5
5059890,5
5059899,5
5059907,5
5059915,5
5059932,5
5059940,5
5059957,5
5059965,5
5059974,5
5059982,5
5059990,5
5059999,5
5060007,5
5060015,5
5060024,5
5060032,5
5060040,5
5060048,5
5060057,5
5060065,5
5060073,5
5060082,2
5060090,2
5060098,2
5060107,2
5060115,2
5060124,2
5060132,2
5060140,2
5060149,2
5060157,2
5060165,2
5060173,2
5060182,2
5060190,2
5060198,2
5060207,2
5060215,2
5060223,2
5060232,2
5060240,2
5060249,2
5060257,2
5060265,2
5060273,2
5060282,2
5060290,2
5060298,2
5060307,2
5060315,2
5060323,2
5060332,2
5060340,2
5060348,2
5060357,2
5060365,2
5060374,2
5060382,2
5060390,2
5060398,2
5060407,2
5060415,2
5060423,2
5060432,2
5060440,2
5060448,2
5060457,2
5060465,2
5060473,2
5060482,2
5060490,2
5060498,2
5060507,2
5060515,2
5060524,2
5060532,2
5060540,2
5060548,2
5060557,2
5060565,2
5060573,2
5060582,2
5060590,2
5060598,2
5060607,2
5060615,2
5060623,2
5060632,2
5060640,2
5060649,2
5060657,2
5060665,2
5060674,2
5060682,2
5060690,2
5060698,2
5060707,2
5060715,2
5060723,2
5060732,2
5060740,2
5060748,2
5060757,2
5060765,2
5060773,2
5060782,2
5060790,2
5060799,2
5060807,2
5060815,2
5060823,4
5060832,4
5060840,4
5060848,4
5060857,4
5060865,4
5060873,4
5060882,2
5060890,2
5060898,2
5060907,2
5060915,2
5060923,2
5060932,2
5060940,4
5060949,4
5061157,4
5061173,4
5061198,4
5061215,4
5061223,4
5061232,4
5061240,4
5061248,4
5061257,4
5061265,3
5061273,3
5061282,3
5061290,3
5061298,3
5061307,3
5061315,3
5061323,3
5061332,3
5061341,3
5061348,3
5061357,3
5061365,3
5061373,3
5061382,3
5061390,3
5061398,3
5061407,1
5061415,1
5061423,1
5061432,1
5061440,1
5061465,1
5061473,1
5061482,5
5061490,5
5061498,5
5061507,5
5061515,5
5061523,5
5061532,5
5061540,5
5061548,5
5061557,5
5061565,4
5061582,5
5061590,5
5061599,5
5061607,5
5061615,5
5061623,5
5061632,5
5061640,5
5061648,5
5061657,5
5061665,5
5061673,5
5061682,5
5061690,5
5061698,5
5061707,5
5061715,5
5061732,4
5061740,4
5061749,4
5061757,4
5061773,4
5061782,4
5061790,4
5061798,4
5061807,4
5061815,4
5061823,4
5061832,4
5061840,4
5061848,4
5061857,4
5061865,4
5061873,4
5061882,4
5061890,4
5061898,4
5061907,4
5061915,4
5061923,4
5061932,4
5061940,4
5061948,4
5061973,4
5062215,4
5062248,2
5062257,2
5062265,2
5062273,2
5062282,2
5062290,5
5062298,5
5062307,5
5062315,5
5062324,5
5062332,5
5062340,5
5062348,5
5062357,5
5062365,5
5062373,5
5062382,5
5062390,5
5062398,5
5062407,5
5062415,5
5062423,5
5062432,5
5062440,5
5062448,5
5062457,5
5062465,5
5062473,5
5062482,5
5062490,5
5062498,5
5062507,5
5062515,5
5062523,5
5062532,5
5062540,5
5062548,5
5062557,5
5062565,5
5062573,5
5062582,5
5062590,5
5062598,5
5062607,5
5062615,5
5062623,5
5062632,5
5062640,5
5062648,5
5062657,5
5062665,5
5062673,5
5062682,5
5062690,5
5062698,5
5062707,5
5062715,5
5062723,5
5062732,5
5062740,5
5062748,5
5062757,5
5062765,5
5062773,5
5062782,5
5062790,5
5062798,5
5062807,5
5062815,5
5062823,5
5062832,5
5062840,5
5062848,5
5062857,5
5062865,5
5062873,5
5062882,5
5062890,5
5062898,5
5062907,5
5062915,5
5062923,5
5062932,5
5062940,5
5062948,5
5062957,5
5062965,5
5062973,5
5062982,5
5062990,5
5062998,5
5063007,5
5063015,5
5063023,5
5063032,5
5063040,5
5063048,5
5063057,5
5063065,5
5063073,5
5063082,5
5063090,5
5063098,5
5063107,5
5063115,5
5063123,5
5063132,5
5063140,5
5063149,5
5063157,5
5063165,5
5063173,5
5063182,5
5063190,5
5063198,5
5063207,5
5063215,5
5063223,5
5063232,5
5063240,5
5063248,5
5063257,5
5063265,5
5063273,5
5063282,5
5063290,5
5063298,5
5063307,5
5063315,5
5063323,5
5063332,5
5063340,5
5063348,5
5063357,5
5063365,5
5063373,5
5063382,1
5063390,1
5063398,1
5063407,1
5063415,1
5063423,1
5063432,1
5063440,1
5063448,1
5063457,1
5063465,1
5063473,1
5063482,1
5063490,1
5063498,1
5063507,1
5063515,1
5063523,1
5063532,1
5063540,1
5063549,1
5063557,1
5063565,1
5063573,1
5063582,1
5063590,1
5063598,1
5063607,1
5063615,1
5063623,1
5063632,1
5063640,1
5063648,1
5063657,1
5063665,4
5063673,4
5063682,1
5063690,1
5063698,5
5063707,5
5063715,5
5063723,5
5063731,5
5063740,5
5063748,5
5063757,5
5063765,4
5063773,4
5063782,5
5063790,5
5063798,5
5063807,5
5063815,5
5063823,5
5063832,5
5063840,5
5063848,5
5063856,5
5063865,5
5063873,5
5063882,5
5063890,5
5063898,5
5063906,5
5063915,5
5063923,5
5063931,5
5063940,5
5063949,5
5063956,5
5063965,5
5063973,5
5063982,5
5063990,5
5063998,5
5064006,5
5064015,5
5064023,5
5064031,5
5064040,5
5064048,5
5064057,5
5064065,5
5064082,5
5064090,2
5064098,2
5064106,2
5064123,2
5064131,4
5064140,4
5064148,2
5064156,2
5064165,2
5064173,2
5064182,2
5064190,2
5064198,2
5064207,2
5064216,2
5064223,2
5064231,2
5064240,2
5064248,2
5064256,2
5064265,2
5064273,2
5064282,2
5064290,2
5064298,2
5064306,2
5064315,2
5064323,2
5064331,5
5064340,5
5064349,5
5064356,5
5064365,5
5064373,5
5064382,5
5064390,5
5064398,5
5064406,5
5064415,5
5064423,5
5064431,5
5064440,5
5064448,5
5064456,5
5064465,5
5064473,5
5064482,5
5064490,5
5064498,5
5064507,5
5064515,5
5064523,5
5064531,5
5064540,5
5064548,5
5064556,5
5064565,5
5064573,5
5064582,5
5064590,5
5064598,5
5064606,5
5064616,5
5064623,5
5064632,5
5064640,5
5064648,5
5064656,5
5064673,5
5064831,0
5064840,0
5064856,0
5064873,0
5064881,0
5064890,0
5064898,0
5064906,0
5064915,0
5064923,0
5064931,0
5064940,0
5064948,0
5064956,0
5064965,0
5064973,0
5064981,0
5064990,0
5064998,0
5065006,0
5065015,0
5065023,0
5065032,0
5065040,0
5065048,0
5065056,0
5065065,4
5065073,4
5065081,0
5065090,0
5065098,0
5065106,0
5065115,0
5065123,0
5065131,0
5065140,0
5065148,0
5065157,0
5065165,0
5065173,0
5065181,0
5065190,0
5065198,0
5065206,0
5065215,0
5065223,0
5065231,0
5065240,0
5065248,0
5065256,0
5065265,0
5065273,0
5065281,0
5065290,0
5065298,0
5065306,0
5065315,0
5065323,0
5065331,0
5065340,0
5065348,0
5065356,0
5065365,0
5065373,0
5065381,5
5065390,5
5065398,5
5065406,5
5065415,5
5065423,5
5065431,5
5065440,5
5065448,5
5065456,5
5065465,5
5065473,5
5065481,5
5065490,5
5065498,5
5065506,5
5065515,5
5065523,5
5065531,5
5065540,5
5065548,5
5065556,5
5065565,5
5065573,5
5065581,5
5065590,5
5065598,5
5065606,5
5065615,5
5065623,5
5065631,5
5065640,5
5065648,5
5065656,5
5065665,5
5065673,5
5065681,5
5065690,5
5065698,5
5065706,5
5065715,5
5065723,5
5065731,5
5065740,2
5065748,2
5065756,2
5065765,2
5065773,2
5065781,2
5065790,2
5065798,2
5065806,2
5065815,2
5065823,2
5065831,2
5065840,2
5065848,2
5065856,2
5065865,2
5065873,2
5065881,2
5065890,2
5065898,2
5065906,2
5065915,2
5065923,2
5065931,2
5065940,2
5065948,2
5065957,2
5065965,2
5065973,2
5065981,2
5065990,2
5065998,2
5066006,2
5066015,2
5066023,2
5066031,2
5066040,2
5066048,2
5066056,2
5066065,2
5066073,2
5066081,2
5066090,2
5066098,2
5066106,2
5066115,2
5066123,2
5066131,2
5066140,2
5066148,2
5066156,2
5066165,2
5066173,2
5066181,2
5066190,2
5066198,2
5066206,2
5066215,2
5066223,2
5066231,2
5066240,2
5066248,2
5066256,2
5066265,2
5066273,2
5066281,2
5066290,2
5066298,2
5066306,2
5066315,2
5066323,2
5066331,2
5066340,2
5066348,2
5066357,2
5066365,2
5066373,2
5066381,2
5066390,2
5066398,2
5066406,2
5066415,2
5066423,2
5066431,2
5066440,2
5066448,2
5066456,2
5066465,2
5066473,2
5066481,2
5066490,2
5066498,2
5066506,2
5066515,2
5066523,2
5066531,2
5066540,2
5066548,2
5066556,2
5066565,2
5066573,2
5066581,2
5066590,2
5066598,2
5066606,2
5066615,2
5066623,2
5066631,5
5066640,5
5066648,5
5066656,5
5066665,2
5066673,2
5066681,2
5066690,2
5066698,2
5066706,2
5066715,2
5066723,2
5066731,2
5066740,2
5066748,2
5066757,2
5066765,2
5066773,2
5066781,2
5066790,2
5066798,2
5066806,2
5066815,2
5066823,2
5066831,2
5066840,2
5066848,2
5066856,2
5066865,2
5066873,2
5066881,2
5066890,2
5066898,2
5066906,2
5066915,2
5066923,2
5066931,2
5066940,2
5066948,2
5066956,2
5066965,2
5066973,2
5066981,2
5066990,2
5066998,2
5067006,2
5067015,2
5067023,2
5067031,2
5067040,2
5067048,2
5067056,4
5067148,4
5067173,4
5067248,4
5067256,4
5067273,4
5067281,4
5067298,4
5067306,4
5067315,4
5067323,4
5067331,4
5067340,4
5067348,2
5067356,2
5067365,2
5067373,2
5067381,2
5067390,2
5067398,2
5067406,2
5067415,2
5067423,2
5067431,2
5067440,2
5067448,2
5067456,2
5067465,2
5067473,2
5067481,2
5067490,2
5067498,2
5067506,2
5067515,2
5067523,2
5067531,2
5067540,2
5067548,2
5067557,2
5067565,2
5067573,2
5067581,2
5067590,2
5067598,2
5067606,2
5067615,2
5067623,2
5067631,2
5067640,2
5067648,2
5067656,2
5067664,2
5067673,2
5067681,2
5067690,2
5067698,2
5067706,2
5067714,2
5067723,2
5067731,2
5067740,2
5067748,2
5067756,2
5067764,2
5067773,2
5067781,2
5067789,2
5067798,2
5067806,2
5067815,2
5067823,2
5067831,2
5067840,2
5067848,2
5067856,2
5067864,2
5067873,2
5067881,2
5067890,2
5067898,2
5067906,2
5067923,4
5068148,4
5068164,4
5068173,4
5068181,4
5068189,4
5068198,4
5068206,4
5068214,4
5068223,4
5068231,4
5068239,4
5068248,4
5068256,4
5068264,4
5068273,4
5068281,4
5068289,4
5068298,4
5068306,2
5068314,2
5068323,2
5068331,2
5068340,4
5068348,4
5068356,4
5068365,4
5068373,4
5068381,2
5068389,2
5068398,2
5068406,2
5068414,2
5068423,4
5068431,4
5068439,3
5068448,3
5068456,3
5068464,3
5068473,3
5068481,3
5068489,3
5068498,3
5068506,3
5068514,3
5068523,3
5068531,3
5068539,3
5068548,3
5068556,3
5068564,3
5068573,3
5068581,3
5068589,3
5068598,3
5068606,3
5068614,3
5068623,3
5068631,3
5068639,3
5068648,3
5068656,3
5068664,4
5068673,4
5068681,3
5068689,3
5068698,3
5068706,3
5068714,3
5068723,3
5068731,3
5068739,3
5068748,3
5068756,3
5068764,3
5068773,3
5068781,3
5068789,3
5068798,3
5068806,3
5068814,3
5068823,3
5068831,3
5068839,3
5068848,3
5068856,3
5068864,3
5068873,3
5068881,1
5068889,1
5068898,1
5068906,1
5068914,1
5068923,1
5068931,1
5068939,1
5068948,1
5068956,1
5068964,3
5068973,3
5068981,3
5068989,3
5068998,3
5069006,3
5069015,3
5069023,3
5069031,1
5069039,1
5069048,1
5069056,1
5069064,1
5069073,3
5069081,3
5069089,3
5069098,3
5069106,3
5069114,3
5069123,3
5069131,1
5069139,1
5069148,1
5069156,1
5069164,3
5069173,3
5069181,3
5069189,3
5069198,3
5069206,3
5069214,3
5069223,3
5069231,3
5069239,3
5069248,3
5069256,3
5069264,3
5069273,3
5069281,3
5069289,3
5069298,3
5069306,3
5069314,3
5069323,3
5069331,3
5069339,3
5069348,3
5069356,3
5069364,3
5069373,3
5069381,3
5069389,3
5069398,3
5069406,3
5069414,3
5069431,3
5069439,3
5069448,3
5069456,3
5069464,3
5069481,3
5069489,3
5069498,3
5069506,3
5069514,3
5069531,5
5069539,5
5069556,5
5069564,5
5069581,5
5069589,5
5069606,5
5069614,5
5069631,5
5069639,5
5069656,5
5069664,5
5069681,5
5069689,5
5069706,5
5069714,5
5069723,5
5069731,5
5069739,5
5069748,5
5069756,5
5069764,5
5069773,5
5069781,5
5069789,5
5069798,5
5069806,5
5069814,5
5069823,5
5069831,5
5069840,5
5069856,5
5069864,5
5069873,5
5069881,5
5069889,5
5069898,5
5069906,5
5069914,5
5069931,5
5069939,5
5069956,5
5069965,5
5069973,5
5069981,5
5069989,5
5069998,3
5070006,3
5070014,3
5070023,3
5070031,3
5070039,3
5070056,3
5070064,3
5070073,3
5070081,3
5070089,3
5070098,3
5070106,3
5070114,3
5070123,3
5070131,3
5070139,3
5070156,3
5070164,3
5070173,3
5070181,3
5070189,3
5070198,3
5070206,3
5070214,3
5070239,3
5070256,4
5070273,4
5070281,4
5070298,4
5070306,4
5070314,4
5070323,4
5070331,4
5070339,4
5070348,4
5070356,4
5070364,2
5070373,2
5070381,2
5070389,2
5070398,2
5070406,2
5070414,2
5070423,2
5070431,2
5070439,2
5070448,2
5070456,2
5070464,2
5070473,2
5070481,2
5070489,2
5070498,2
5070506,2
5070514,2
5070523,2
5070531,2
5070539,2
5070548,2
5070556,2
5070564,2
5070573,2
5070581,2
5070589,2
5070598,2
5070606,2
5070614,2
5070623,2
5070631,2
5070639,2
5070648,2
5070656,2
5070664,2
5070673,2
5070681,2
5070689,2
5070698,2
5070706,2
5070714,2
5070723,2
5070731,2
5070739,2
5070748,2
5070756,2
5070764,2
5070773,2
5070781,2
5070789,2
5070798,2
5070806,2
5070814,2
5070823,2
5070831,2
5070839,2
5070848,2
5070856,2
5070864,2
5070873,2
5070881,2
5070889,2
5070898,2
5070906,2
5070914,2
5070923,2
5070931,2
5070939,2
5070948,2
5070956,2
5070964,2
5070973,2
5070981,2
5070989,2
5070998,2
5071006,2
5071014,2
5071023,2
5071031,2
5071039,2
5071048,2
5071056,2
5071064,2
5071073,2
5071081,2
5071089,2
5071098,2
5071106,2
5071114,2
5071123,2
5071131,2
5071139,2
5071148,2
5071156,2
5071165,2
5071173,2
5071181,2
5071189,2
5071198,2
5071206,2
5071214,2
5071223,2
5071231,2
5071239,2
5071248,2
5071256,2
5071264,2
5071273,2
5071281,2
5071289,4
5071298,4
5071464,4
5071489,4
5071498,4
5071506,4
5071523,4
5071547,4
5071556,4
5071573,4
5071581,4
5071606,4
5071614,4
5071622,4
5071639,4
5071648,4
5071656,4
5071664,4
5071672,4
5071681,4
5071689,4
5071698,4
5071706,4
5071714,4
5071723,4
5071731,3
5071739,3
5071747,3
5071756,3
5071764,3
5071772,3
5071781,3
5071789,3
5071806,3
5071814,3
5071831,3
5071839,3
5071856,3
5071864,3
5071881,3
5071889,3
5071906,3
5071914,3
5071922,3
5071931,5
5071939,5
5071947,5
5071956,5
5071964,5
5071973,5
5071981,5
5071989,5
5071997,5
5072006,5
5072014,5
5072022,5
5072031,5
5072039,5
5072047,5
5072056,5
5072064,5
5072072,5
5072081,3
5072089,3
5072106,3
5072114,3
5072123,3
5072131,3
5072139,3
5072147,3
5072164,4
5072172,4
5072181,4
5072189,4
5072197,4
5072206,2
5072214,2
5072223,2
5072231,2
5072239,2
5072247,2
5072256,2
5072264,2
5072272,2
5072281,2
5072289,2
5072297,2
5072306,2
5072314,2
5072322,2
5072331,2
5072339,2
5072347,2
5072356,2
5072364,2
5072372,2
5072381,2
5072389,2
5072397,2
5072406,2
5072414,2
5072422,2
5072431,2
5072439,2
5072447,2
5072456,2
5072464,2
5072472,2
5072481,2
5072489,2
5072497,2
5072506,2
5072514,2
5072522,2
5072531,2
5072539,2
5072548,2
5072556,2
5072564,2
5072572,2
5072581,2
5072589,2
5072597,2
5072606,2
5072614,2
5072623,2
5072631,2
5072639,2
5072647,2
5072656,2
5072664,2
5072672,2
5072681,2
5072689,2
5072697,2
5072706,2
5072714,2
5072722,2
5072731,2
5072739,2
5072747,2
5072756,2
5072765,2
5072773,2
5072781,2
5072789,2
5072797,2
5072806,2
5072814,2
5072822,2
5072831,2
5072839,2
5072847,2
5072856,2
5072864,2
5072872,2
5072881,2
5072889,2
5072898,2
5072906,2
5072914,2
5072922,2
5072931,2
5072939,2
5072947,2
5072956,2
5072964,2
5072972,2
5072981,2
5072989,2
5072997,2
5073006,2
5073014,2
5073022,2
5073031,2
5073039,2
5073047,2
5073056,2
5073064,2
5073072,2
5073081,2
5073089,2
5073097,2
5073106,2
5073114,2
5073122,2
5073131,2
5073139,2
5073147,2
5073156,2
5073164,2
5073172,2
5073181,2
5073189,2
5073197,2
5073206,2
5073214,2
5073222,2
5073231,2
5073456,2
5073472,2
5073489,4
5073497,4
5073506,4
5073522,4
5073531,4
5073539,4
5073547,4
5073556,4
5073564,4
5073573,4
5073581,4
5073589,4
5073597,4
5073606,4
5073614,4
5073622,4
5073631,4
5073639,4
5073647,4
5073656,2
5073664,2
5073672,2
5073681,2
5073689,2
5073697,2
5073706,2
5073714,2
5073722,2
5073731,2
5073739,2
5073747,2
5073756,2
5073764,2
5073772,2
5073781,2
5073789,2
5073797,2
5073806,2
5073814,2
5073822,2
5073831,2
5073856,5
5073864,5
5073872,5
5073881,5
5073889,5
5073897,5
5073906,0
5073914,0
5073922,0
5073931,0
5073939,0
5073947,0
5073956,0
5073964,0
5073972,0
5073981,0
5073989,0
5073997,0
5074006,0
5074014,0
5074022,0
5074031,0
5074039,0
5074047,0
5074056,0
5074064,0
5074072,0
5074081,0
5074089,0
5074097,0
5074106,0
5074114,0
5074122,0
5074131,0
5074139,0
5074147,0
5074156,0
5074164,0
5074172,0
5074181,0
5074189,0
5074197,0
5074206,0
5074214,0
5074222,0
5074231,0
5074239,0
5074247,0
5074256,0
5074264,0
5074272,0
5074281,0
5074289,0
5074297,0
5074306,0
5074314,0
5074322,0
5074331,5
5074339,5
5074347,5
5074356,0
5074364,0
5074372,0
5074381,0
5074389,0
5074397,0
5074406,0
5074414,0
5074422,0
5074431,5
5074439,5
5074447,0
5074456,0
5074464,0
5074472,0
5074481,0
5074489,0
5074497,0
5074506,0
5074514,0
5074522,0
5074531,0
5074539,0
5074547,0
5074556,0
5074564,0
5074572,0
5074581,0
5074589,0
5074597,0
5074606,0
5074614,0
5074622,0
5074631,0
5074639,0
5074647,0
5074656,0
5074664,0
5074672,0
5074681,0
5074689,0
5074697,0
5074706,0
5074714,0
5074722,0
5074731,0
5074739,0
5074747,0
5074756,0
5074764,0
5074772,0
5074781,0
5074789,0
5074797,5
5074806,5
5074814,2
5074822,2
5074831,2
5074839,2
5074847,2
5074856,2
5074864,2
5074872,2
5074881,2
5074889,2
5074897,2
5074906,2
5074914,2
5074939,2
5074947,2
5074956,2
5074964,2
5074972,2
5074981,2
5074989,2
5074997,2
5075006,2
5075014,2
5075022,2
5075031,2
5075039,2
5075048,2
5075056,2
5075064,2
5075072,2
5075081,2
5075089,2
5075097,2
5075106,2
5075114,2
5075122,2
5075131,2
5075139,2
5075147,2
5075156,2
5075164,2
5075172,2
5075181,2
5075189,2
5075197,2
5075206,2
5075214,2
5075222,2
5075231,2
5075239,2
5075247,2
5075256,2
5075264,2
5075272,2
5075280,2
5075289,2
5075297,5
5075305,5
5075314,5
5075322,0
5075331,0
5075339,0
5075347,0
5075355,0
5075364,0
5075372,0
5075380,0
5075389,0
5075397,0
5075405,0
5075414,0
5075422,0
5075430,0
5075439,0
5075447,0
5075472,0
5075480,0
5075489,0
5075497,0
5075505,0
5075514,0
5075522,0
5075530,0
5075539,0
5075547,0
5075555,0
5075564,0
5075572,0
5075581,0
5075589,0
5075597,0
5075605,0
5075614,0
5075622,0
5075630,5
5075639,5
5075647,5
5075655,0
5075664,0
5075672,0
5075680,0
5075689,0
5075697,0
5075706,0
5075714,0
5075722,0
5075730,0
5075739,0
5075747,0
5075755,0
5075764,0
5075772,0
5075780,2
5075789,2
5075797,2
5075805,2
5075814,2
5075822,2
5075830,4
5075839,4
5075847,4
5075856,2
5075864,2
5075872,2
5075880,2
5075889,2
5075897,2
5075905,2
5075914,2
5075922,2
5075930,2
5075939,2
5075947,2
5075955,2
5075964,2
5075972,2
5075980,2
5075989,2
5075997,2
5076006,2
5076014,2
5076022,2
5076030,2
5076039,2
5076047,2
5076055,2
5076064,2
5076072,2
5076080,2
5076089,2
5076097,2
5076105,2
5076114,2
5076122,2
5076130,2
5076139,2
5076147,2
5076156,2
5076164,2
5076172,2
5076180,2
5076189,2
5076197,2
5076205,2
5076214,2
5076222,2
5076230,2
5076239,2
5076247,2
5076256,2
5076264,2
5076272,2
5076280,2
5076289,2
5076297,2
5076305,2
5076314,2
5076322,2
5076330,2
5076339,2
5076347,2
5076355,2
5076364,2
5076372,2
5076380,2
5076389,2
5076397,2
5076405,2
5076414,2
5076422,2
5076430,2
5076439,2
5076447,2
5076455,2
5076464,2
5076472,2
5076480,2
5076489,2
5076497,2
5076505,2
5076514,2
5076522,2
5076530,2
5076539,2
5076547,2
5076555,2
5076564,2
5076572,2
5076580,2
5076589,2
5076597,2
5076605,2
5076614,2
5076622,2
5076630,2
5076639,2
5076647,2
5076805,4
5076822,4
5076830,4
5076847,4
5076855,4
5076864,4
5076872,4
5076880,4
5076889,3
5076897,3
5076905,3
5076914,3
5076922,3
5076930,3
5076939,3
5076947,3
5076955,3
5076964,3
5076972,3
5076980,3
5076989,3
5076997,3
5077005,3
5077014,3
5077022,3
5077031,3
5077039,3
5077047,3
5077055,3
5077064,3
5077072,3
5077080,3
5077089,3
5077097,3
5077105,3
5077114,3
5077122,3
5077130,3
5077139,3
5077147,3
5077155,3
5077164,3
5077173,3
5077180,3
5077189,3
5077197,3
5077205,3
5077214,3
5077222,3
5077230,3
5077239,3
5077247,3
5077255,3
5077264,2
5077272,2
5077280,2
5077289,2
5077297,2
5077305,2
5077314,2
5077322,2
5077330,2
5077339,2
5077347,2
5077355,2
5077364,2
5077372,2
5077380,2
5077389,2
5077397,2
5077405,2
5077414,2
5077422,2
5077430,2
5077439,2
5077447,2
5077455,2
5077464,2
5077472,2
5077480,2
5077489,2
5077497,2
5077505,2
5077514,2
5077522,2
5077530,3
5077539,3
5077547,3
5077555,3
5077564,3
5077572,3
5077580,3
5077589,3
5077597,3
5077605,3
5077614,3
5077622,3
5077630,3
5077639,3
5077647,3
5077655,3
5077664,3
5077672,3
5077680,3
5077689,3
5077697,3
5077705,3
5077714,3
5077722,3
5077730,3
5077739,3
5077747,3
5077755,3
5077764,3
5077772,3
5077780,3
5077789,3
5077797,3
5077805,3
5077814,3
5077822,3
5077830,1
5077839,1
5077847,1
5077855,1
5077864,1
5077872,1
5077880,1
5077889,1
5077897,1
5077905,1
5077914,1
5077922,1
5077930,1
5077939,1
5077947,1
5077955,1
5077964,1
5077972,1
5077980,1
5077989,1
5077997,5
5078005,5
5078014,5
5078022,5
5078030,0
5078039,0
5078047,0
5078055,0
5078064,0
5078072,0
5078080,0
5078089,0
5078097,0
5078105,0
5078114,0
5078122,0
5078130,0
5078139,0
5078147,0
5078155,0
5078164,0
5078172,0
5078180,0
5078189,0
5078197,0
5078205,0
5078214,0
5078222,0
5078230,0
5078239,0
5078247,0
5078255,0
5078264,0
5078272,0
5078280,0
5078289,0
5078297,0
5078305,0
5078314,0
5078322,0
5078330,0
5078339,0
5078347,0
5078355,0
5078364,0
5078372,0
5078380,0
5078389,0
5078397,0
5078405,0
5078414,1
5078422,1
5078430,1
5078439,1
5078447,1
5078455,3
5078464,3
5078472,3
5078480,3
5078489,3
5078497,3
5078505,3
5078514,3
5078522,3
5078530,3
5078539,4
5078547,4
5078555,3
5078564,3
5078572,3
5078580,3
5078589,1
5078597,1
5078605,1
5078614,1
5078622,1
5078630,1
5078639,1
5078647,1
5078655,1
5078664,1
5078672,1
5078680,1
5078689,1
5078697,1
5078705,1
5078714,1
5078722,1
5078730,1
5078739,1
5078747,1
5078755,3
5078764,3
5078772,3
5078780,3
5078789,3
5078797,3
5078805,3
5078814,3
5078822,3
5078830,3
5078839,3
5078855,3
5078864,3
5078872,3
5078880,3
5078889,3
5078897,3
5078905,3
5078914,3
5078922,3
5078930,3
5078939,3
5078955,3
5078964,3
5078972,3
5078980,3
5078989,3
5078997,3
5079005,3
5079014,3
5079022,3
5079030,1
5079039,1
5079047,1
5079055,1
5079064,1
5079072,3
5079080,3
5079089,3
5079097,4
5079105,3
5079114,3
5079122,3
5079130,1
5079139,1
5079147,1
5079155,1
5079163,1
5079172,1
5079180,1
5079189,3
5079197,3
5079205,3
5079214,3
5079222,3
5079230,3
5079239,3
5079247,3
5079255,3
5079263,3
5079272,3
5079280,3
5079288,3
5079297,3
5079305,3
5079322,3
5079505,3
5079522,3
5079530,3
5079547,3
5079555,3
5079597,3
5079605,1
5079614,1
5079622,4
5079630,4
5079638,4
5079647,4
5079655,4
5079663,3
5079672,3
5079680,3
5079688,3
5079697,3
5079705,3
5079713,3
5079722,3
5079730,3
5079739,3
5079747,3
5079755,3
5079764,3
5079772,3
5079780,3
5079788,3
5079797,3
5079805,3
5079813,1
5079822,1
5079830,1
5079838,1
5079847,1
5079855,5
5079863,5
5079872,5
5079880,5
5079889,0
5079897,0
5079905,0
5079913,0
5079922,0
5079930,0
5079938,0
5079947,0
5079955,0
5079963,0
5079972,0
5079980,0
5079988,0
5079997,0
5080005,0
5080013,0
5080022,0
5080030,0
5080038,0
5080047,0
5080055,0
5080063,0
5080072,0
5080080,0
5080088,0
5080097,0
5080105,0
5080113,0
5080122,5
5080130,5
5080138,5
5080147,3
5080155,3
5080164,3
5080180,3
5080188,3
5080197,3
5080205,3
5080213,3
5080222,3
5080230,3
5080238,3
5080247,3
5080255,3
5080263,3
5080272,3
5080280,3
5080288,3
5080297,3
5080305,3
5080313,3
5080322,3
5080330,3
5080338,3
5080347,3
5080355,3
5080363,3
5080372,3
5080380,3
5080388,3
5080397,3
5080405,3
5080413,3
5080422,3
5080430,3
5080438,3
5080447,3
5080455,3
5080463,3
5080472,3
5080480,3
5080488,3
5080497,3
5080505,3
5080513,3
5080522,3
5080530,3
5080538,3
5080547,3
5080555,3
5080564,3
5080572,3
5080580,3
5080589,3
5080597,3
5080605,3
5080613,3
5080622,3
5080630,3
5080638,3
5080647,3
5080655,3
5080663,1
5080672,1
5080680,1
5080689,1
5080697,0
5080705,0
5080713,0
5080722,0
5080730,0
5080738,0
5080747,0
5080755,0
5080763,0
5080772,0
5080780,0
5080788,0
5080797,0
5080805,0
5080813,0
5080822,0
5080830,0
5080838,0
5080847,0
5080855,0
5080863,0
5080872,0
5080880,0
5080888,0
5080897,0
5080905,0
5080913,0
5080922,0
5080930,0
5080938,4
5080947,4
5080955,4
5080963,4
5080972,4
5080980,4
5080988,4
5081005,4
5081013,4
5081022,4
5081030,4
5081038,4
5081047,4
5081055,0
5081063,0
5081072,0
5081080,0
5081088,0
5081097,0
5081105,0
5081113,0
5081122,0
5081130,0
5081138,0
5081147,0
5081155,0
5081163,0
5081172,0
5081180,0
5081188,0
5081197,0
5081205,0
5081213,0
5081222,0
5081230,0
5081239,0
5081247,0
5081255,0
5081263,0
5081272,0
5081280,0
5081288,0
5081297,0
5081305,0
5081313,0
5081322,0
5081330,0
5081338,4
5081347,4
5081355,1
5081363,1
5081372,3
5081380,3
5081389,3
5081397,3
5081405,3
5081413,3
5081422,3
5081430,3
5081438,4
5081447,4
5081455,3
5081463,3
5081472,1
5081480,1
5081488,1
5081497,1
5081505,3
5081513,3
5081523,3
5081530,3
5081538,3
5081547,3
5081555,3
5081563,3
5081580,3
5081588,3
5081605,3
5081613,3
5081622,3
5081630,3
5081638,4
5081655,1
5081663,1
5081672,1
5081680,1
5081688,1
5081697,1
5081705,1
5081713,3
5081722,3
5081730,3
5081738,3
5081747,3
5081755,3
5081763,3
5081772,3
5081780,3
5081789,3
5081797,3
5081805,3
5081813,3
5081822,3
5081830,3
5081838,5
5081847,5
5081855,5
5081863,5
5081872,5
5081880,0
5081888,0
5081897,0
5081905,0
5081913,0
5081922,0
5081930,0
5081938,0
5081947,0
5081955,0
5081963,0
5081972,0
5081980,0
5081988,0
5081997,0
5082005,0
5082013,0
5082022,0
5082030,0
5082038,0
5082047,0
5082056,0
5082063,0
5082072,0
5082080,0
5082089,0
5082097,0
5082105,0
5082113,0
5082122,0
5082130,0
5082138,0
5082147,0
5082155,0
5082163,0
5082172,0
5082180,0
5082188,0
5082197,0
5082205,0
5082213,0
5082222,0
5082230,0
5082238,0
5082247,0
5082255,0
5082263,0
5082272,0
5082280,0
5082288,0
5082297,0
5082305,0
5082313,0
5082322,0
5082330,0
5082338,0
5082355,0
5082363,0
5082372,0
5082380,0
5082388,0
5082397,0
5082405,5
5082413,5
5082422,4
5082430,4
5082438,4
5082447,4
5082455,0
5082463,0
5082472,0
5082480,0
5082488,0
5082497,0
5082505,0
5082513,0
5082522,0
5082530,0
5082538,0
5082555,0
5082563,0
5082572,0
5082580,0
5082588,0
5082597,0
5082605,0
5082613,0
5082622,0
5082630,0
5082638,0
5082655,0
5082663,0
5082672,0
5082680,0
5082688,0
5082697,0
5082705,0
5082713,0
5082722,0
5082730,0
5082738,1
5082747,1
5082755,0
5082763,0
5082772,0
5082780,0
5082788,0
5082797,0
5082805,0
5082813,0
5082822,0
5082830,0
5082847,0
5083055,0
5083080,0
5083096,0
5083113,0
5083121,5
5083147,5
5083155,5
5083163,5
5083172,5
5083180,5
5083188,5
5083196,5
5083205,5
5083213,5
5083222,5
5083230,5
5083238,0
5083246,0
5083255,0
5083263,0
5083271,0
5083280,0
5083288,0
5083297,0
5083305,0
5083313,0
5083321,0
5083330,0
5083338,0
5083355,0
5083363,0
5083371,0
5083380,0
5083388,0
5083397,0
5083405,0
5083413,0
5083422,0
5083430,0
5083438,0
5083446,0
5083455,0
5083463,0
5083471,0
5083480,0
5083488,0
5083496,0
5083505,0
5083513,0
5083521,0
5083530,0
5083538,0
5083547,0
5083555,0
5083563,0
5083572,0
5083580,0
5083588,0
5083596,0
5083605,0
5083613,0
5083621,0
5083630,0
5083638,0
5083646,0
5083655,0
5083663,0
5083671,0
5083680,0
5083688,0
5083697,0
5083705,0
5083713,0
5083721,0
5083730,0
5083738,0
5083746,0
5083755,0
5083763,0
5083771,0
5083780,0
5083788,0
5083796,0
5083805,0
5083813,0
5083822,0
5083830,0
5083838,0
5083846,0
5083855,0
5083863,0
5083871,0
5083880,0
5083888,0
5083896,0
5083905,0
5083913,0
5083921,0
5083930,0
5083938,0
5083947,0
5083955,0
5083963,3
5083971,3
5083980,3
5083988,3
5083996,3
5084005,3
5084013,3
5084021,3
5084030,3
5084038,3
5084046,3
5084055,3
5084063,3
5084071,3
5084080,3
5084088,3
5084105,3
5084113,3
5084121,3
5084130,3
5084138,3
5084146,3
5084155,3
5084163,3
5084171,3
5084180,3
5084188,3
5084196,3
5084205,3
5084213,3
5084230,3
5084238,3
5084246,3
5084255,3
5084263,3
5084271,3
5084280,3
5084288,3
5084296,3
5084305,3
5084313,3
5084321,3
5084330,3
5084338,3
5084346,3
5084355,3
5084363,3
5084371,3
5084380,3
5084388,3
5084396,3
5084405,3
5084413,3
5084421,3
5084430,3
5084438,3
5084446,3
5084455,3
5084463,3
5084471,3
5084480,3
5084488,3
5084496,3
5084505,3
5084513,3
5084521,3
5084530,3
5084538,3
5084546,3
5084555,3
5084563,3
5084571,3
5084580,3
5084588,3
5084596,3
5084605,3
5084613,3
5084621,3
5084630,3
5084638,3
5084646,3
5084655,3
5084663,3
5084671,3
5084680,3
5084688,3
5084696,3
5084705,3
5084713,3
5084721,3
5084730,3
5084738,3
5084746,5
5084755,5
5084763,5
5084772,0
5084780,0
5084788,0
5084796,0
5084805,0
5084813,0
5084821,0
5084830,0
5084838,0
5084855,0
5084863,0
5084871,0
5084880,0
5084888,0
5084896,0
5084905,0
5084913,0
5084921,0
5084930,0
5084938,0
5084946,0
5084955,0
5084963,0
5084971,0
5084980,0
5084988,0
5084996,0
5085005,0
5085013,0
5085021,0
5085030,0
5085038,0
5085046,0
5085055,0
5085063,0
5085071,0
5085080,0
5085088,0
5085096,0
5085138,0
5085146,0
5085155,0
5085163,0
5085171,0
5085180,0
5085188,0
5085196,0
5085205,0
5085213,0
5085221,0
5085230,0
5085238,0
5085246,0
5085255,0
5085263,0
5085271,0
5085280,0
5085288,0
5085296,0
5085305,0
5085313,0
5085321,0
5085330,0
5085338,0
5085346,0
5085355,0
5085363,0
5085371,0
5085380,0
5085388,0
5085396,0
5085405,0
5085413,0
5085421,0
5085430,0
5085438,0
5085446,0
5085455,0
5085463,0
5085471,0
5085480,0
5085496,0
5085755,0
5085771,0
5085796,0
5085805,0
5085821,0
5085838,0
5085846,0
5085855,0
5085871,0
5085880,0
5085888,0
5085896,0
5085905,0
5085913,0
5085921,0
5085930,0
5085938,0
5085946,0
5085955,0
5085963,0
5085971,0
5085980,0
5085988,0
5085996,0
5086005,0
5086013,0
5086021,0
5086030,0
5086038,0
5086046,0
5086055,0
5086063,0
5086071,0
5086080,0
5086088,0
5086096,0
5086105,0
5086121,0
5086130,0
5086138,5
5086146,5
5086155,5
5086163,5
5086171,5
5086180,5
5086188,5
5086196,5
5086205,5
5086213,5
5086221,5
5086230,5
5086238,5
5086246,5
5086255,5
5086263,5
5086271,5
5086280,5
5086288,5
5086296,5
5086305,5
5086313,5
5086322,5
5086330,5
5086338,5
5086346,5
5086355,5
5086363,5
5086371,5
5086380,5
5086388,5
5086396,5
5086405,5
5086413,5
5086421,5
5086430,5
5086438,2
5086446,2
5086455,2
5086463,2
5086471,2
5086480,2
5086488,2
5086496,2
5086505,2
5086513,2
5086521,2
5086530,2
5086538,2
5086546,2
5086555,2
5086563,2
5086571,2
5086580,2
5086588,2
5086597,2
5086605,5
5086613,5
5086621,5
5086630,5
5086638,2
5086646,2
5086655,2
5086663,2
5086671,2
5086680,2
5086688,2
5086696,2
5086705,2
5086713,2
5086721,2
5086730,2
5086738,2
5086746,2
5086755,2
5086763,2
5086771,2
5086780,5
5086788,5
5086796,5
5086804,5
5086813,5
5086821,5
5086829,5
5086838,5
5086846,5
5086855,5
5086863,5
5086871,5
5086880,5
5086888,5
5086896,5
5086904,5
5086913,5
5086921,5
5086930,5
5086938,5
5086946,5
5086954,5
5086963,5
5086971,2
5086979,2
5086988,2
5086996,2
5087005,2
5087013,2
5087021,2
5087030,2
5087038,2
5087046,2
5087055,2
5087063,2
5087071,2
5087080,2
5087088,2
5087096,2
5087104,2
5087113,2
5087121,2
5087129,2
5087138,2
5087146,2
5087154,2
5087163,0
5087171,0
5087179,0
5087188,0
5087196,0
5087204,0
5087213,0
5087221,0
5087229,0
5087238,0
5087246,0
5087254,0
5087263,0
5087271,0
5087279,0
5087288,0
5087296,0
5087304,0
5087313,0
5087321,0
5087329,0
5087338,0
5087346,0
5087354,0
5087363,0
5087371,0
5087379,0
5087388,0
5087396,0
5087404,0
5087413,0
5087421,0
5087429,0
5087438,0
5087446,0
5087455,0
5087463,0
5087471,0
5087479,0
5087488,0
5087496,0
5087504,0
5087513,0
5087521,0
5087529,0
5087538,0
5087546,0
5087554,0
5087563,0
5087571,0
5087580,0
5087588,0
5087596,0
5087604,0
5087613,0
5087621,0
5087629,0
5087638,0
5087646,0
5087654,0
5087663,0
5087671,0
5087679,0
5087688,0
5087696,0
5087704,0
5087713,0
5087721,0
5087729,0
5087738,0
5087746,0
5087754,0
5087763,0
5087771,0
5087779,0
5087788,0
5087796,0
5087804,0
5087813,0
5087821,0
5087829,0
5087838,0
5087846,0
5087854,0
5087863,0
5087871,0
5087879,0
5087888,0
5087896,0
5087904,0
5087913,0
5087921,5
5087929,5
5087938,5
5087946,5
5087954,5
5087963,5
5087971,5
5087979,5
5087988,5
5087996,5
5088004,5
5088013,5
5088021,5
5088029,5
5088038,5
5088046,5
5088054,5
5088063,5
5088071,5
5088079,5
5088088,5
5088096,5
5088104,5
5088113,5
5088121,5
5088130,5
5088138,5
5088146,5
5088154,5
5088163,5
5088171,5
5088179,5
5088188,5
5088196,5
5088204,5
5088213,5
5088221,5
5088229,5
5088238,2
5088246,2
5088254,2
5088263,2
5088271,2
5088279,2
5088288,2
5088296,2
5088304,2
5088313,2
5088321,2
5088329,2
5088338,2
5088346,2
5088354,2
5088363,2
5088371,2
5088379,2
5088388,2
5088396,2
5088404,2
5088413,2
5088421,2
5088429,2
5088438,2
5088446,2
5088454,2
5088463,2
5088471,2
5088479,2
5088488,2
5088496,2
5088504,2
5088513,2
5088521,2
5088529,2
5088538,2
5088546,2
5088554,2
5088563,2
5088571,2
5088579,2
5088588,2
5088596,2
5088604,2
5088613,2
5088621,2
5088629,2
5088788,4
5088804,4
5088813,4
5088821,4
5088829,4
5088846,4
5088854,4
5088863,4
5088871,4
5088879,2
5088888,2
5088896,2
5088904,2
5088913,2
5088921,2
5088929,2
5088938,2
5088946,2
5088954,2
5088963,2
5088971,2
5088979,2
5088988,2
5088996,2
5089004,2
5089013,2
5089021,2
5089029,2
5089038,2
5089046,2
5089054,2
5089063,2
5089071,2
5089079,2
5089088,2
5089096,2
5089104,2
5089113,2
5089121,2
5089129,2
5089138,2
5089146,2
5089154,2
5089163,2
5089171,2
5089179,2
5089188,2
5089196,2
5089204,2
5089213,2
5089221,2
5089230,2
5089238,2
5089246,2
5089254,2
5089263,2
5089271,2
5089279,2
5089288,2
5089296,2
5089304,2
5089313,2
5089321,2
5089329,2
5089338,2
5089346,2
5089354,2
5089363,2
5089371,2
5089379,2
5089388,2
5089396,2
5089404,2
5089413,2
5089421,2
5089429,2
5089438,2
5089446,2
5089454,2
5089463,2
5089471,2
5089479,2
5089488,2
5089496,2
5089504,2
5089513,2
5089521,2
5089529,2
5089538,2
5089546,2
5089554,2
5089563,2
5089571,5
5089579,5
5089588,0
5089596,0
5089604,0
5089613,0
5089621,0
5089629,0
5089638,0
5089646,0
5089654,0
5089663,0
5089671,0
5089679,0
5089688,0
5089696,0
5089704,0
5089713,0
5089721,0
5089729,0
5089738,0
5089746,0
5089754,0
5089763,0
5089771,0
5089779,0
5089788,0
5089796,0
5089804,0
5089813,0
5089821,0
5089829,0
5089838,0
5089846,0
5089854,0
5089863,0
5089871,0
5089880,0
5089888,0
5089896,0
5089904,0
5089913,0
5089921,0
5089929,0
5089938,0
5089946,0
5089954,0
5089963,0
5089971,0
5089979,0
5089988,0
5089996,0
5090004,0
5090013,0
5090021,0
5090029,0
5090038,0
5090046,0
5090054,0
5090063,0
5090071,0
5090079,5
5090088,5
5090096,2
5090104,2
5090113,2
5090121,2
5090129,2
5090138,2
5090146,2
5090154,2
5090163,2
5090171,2
5090179,2
5090188,2
5090196,2
5090204,2
5090213,2
5090221,2
5090229,2
5090238,2
5090246,2
5090254,2
5090263,2
5090271,2
5090279,2
5090288,2
5090296,2
5090304,2
5090313,2
5090321,2
5090329,2
5090338,2
5090346,2
5090354,2
5090363,2
5090371,2
5090379,2
5090388,2
5090396,2
5090404,2
5090413,2
5090421,2
5090429,2
5090438,2
5090446,2
5090454,2
5090463,2
5090471,2
5090479,2
5090488,2
5090496,2
5090504,2
5090513,2
5090521,2
5090529,2
5090538,2
5090546,2
5090554,2
5090563,2
5090571,2
5090579,2
5090588,2
5090596,2
5090604,2
5090613,2
5090621,2
5090629,2
5090638,2
5090646,2
5090654,2
5090663,2
5090671,2
5090679,2
5090688,2
5090696,2
5090704,2
5090713,2
5090721,2
5090729,2
5090738,2
5090746,2
5090754,2
5090762,2
5090771,2
5090779,2
5090788,2
5090796,2
5090804,2
5090812,2
5090821,2
5090829,2
5090838,2
5090846,2
5090854,2
5090863,2
5090871,2
5090879,2
5090887,2
5090896,2
5090904,2
5090912,2
5090921,2
5090929,2
5090938,2
5090946,2
5090954,2
5090963,2
5090971,2
5090979,2
5090987,2
5090996,2
5091012,2
5091137,0
5091146,4
5091162,4
5091171,1
5091196,1
5091212,1
5091221,5
5091229,5
5091238,5
5091246,5
5091254,5
5091262,5
5091271,5
5091279,5
5091287,5
5091296,5
5091304,5
5091312,0
5091321,0
5091329,0
5091337,0
5091346,0
5091354,0
5091363,0
5091371,0
5091379,0
5091387,0
5091396,0
5091404,0
5091412,0
5091421,0
5091429,0
5091437,0
5091446,0
5091454,0
5091463,0
5091471,0
5091479,0
5091487,0
5091496,0
5091504,0
5091512,0
5091521,0
5091529,0
5091537,0
5091546,0
5091554,0
5091562,0
5091571,0
5091579,0
5091587,0
5091596,0
5091604,0
5091612,0
5091621,0
5091629,0
5091637,0
5091646,0
5091654,0
5091662,0
5091671,0
5091679,0
5091687,0
5091696,0
5091704,0
5091712,0
5091721,0
5091729,0
5091737,0
5091746,0
5091754,0
5091762,0
5091771,0
5091779,0
5091787,0
5091796,0
5091804,0
5091812,0
5091821,0
5091829,0
5091837,0
5091846,0
5091854,0
5091862,0
5091871,0
5091879,0
5091887,0
5091896,0
5091904,5
5091912,5
5091921,5
5091929,5
5091937,5
5091946,5
5091954,5
5091962,0
5091971,0
5091979,0
5091987,0
5091996,0
5092004,0
5092012,0
5092021,0
5092029,0
5092037,0
5092046,0
5092054,0
5092062,0
5092071,0
5092079,0
5092087,0
5092096,0
5092104,0
5092112,0
5092121,0
5092129,0
5092137,0
5092146,0
5092154,0
5092162,0
5092171,0
5092179,0
5092187,0
5092196,0
5092204,0
5092212,0
5092221,0
5092229,0
5092237,0
5092246,0
5092254,1
5092262,1
5092271,1
5092279,1
5092287,1
5092296,1
5092304,1
5092312,1
5092321,1
5092329,1
5092337,1
5092346,1
5092354,1
5092362,1
5092371,1
5092379,1
5092387,1
5092396,1
5092404,1
5092412,1
5092421,1
5092429,1
5092437,1
5092446,1
5092454,1
5092462,1
5092471,1
5092479,1
5092487,1
5092496,1
5092504,1
5092512,1
5092521,1
5092529,1
5092537,1
5092546,1
5092554,1
5092562,1
5092571,1
5092579,1
5092587,1
5092596,1
5092605,1
5092612,1
5092621,1
5092629,1
5092637,1
5092646,1
5092654,1
5092662,1
5092671,1
5092679,1
5092687,1
5092696,1
5092704,1
5092712,1
5092721,1
5092729,1
5092737,1
5092746,1
5092754,1
5092762,1
5092771,1
5092779,5
5092787,5
5092796,5
5092804,5
5092812,5
5092821,5
5092829,5
5092837,5
5092846,5
5092854,5
5092862,5
5092871,5
5092879,5
5092887,5
5092896,5
5092904,5
5092912,5
5092921,5
5092929,5
5092937,5
5092954,5
5092962,5
5092971,5
5092979,5
5092987,5
5092996,5
5093004,5
5093012,5
5093021,5
5093029,5
5093037,5
5093046,5
5093054,5
5093062,5
5093071,5
5093079,5
5093087,5
5093096,5
5093104,5
5093112,5
5093129,5
5093137,5
5093146,5
5093154,5
5093162,5
5093171,5
5093179,5
5093187,5
5093196,5
5093204,5
5093212,5
5093221,5
5093229,5
5093237,5
5093246,5
5093254,5
5093262,5
5093271,5
5093279,5
5093287,5
5093296,5
5093304,5
5093312,5
5093329,5
5093337,1
5093346,1
5093354,1
5093362,1
5093379,1
5093387,1
5093396,1
5093404,1
5093412,1
5093421,1
5093429,1
5093437,1
5093454,1
5093462,1
5093471,1
5093479,1
5093487,1
5093496,1
5093504,1
5093512,1
5093521,1
5093529,1
5093537,1
5093546,1
5093563,1
5093571,1
5093587,1
5093596,1
5093612,1
5093621,1
5093637,1
5093646,1
5093662,1
5093671,1
5093687,3
5093696,3
5093704,3
5093712,3
5093721,3
5093737,3
5093746,3
5093762,3
5093771,3
5093787,3
5093796,3
5093813,3
5093821,3
5093838,3
5093862,3
5093871,3
5093887,3
5093896,3
5093904,3
5093912,3
5093921,3
5093937,3
5093946,3
5093962,3
5093971,3
5093987,3
5093996,3
5094012,3
5094021,3
5094037,3
5094046,3
5094062,3
5094071,3
5094087,3
5094096,3
5094112,3
5094121,3
5094137,3
5094146,3
5094162,3
5094171,3
5094187,3
5094196,3
5094212,3
5094221,3
5094237,3
5094246,3
5094262,3
5094271,3
5094287,3
5094296,3
5094304,3
5094312,3
5094321,3
5094337,3
5094346,3
5094363,3
5094371,3
5094387,3
5094396,3
5094404,3
5094412,3
5094421,3
5094437,3
5094446,3
5094462,3
5094471,3
5094487,3
5094496,3
5094512,3
5094521,3
5094537,3
5094546,3
5094562,3
5094571,3
5094587,3
5094595,3
5094612,3
5094621,3
5094637,3
5094646,3
5094662,3
5094671,3
5094687,3
5094695,3
5094712,3
5094721,3
5094729,1
5094737,1
5094746,1
5094754,1
5094762,1
5094771,1
5094779,1
5094787,1
5094796,1
5094804,1
5094812,1
5094820,1
5094829,1
5094837,1
5094845,1
5094854,1
5094862,1
5094870,1
5094879,1
5094887,1
5094896,1
5094904,1
5094912,1
5094920,1
5094929,1
5094937,1
5094945,1
5094954,1
5094962,1
5094970,1
5094979,1
5094987,1
5094995,1
5095004,1
5095012,1
5095021,1
5095029,1
5095037,1
5095045,1
5095054,1
5095062,5
5095070,5
5095079,5
5095087,5
5095095,5
5095104,5
5095112,5
5095120,5
5095129,5
5095137,5
5095145,5
5095154,5
5095162,5
5095171,5
5095179,5
5095187,5
5095195,5
5095204,2
5095212,2
5095220,2
5095229,2
5095237,2
5095245,2
5095254,2
5095262,2
5095270,2
5095279,2
5095287,2
5095295,2
5095304,2
5095312,2
5095320,2
5095329,2
5095337,2
5095345,2
5095354,2
5095362,2
5095370,2
5095379,2
5095387,2
5095395,2
5095404,2
5095412,2
5095421,2
5095429,2
5095437,2
5095445,2
5095454,2
5095462,2
5095470,2
5095479,2
5095487,2
5095495,2
5095504,2
5095512,2
5095520,2
5095529,2
5095537,2
5095545,2
5095554,2
5095562,2
5095570,2
5095579,2
5095587,2
5095595,2
5095604,2
5095612,2
5095620,2
5095629,2
5095637,2
5095645,2
5095654,2
5095662,2
5095670,2
5095679,2
5095687,2
5095695,2
5095704,2
5095712,2
5095720,2
5095729,2
5095737,5
5095745,5
5095754,5
5095762,5
5095770,5
5095779,5
5095787,5
5095795,5
5095804,5
5095812,5
5095820,5
5095829,5
5095837,5
5095845,5
5095854,5
5095862,5
5095870,5
5095879,2
5095887,2
5095895,2
5095904,2
5095912,2
5095920,2
5095929,2
5095937,2
5095945,2
5095954,2
5095970,2
5096354,2
5096370,2
5096395,2
5096404,4
