4979841,5
4979850,5
4979858,5
4979866,5
4979875,5
4979883,5
4979891,5
4979900,5
4979908,5
4979916,5
4979925,5
4979933,5
4979942,5
4979950,5
4979958,5
4979966,5
4979975,5
4979983,5
4979991,5
4980000,5
4980008,5
4980016,5
4980025,5
4980033,5
4980050,5
4980058,5
4980066,5
4980075,5
4980083,5
4980091,5
4980100,5
4980108,5
4980117,5
4980125,5
4980133,5
4980141,5
4980150,5
4980158,5
4980166,5
4980175,5
4980183,5
4980191,5
4980200,5
4980208,5
4980225,5
4980233,5
4980241,5
4980250,5
4980258,5
4980266,5
4980275,5
4980283,5
4980291,5
4980300,5
4980308,5
4980316,5
4980325,5
4980333,5
4980341,5
4980350,5
4980358,5
4980366,5
4980375,5
4980383,5
4980391,5
4980400,5
4980408,5
4980416,5
4980425,5
4980433,5
4980441,5
4980450,5
4980458,5
4980466,5
4980475,5
4980483,5
4980492,5
4980500,5
4980508,5
4980516,5
4980525,5
4980533,5
4980541,5
4980550,5
4980558,5
4980566,5
4980575,5
4980583,5
4980591,5
4980600,5
4980617,5
4980625,5
4980633,5
4980641,5
4980650,5
4980658,5
4980666,5
4980675,5
4980683,5
4980691,5
4980700,5
4980708,5
4980717,5
4980725,5
4980733,5
4980742,5
4980750,5
4980758,5
4980766,5
4980775,5
4980783,5
4980791,5
4980800,5
4980808,5
4980816,5
4980825,5
4980833,5
4980841,5
4980850,5
4980858,5
4980866,5
4980875,5
4980883,5
4980891,5
4980900,5
4980908,5
4980916,5
4980925,5
4980933,5
4980941,5
4980950,5
4980966,5
4980975,5
4980983,5
4980991,5
4981000,5
4981008,5
4981016,5
4981025,5
4981033,5
4981041,5
4981050,5
4981058,5
4981066,5
4981075,5
4981083,5
4981091,5
4981100,5
4981108,5
4981116,5
4981125,5
4981133,5
4981150,5
4981158,5
4981166,5
4981175,5
4981183,5
4981191,5
4981200,5
4981208,5
4981216,5
4981225,5
4981233,5
4981241,5
4981250,5
4981258,5
4981266,5
4981283,5
4981291,5
4981300,5
4981308,5
4981316,5
4981325,5
4981333,5
4981341,5
4981350,5
4981358,5
4981366,5
4981375,5
4981391,5
4981400,5
4981408,5
4981417,5
4981425,5
4981433,5
4981441,5
4981450,5
4981458,5
4981466,5
4981475,5
4981491,5
4981500,5
4981508,5
4981516,5
4981525,5
4981533,5
4981550,5
4981558,5
4981566,5
4981575,5
4981583,5
4981591,5
4981600,5
4981608,5
4981616,5
4981625,5
4981633,5
4981641,5
4981650,5
4981658,5
4981666,5
4981675,5
4981683,5
4981691,5
4981700,5
4981708,5
4981716,5
4981725,5
4981733,5
4981741,5
4981750,5
4981758,5
4981766,5
4981775,5
4981783,5
4981791,5
4981800,5
4981808,5
4981816,5
4981825,5
4981833,5
4981841,5
4981850,5
4981858,5
4981866,5
4981875,5
4981883,5
4981891,5
4981900,5
4981908,5
4981916,5
4981925,5
4981933,5
4981942,5
4981950,5
4981958,5
4981966,5
4981975,5
4981983,5
4981991,5
4982000,5
4982008,5
4982016,5
4982025,5
4982033,5
4982041,5
4982050,5
4982058,5
4982066,5
4982075,5
4982083,5
4982091,5
4982100,5
4982108,5
4982116,5
4982125,5
4982133,5
4982141,5
4982150,5
4982158,5
4982166,5
4982175,5
4982183,5
4982200,5
4982208,5
4982216,5
4982225,5
4982233,5
4982241,5
4982250,5
4982258,5
4982266,5
4982275,5
4982283,5
4982500,5
4982508,5
4982516,5
4982525,5
4982533,5
4982550,5
4982558,5
4982566,5
4982575,5
4982583,5
4982591,5
4982600,5
4982608,5
4982616,5
4982625,5
4982633,5
4982641,5
4982650,5
4982658,5
4982666,5
4982675,5
4982683,5
4982691,5
4982700,5
4982708,5
4982716,5
4982725,5
4982733,5
4982742,5
4982750,5
4982758,5
4982766,5
4982775,5
4982783,5
4982791,5
4982800,5
4982808,5
4982816,5
4982825,5
4982833,5
4982841,5
4982850,5
4982858,5
4982866,5
4982875,5
4982883,5
4982891,5
4982900,5
4982908,5
4982917,5
4982925,5
4982933,5
4982941,5
4982950,5
4982958,5
4982966,5
4982975,5
4982983,5
4982991,5
4983000,5
4983008,5
4983016,5
4983025,5
4983033,5
4983041,5
4983050,5
4983058,5
4983066,5
4983075,5
4983083,5
4983091,5
4983100,5
4983108,5
4983116,5
4983125,5
4983133,5
4983141,5
4983150,5
4983158,5
4983166,5
4983175,5
4983183,5
4983191,5
4983200,5
4983208,5
4983216,5
4983224,5
4983233,5
4983241,5
4983249,5
4983258,5
4983266,5
4983275,5
4983283,5
4983291,5
4983300,5
4983308,5
4983316,5
4983325,5
4983333,5
4983341,5
4983350,5
4983358,5
4983366,5
4983374,5
4983383,5
4983391,5
4983399,5
4983408,5
4983416,5
4983424,5
4983433,5
4983441,5
4983450,5
4983458,5
4983466,5
4983475,5
4983483,5
4983491,5
4983499,5
4983508,5
4983516,5
4983524,5
4983533,5
4983541,5
4983549,5
4983558,5
4983566,5
4983575,5
4983583,5
4983591,5
4983600,5
4983608,5
4983616,5
4983624,5
4983633,5
4983641,5
4983649,5
4983658,5
4983666,5
4983674,5
4983683,5
4983691,5
4983699,5
4983708,5
4983716,5
4983724,5
4983733,5
4983741,5
4983749,5
4983758,5
4983766,5
4983774,5
4983783,5
4983791,5
4983799,5
4983808,5
4983816,5
4983824,5
4983833,5
4983841,5
4983849,5
4983858,5
4983866,5
4983875,5
4983883,5
4983891,5
4983899,5
4983908,5
4983916,5
4983924,5
4983933,5
4983941,5
4983949,5
4983958,5
4983966,5
4983974,5
4983983,0
4983991,0
4983999,0
4984008,5
4984016,5
4984025,5
4984033,5
4984041,5
4984049,5
4984058,5
4984066,5
4984074,5
4984083,5
4984091,5
4984099,5
4984108,5
4984116,5
4984124,5
4984133,5
4984141,5
4984149,5
4984158,5
4984166,5
4984174,5
4984183,5
4984191,5
4984199,5
4984208,5
4984216,5
4984224,5
4984233,5
4984241,5
4984249,5
4984258,5
4984266,5
4984275,5
4984283,5
4984291,5
4984299,5
4984308,5
4984316,5
4984324,5
4984333,5
4984341,5
4984349,5
4984358,5
4984366,5
4984374,5
4984383,5
4984391,5
4984399,5
4984408,5
4984416,5
4984424,5
4984433,5
4984441,5
4984449,5
4984458,5
4984466,5
4984474,5
4984483,5
4984491,5
4984499,5
4984508,5
4984516,5
4984524,5
4984533,5
4984541,5
4984549,5
4984558,5
4984566,5
4984574,5
4984583,5
4984591,5
4984599,5
4984608,5
4984616,5
4984624,5
4984633,5
4984641,5
4984649,5
4984658,5
4984666,5
4984674,5
4984683,5
4984691,5
4984699,5
4984708,5
4984716,5
4984724,5
4984733,5
4984741,5
4984749,5
4984758,5
4984766,5
4984774,5
4984783,5
4984791,5
4984799,5
4984808,5
4984816,5
4984824,5
4984833,5
4984841,5
4984849,5
4984858,5
4984866,5
4984874,5
4984883,5
4984891,5
4984899,5
4984908,5
4984916,5
4984924,5
4984933,5
4984941,5
4984949,5
4984958,5
4984966,5
4984974,5
4984983,5
4984991,5
4984999,5
4985008,5
4985016,5
4985024,5
4985033,5
4985041,5
4985049,5
4985058,5
4985066,5
4985074,5
4985083,5
4985091,5
4985099,5
4985108,5
4985116,5
4985124,5
4985133,5
4985141,5
4985149,5
4985158,5
4985166,5
4985174,3
4985183,5
4985191,5
4985199,5
4985208,5
4985216,5
4985224,5
4985233,5
4985241,5
4985249,5
4985258,5
4985466,5
4985474,5
4985483,5
4985491,5
4985499,0
4985508,0
4985516,0
4985524,0
4985533,0
4985541,0
4985549,0
4985558,0
4985566,0
4985574,0
4985583,0
4985591,0
4985599,0
4985608,0
4985616,0
4985624,0
4985633,0
4985641,0
4985649,0
4985658,0
4985666,0
4985674,0
4985683,5
4985691,5
4985699,5
4985708,0
4985716,0
4985724,0
4985733,0
4985741,0
4985749,0
4985758,0
4985766,0
4985774,0
4985783,0
4985791,0
4985799,0
4985808,0
4985816,0
4985824,0
4985833,0
4985841,0
4985850,0
4985858,0
4985866,0
4985874,0
4985883,0
4985891,5
4985899,5
4985908,5
4985916,5
4985924,5
4985933,5
4985941,5
4985949,5
4985958,5
4985966,5
4985974,5
4985983,5
4985991,5
4985999,5
4986008,5
4986016,5
4986024,5
4986033,5
4986041,5
4986049,5
4986058,5
4986066,5
4986074,5
4986083,5
4986091,5
4986099,5
4986108,5
4986116,5
4986124,5
4986133,5
4986141,5
4986149,5
4986158,5
4986166,5
4986174,5
4986183,5
4986191,5
4986199,5
4986208,5
4986216,5
4986224,5
4986233,5
4986241,5
4986249,5
4986258,5
4986266,5
4986274,5
4986283,5
4986291,5
4986299,5
4986308,5
4986316,5
4986324,5
4986333,5
4986341,5
4986349,5
4986358,5
4986366,5
4986374,5
4986383,5
4986391,5
4986399,5
4986408,5
4986416,5
4986424,0
4986433,0
4986441,0
4986449,0
4986458,0
4986466,0
4986474,0
4986483,0
4986491,0
4986499,0
4986516,0
4986524,0
4986541,0
4986549,0
4986558,0
4986566,0
4986574,0
4986583,0
4986591,0
4986599,0
4986616,0
4986624,0
4986641,0
4986649,0
4986666,0
4986674,0
4986691,0
4986699,0
4986716,0
4986724,0
4986741,0
4986749,0
4986766,0
4986774,0
4986791,0
4986799,0
4986816,0
4986824,0
4986841,0
4986849,0
4986866,0
4986874,0
4986891,0
4986899,0
4986916,0
4986924,0
4986941,0
4986949,0
4986966,0
4986974,0
4986991,0
4986999,0
4987016,0
4987024,0
4987041,0
4987049,0
4987066,0
4987074,0
4987091,0
4987099,0
4987116,0
4987124,0
4987324,1
4987341,5
4987349,5
4987366,5
4987374,5
4987391,5
4987399,5
4987416,5
4987424,5
4987441,5
4987449,5
4987466,5
4987474,5
4987491,5
4987499,5
4987516,5
4987524,5
4987541,5
4987549,5
4987566,5
4987574,5
4987591,5
4987599,5
4987616,5
4987624,5
4987641,5
4987649,5
4987666,5
4987674,5
4987691,5
4987699,5
4987716,5
4987724,5
4987741,5
4987749,5
4987766,5
4987774,5
4987791,5
4987799,5
4987807,5
4987816,5
4987824,5
4987832,5
4987841,5
4987849,5
4987857,5
4987866,5
4987874,5
4987882,5
4987891,5
4987899,5
4987907,5
4987916,5
4987924,5
4987932,5
4987941,5
4987949,5
4987957,5
4987966,5
4987974,5
4987982,5
4987991,5
4987999,5
4988007,5
4988016,5
4988024,5
4988032,5
4988041,5
4988049,5
4988057,5
4988066,5
4988074,5
4988082,5
4988091,5
4988099,5
4988107,5
4988116,5
4988124,5
4988132,5
4988141,5
4988149,5
4988157,5
4988166,5
4988174,5
4988182,5
4988191,5
4988199,5
4988207,5
4988216,5
4988224,5
4988232,5
4988241,5
4988249,5
4988257,5
4988266,5
4988274,5
4988283,5
4988291,5
4988299,5
4988307,5
4988316,5
4988324,5
4988332,5
4988341,5
4988349,5
4988357,5
4988366,5
4988374,5
4988382,5
4988391,5
4988399,5
4988407,5
4988416,5
4988424,5
4988432,5
4988441,5
4988449,5
4988457,5
4988466,5
4988474,5
4988482,5
4988491,5
4988499,5
4988507,5
4988516,5
4988524,5
4988532,5
4988541,5
4988549,5
4988557,6
4988566,6
4988574,6
4988582,6
4988591,6
4988599,5
4988607,5
4988616,5
4988624,5
4988632,5
4988641,5
4988649,5
4988657,5
4988666,5
4988674,5
4988683,5
4988691,5
4988699,5
4988707,5
4988716,5
4988724,5
4988732,5
4988741,5
4988749,5
4988757,5
4988766,5
4988774,5
4988782,5
4988791,5
4988799,5
4988807,5
4988816,5
4988824,5
4988832,5
4988841,5
4988849,5
4988857,5
4988866,5
4988874,5
4988882,5
4988891,5
4988899,5
4988907,5
4988916,5
4988924,5
4988932,5
4988941,5
4988949,5
4988957,5
4988966,5
4988974,5
4988982,5
4988991,5
4988999,5
4989007,5
4989016,5
4989024,5
4989032,5
4989041,5
4989049,5
4989057,5
4989066,5
4989074,5
4989082,5
4989091,5
4989099,5
4989107,5
4989116,5
4989124,5
4989132,5
4989141,5
4989149,5
4989157,5
4989166,5
4989174,5
4989183,5
4989191,5
4989199,5
4989207,5
4989216,5
4989224,5
4989232,5
4989241,5
4989249,5
4989257,5
4989266,5
4989274,5
4989282,5
4989291,5
4989299,5
4989307,5
4989316,5
4989324,5
4989332,5
4989341,5
4989349,5
4989357,5
4989366,5
4989374,5
4989382,5
4989391,5
4989399,5
4989407,5
4989416,5
4989424,5
4989432,5
4989441,5
4989449,5
4989457,5
4989466,5
4989474,5
4989482,5
4989491,5
4989499,5
4989507,5
4989516,5
4989524,5
4989532,5
4989541,5
4989549,5
4989557,5
4989566,5
4989574,5
4989583,5
4989591,5
4989599,5
4989607,5
4989616,5
4989624,5
4989632,5
4989641,5
4989649,5
4989657,5
4989666,5
4989674,5
4989682,5
4989691,5
4989699,5
4989707,5
4989716,5
4989724,5
4989732,5
4989741,5
4989749,5
4989757,5
4989766,5
4989774,5
4989782,5
4989791,5
4989799,5
4989807,5
4989816,5
4989824,5
4989832,5
4989841,5
4989849,5
4989857,5
4989866,5
4989874,5
4989882,5
4989891,2
4989899,5
4989907,5
4989916,5
4989924,5
4989932,5
4989941,5
4989949,2
4989957,2
4989966,2
4989974,2
4989982,2
4989991,2
4989999,2
4990007,2
4990016,2
4990024,2
4990032,2
4990041,2
4990049,2
4990057,2
4990066,2
4990074,2
4990082,2
4990091,2
4990099,2
4990107,2
4990116,2
4990124,2
4990132,2
4990141,2
4990149,2
4990157,2
4990166,2
4990174,2
4990182,2
4990191,2
4990199,2
4990207,2
4990216,2
4990224,2
4990232,2
4990241,2
4990249,2
4990257,2
4990266,2
4990274,2
4990282,2
4990291,2
4990299,2
4990307,2
4990316,2
4990324,2
4990332,2
4990341,2
4990349,2
4990357,2
4990366,2
4990374,2
4990382,5
4990391,5
4990399,5
4990407,5
4990416,2
4990424,2
4990432,2
4990441,2
4990449,2
4990457,2
4990466,1
4990474,1
4990482,1
4990491,1
4990499,1
4990507,1
4990516,1
4990524,1
4990532,1
4990540,1
4990549,1
4990557,1
4990566,1
4990574,1
4990582,1
4990591,1
4990599,1
4990607,1
4990615,1
4990624,1
4990632,1
4990640,1
4990649,1
4990657,1
4990665,1
4990674,1
4990682,6
4990691,6
4990699,6
4990707,1
4990716,1
4990724,1
4990732,1
4990741,1
4990749,1
4990757,1
4990766,1
4990774,1
4990782,1
4990791,1
4990799,1
4990807,1
4990816,1
4990824,1
4990832,1
4990841,1
4990849,1
4990857,1
4990866,1
4990874,1
4990882,1
4990891,1
4990899,1
4990907,1
4990916,1
4990924,1
4990932,1
4990940,1
4990949,1
4990957,1
4990965,1
4990974,1
4990982,1
4990990,1
4990999,1
4991007,1
4991015,1
4991024,1
4991032,1
4991040,1
4991049,1
4991057,1
4991066,1
4991074,1
4991082,1
4991090,1
4991099,1
4991107,1
4991116,1
4991124,1
4991132,1
4991140,1
4991149,1
4991157,1
4991165,1
4991174,1
4991182,1
4991190,1
4991199,1
4991207,1
4991216,1
4991224,1
4991232,1
4991241,1
4991249,1
4991257,6
4991265,6
4991274,6
4991282,1
4991290,1
4991299,1
4991307,1
4991315,1
4991324,1
4991332,1
4991340,1
4991349,1
4991357,1
4991365,1
4991374,1
4991382,1
4991390,1
4991399,1
4991407,1
4991416,1
4991424,1
4991432,1
4991440,1
4991449,1
4991457,1
4991465,1
4991474,1
4991482,1
4991490,1
4991499,1
4991507,1
4991515,1
4991524,1
4991532,1
4991540,1
4991549,1
4991557,1
4991565,1
4991574,1
4991582,1
4991590,1
4991599,1
4991607,1
4991615,1
4991624,1
4991632,1
4991640,1
4991649,1
4991657,1
4991665,1
4991674,1
4991682,1
4991690,1
4991699,6
4991707,6
4991715,5
4991724,5
4991732,5
4991740,5
4991749,5
4991757,5
4991765,5
4991774,5
4991782,5
4991790,5
4991799,5
4991807,5
4991815,5
4991824,5
4991832,5
4991840,5
4991849,5
4991857,5
4991865,5
4991874,5
4991882,5
4991890,5
4991899,5
4991907,5
4991915,6
4991924,6
4991932,6
4991949,6
4991957,6
4991965,1
4991974,5
4991982,5
4991990,5
4991999,5
4992007,5
4992015,5
4992024,5
4992032,5
4992040,5
4992049,5
4992057,5
4992065,5
4992074,5
4992082,5
4992090,5
4992099,5
4992107,5
4992115,5
4992124,5
4992132,5
4992140,5
4992149,5
4992157,5
4992165,5
4992174,5
4992182,5
4992190,5
4992199,5
4992207,5
4992215,5
4992224,5
4992232,5
4992240,5
4992249,5
4992257,5
4992265,5
4992274,5
4992282,5
4992290,5
4992299,5
4992307,5
4992315,5
4992324,5
4992332,5
4992340,5
4992349,5
4992357,5
4992365,5
4992374,5
4992382,5
4992390,5
4992399,5
4992407,5
4992416,5
4992424,5
4992432,5
4992440,5
4992449,5
4992457,5
4992465,2
4992474,5
4992482,5
4992490,2
4992499,2
4992507,2
4992516,2
4992524,2
4992532,2
4992540,2
4992549,5
4992557,5
4992565,2
4992574,2
4992582,2
4992590,2
4992599,2
4992607,2
4992615,2
4992624,2
4992632,2
4992640,2
4992649,5
4992657,5
4992665,2
4992674,2
4992682,5
4992690,5
4992699,5
4992707,5
4992715,2
4992724,2
4992732,2
4992740,2
4992749,2
4992757,2
4992765,2
4992774,2
4992782,2
4992790,2
4992799,2
4992807,2
4992815,2
4992824,2
4992832,2
4992840,2
4992849,2
4992857,2
4992865,2
4992874,2
4992882,2
4992890,2
4992899,2
4992907,2
4992915,2
4993149,2
4993157,2
4993165,2
4993174,2
4993182,5
4993190,5
4993199,5
4993207,5
4993215,5
4993224,5
4993232,5
4993240,5
4993249,5
4993257,5
4993265,5
4993274,5
4993282,5
4993290,2
4993299,5
4993307,5
4993315,2
4993324,5
4993332,5
4993340,5
4993349,5
4993357,5
4993365,5
4993374,5
4993382,4
4993390,5
4993399,5
4993407,5
4993415,2
4993424,5
4993432,5
4993440,5
4993449,2
4993457,2
4993465,2
4993474,2
4993482,2
4993490,2
4993499,5
4993507,5
4993515,2
4993524,5
4993532,5
4993540,5
4993549,5
4993557,5
4993565,2
4993574,5
4993582,5
4993590,5
4993599,5
4993607,5
4993616,5
4993624,5
4993632,5
4993641,2
4993649,2
4993657,5
4993665,2
4993674,2
4993682,2
4993690,2
4993699,2
4993707,2
4993715,2
4993724,2
4993732,2
4993740,2
4993749,2
4993757,2
4993765,2
4993774,2
4993782,2
4993790,2
4993799,2
4993807,2
4993816,2
4993824,5
4993832,5
4993840,2
4993849,5
4993857,5
4993865,2
4993874,5
4993882,5
4993890,5
4993899,2
4993907,2
4993915,2
4993924,5
4993932,5
4993940,2
4993949,2
4993957,2
4993965,2
4993974,2
4993982,2
4993990,2
4993999,2
4994007,2
4994015,2
4994024,2
4994032,2
4994040,2
4994049,5
4994057,5
4994065,2
4994074,5
4994082,5
4994090,2
4994099,5
4994107,5
4994115,2
4994124,5
4994132,2
4994140,2
4994149,2
4994157,5
4994165,2
4994174,2
4994182,5
4994190,2
4994198,2
4994207,2
4994215,2
4994224,2
4994232,2
4994240,2
4994249,2
4994257,2
4994265,2
4994274,2
4994282,2
4994290,2
4994298,5
4994307,5
4994315,5
4994323,5
4994332,5
4994340,5
4994349,5
4994357,2
4994365,2
4994373,2
4994382,2
4994390,2
4994399,2
4994407,2
4994415,5
4994423,5
4994432,5
4994440,5
4994449,2
4994457,4
4994465,2
4994474,2
4994482,2
4994490,2
4994498,2
4994507,2
4994515,2
4994523,2
4994532,1
4994540,1
4994548,2
4994557,2
4994565,2
4994573,2
4994582,2
4994590,2
4994598,2
4994607,1
4994615,1
4994623,2
4994632,1
4994640,1
4994649,2
4994657,5
4994665,2
4994673,2
4994682,2
4994690,2
4994698,2
4994707,1
4994715,1
4994723,2
4994732,1
4994740,1
4994748,2
4994757,1
4994765,2
4994773,2
4994782,2
4994790,2
4994799,2
4994807,1
4994815,2
4994823,2
4994832,2
4994840,1
4994848,2
4994857,2
4994865,2
4994873,2
4994882,1
4994890,2
4994899,2
4994907,1
4994915,1
4994924,2
4994932,2
4994940,2
4994948,2
4994957,2
4994965,2
4994973,2
4994982,1
4994990,1
4994998,2
4995007,2
4995015,2
4995023,5
4995032,5
4995040,5
4995048,5
4995057,5
4995065,2
4995073,5
4995082,5
4995090,5
4995098,5
4995107,2
4995115,2
4995123,2
4995132,2
4995140,2
4995148,2
4995157,2
4995165,2
4995173,2
4995182,2
4995190,2
4995198,2
4995207,2
4995215,2
4995223,2
4995232,2
4995240,2
4995248,2
4995257,4
4995265,5
4995274,5
4995282,2
4995299,5
4995307,2
4995315,0
4995332,0
4995340,1
4995348,0
4995357,5
4995365,5
4995373,5
4995382,5
4995390,5
4995398,5
4995407,5
4995415,5
4995423,5
4995432,5
4995440,5
4995448,5
4995457,5
4995465,5
4995473,5
4995482,5
4995490,5
4995499,5
4995507,5
4995515,5
4995523,5
4995532,5
4995540,5
4995548,5
4995557,5
4995565,5
4995573,5
4995582,5
4995590,5
4995598,5
4995607,5
4995615,5
4995623,5
4995632,5
4995640,5
4995648,5
4995657,5
4995665,5
4995673,5
4995682,5
4995690,5
4995699,5
4995707,0
4995715,0
4995724,0
4995732,0
4995740,0
4995748,0
4995757,0
4995765,0
4995773,0
4995782,5
4995790,5
4995799,5
4995807,0
4995815,0
4995823,0
4995832,0
4995840,0
4995848,0
4995857,0
4995865,0
4995873,0
4995882,0
4995890,0
4995898,0
4995907,0
4995915,5
4995923,5
4995932,5
4995940,5
4995948,2
4995957,2
4995965,2
4995973,2
4995982,2
4995990,2
4995999,2
4996007,2
4996015,2
4996023,2
4996032,2
4996040,2
4996048,2
4996057,2
4996065,2
4996073,2
4996082,2
4996090,2
4996098,2
4996107,2
4996115,2
4996123,2
4996132,2
4996140,2
4996148,2
4996157,2
4996165,2
4996173,2
4996182,2
4996190,2
4996198,2
4996207,2
4996215,2
4996223,2
4996232,2
4996240,2
4996248,2
4996257,2
4996265,2
4996273,2
4996282,2
4996290,2
4996298,2
4996307,2
4996315,2
4996323,2
4996332,2
4996340,2
4996348,2
4996357,2
4996365,2
4996374,2
4996382,2
4996390,5
4996398,5
4996407,5
4996415,2
4996423,2
4996432,2
4996440,5
4996448,5
4996457,2
4996465,2
4996473,2
4996482,2
4996490,2
4996498,2
4996507,2
4996515,2
4996523,2
4996532,2
4996540,2
4996548,2
4996557,2
4996565,2
4996573,2
4996582,2
4996590,2
4996598,2
4996607,2
4996615,2
4996623,2
4996632,2
4996640,2
4996648,2
4996657,2
4996665,2
4996673,2
4996682,2
4996690,2
4996698,2
4996707,2
4996715,2
4996723,2
4996732,2
4996740,2
4996748,2
4996757,2
4996765,2
4996773,5
4996782,5
4996790,2
4996798,2
4996807,2
4996815,2
4996823,2
4996832,2
4996840,2
4996848,2
4996857,2
4996865,2
4996873,2
4996882,2
4996890,2
4996898,2
4996907,2
4996915,2
4996923,2
4996932,2
4996940,2
4996949,2
4996957,2
4996965,2
4996973,2
4996982,2
4996990,2
4996998,2
4997007,2
4997015,2
4997023,2
4997032,2
4997040,2
4997048,2
4997057,2
4997065,2
4997073,2
4997082,2
4997090,2
4997098,2
4997107,2
4997115,2
4997123,2
4997132,2
4997140,2
4997148,2
4997157,2
4997165,2
4997173,2
4997182,2
4997190,2
4997198,2
4997207,2
4997215,2
4997223,2
4997232,2
4997240,5
4997248,2
4997257,2
4997265,2
4997273,2
4997282,2
4997290,2
4997298,2
4997307,2
4997315,2
4997323,2
4997332,2
4997340,2
4997348,2
4997357,2
4997365,2
4997373,2
4997382,2
4997390,2
4997398,2
4997407,5
4997415,5
4997423,5
4997432,2
4997440,5
4997448,2
4997457,2
4997465,2
4997473,2
4997482,2
4997490,2
4997498,2
4997507,2
4997515,2
4997523,2
4997532,2
4997540,2
4997548,2
4997557,2
4997565,2
4997573,2
4997582,2
4997590,2
4997598,2
4997607,2
4997615,2
4997623,2
4997632,2
4997640,2
4997648,2
4997657,2
4997665,2
4997673,2
4997682,2
4997690,2
4997698,2
4997707,2
4997715,2
4997723,2
4997732,2
4997740,1
4997748,1
4997757,2
4997765,2
4997773,2
4997782,2
4997790,2
4997798,2
4997807,2
4997815,2
4997823,2
4997832,2
4997840,1
4997848,1
4997857,2
4997865,2
4997873,2
4997882,2
4997890,2
4997898,2
4997907,1
4997915,2
4997923,2
4997932,2
4997940,1
4997948,2
4997956,2
4997965,2
4997973,2
4997982,2
4997990,2
4997998,2
4998007,2
4998015,2
4998023,2
4998032,2
4998040,2
4998048,2
4998056,2
4998065,2
4998073,2
4998082,2
4998090,2
4998098,2
4998107,2
4998115,1
4998123,2
4998132,2
4998140,2
4998148,2
4998157,2
4998165,2
4998365,5
4998373,5
4998382,5
4998390,5
4998398,5
4998407,5
4998415,5
4998423,5
4998431,5
4998440,5
4998448,5
4998456,5
4998465,5
4998474,5
4998481,5
4998490,5
4998498,5
4998506,5
4998515,5
4998523,5
4998531,5
4998540,0
4998548,0
4998556,0
4998565,0
4998573,0
4998581,0
4998590,0
4998598,0
4998606,0
4998615,0
4998623,0
4998631,5
4998640,5
4998648,5
4998656,5
4998665,5
4998673,5
4998681,0
4998690,0
4998698,0
4998706,0
4998715,0
4998723,0
4998731,0
4998740,0
4998748,0
4998756,0
4998765,0
4998773,0
4998781,0
4998790,0
4998798,0
4998807,0
4998815,0
4998823,0
4998831,0
4998840,0
4998848,0
4998856,0
4998865,0
4998873,0
4998890,0
4998898,5
4998906,5
4998915,5
4998923,5
4998931,5
4998940,5
4998948,5
4998957,5
4998965,5
4998973,5
4998982,5
4998990,5
4998998,5
4999006,5
4999015,5
4999023,5
4999031,5
4999040,5
4999048,5
4999056,2
4999065,2
4999073,1
4999081,2
4999090,2
4999098,2
4999106,2
4999115,2
4999123,1
4999131,2
4999140,2
4999148,2
4999156,2
4999165,2
4999173,2
4999181,2
4999190,2
4999198,2
4999206,2
4999215,1
4999223,2
4999231,2
4999240,1
4999248,2
4999256,2
4999265,2
4999273,2
4999281,2
4999290,2
4999298,2
4999306,2
4999315,2
4999323,2
4999331,2
4999340,1
4999348,1
4999357,2
4999365,2
4999373,2
4999381,2
4999390,5
4999406,5
4999415,0
4999423,5
4999431,5
4999440,5
4999448,5
4999456,0
4999465,0
4999473,0
4999482,0
4999490,0
4999498,0
4999506,0
4999515,0
4999523,0
4999531,0
4999540,0
4999548,0
4999556,0
4999565,0
4999573,0
4999581,0
4999590,0
4999598,0
4999606,0
4999615,0
4999623,0
4999631,0
4999640,0
4999648,0
4999656,0
4999665,0
4999673,0
4999681,0
4999690,0
4999698,0
4999706,0
4999715,0
4999723,0
4999731,0
4999740,0
4999748,0
4999756,0
4999765,0
4999773,0
4999782,0
4999790,0
4999798,0
4999806,0
4999815,5
4999823,1
4999831,1
4999840,1
4999848,1
4999856,1
4999865,1
4999873,1
4999881,1
4999890,1
4999898,1
4999906,1
4999915,1
4999923,1
4999931,1
4999940,1
4999948,1
4999956,1
4999965,1
4999973,1
4999981,1
4999990,1
4999998,1
5000006,1
5000015,2
5000023,2
5000031,2
5000040,2
5000048,2
5000056,1
5000065,1
5000073,1
5000081,1
5000090,1
5000098,1
5000106,1
5000115,1
5000123,1
5000131,1
5000140,1
5000148,1
5000156,1
5000165,1
5000173,1
5000181,1
5000190,1
5000198,1
5000206,1
5000215,2
5000223,2
5000231,2
5000240,2
5000248,2
5000256,2
5000265,2
5000273,2
5000281,2
5000290,2
5000298,2
5000307,2
5000315,2
5000323,2
5000331,2
5000340,2
5000348,2
5000356,2
5000365,2
5000373,2
5000381,2
5000390,2
5000398,2
5000406,2
5000415,2
5000423,2
5000431,2
5000440,2
5000448,2
5000456,2
5000465,2
5000473,2
5000481,2
5000490,2
5000498,2
5000507,2
5000515,2
5000523,2
5000531,1
5000540,1
5000548,2
5000556,2
5000565,2
5000573,2
5000582,2
5000590,2
5000598,2
5000606,2
5000615,4
5000623,4
5000631,4
5000640,2
5000648,2
5000656,2
5000665,2
5000673,2
5000682,2
5000690,2
5000698,2
5000706,2
5000715,2
5000723,2
5000731,2
5000740,2
5000748,2
5000756,2
5000765,2
5000773,2
5000781,2
5000790,2
5000798,2
5000806,2
5000815,2
5000823,2
5000831,2
5000840,2
5000848,2
5000856,2
5000865,2
5000873,2
5000881,2
5000890,2
5000898,2
5000906,2
5000915,2
5000923,2
5000931,2
5000940,2
5000948,2
5000956,2
5000965,2
5000973,2
5000981,2
5000990,2
5000998,2
5001006,2
5001015,2
5001023,2
5001031,2
5001040,2
5001048,2
5001056,2
5001065,2
5001073,2
5001081,2
5001090,2
5001098,2
5001106,2
5001115,2
5001123,2
5001131,2
5001140,2
5001148,2
5001156,2
5001165,2
5001173,2
5001181,2
5001190,2
5001198,2
5001206,2
5001215,3
5001223,3
5001231,3
5001240,3
5001248,3
5001256,3
5001265,3
5001273,3
5001281,3
5001290,2
5001298,2
5001306,2
5001315,2
5001323,2
5001331,2
5001340,2
5001348,2
5001356,2
5001365,2
5001373,2
5001381,2
5001390,2
5001398,2
5001406,2
5001415,2
5001423,2
5001431,2
5001440,2
5001448,2
5001456,2
5001465,2
5001473,2
5001481,2
5001490,2
5001498,2
5001506,2
5001515,3
5001523,3
5001531,3
5001540,3
5001548,3
5001556,2
5001565,2
5001573,2
5001581,2
5001590,2
5001598,2
5001606,2
5001615,2
5001623,2
5001631,2
5001640,2
5001648,2
5001656,2
5001665,2
5001673,2
5001681,2
5001690,2
5001698,2
5001706,2
5001715,2
5001723,2
5001731,2
5001740,2
5001748,2
5001756,2
5001765,2
5001773,2
5001781,2
5001790,2
5001798,2
5001806,2
5001815,2
5001823,2
5001831,2
5001839,2
5001848,2
5001856,2
5001865,2
5001873,2
5001881,1
5001898,1
5001906,1
5001915,2
5001923,5
5001931,2
5001940,2
5001948,1
5001956,1
5001965,1
5001973,1
5001981,1
5001990,1
5001998,1
5002006,1
5002015,1
5002023,1
5002031,1
5002040,1
5002048,1
5002056,6
5002064,6
5002073,6
5002081,6
5002090,6
5002098,6
5002106,6
5002115,6
5002123,6
5002131,6
5002139,6
5002148,6
5002156,6
5002164,6
5002173,6
5002181,6
5002190,6
5002198,6
5002206,6
5002214,6
5002223,5
5002231,5
5002239,5
5002248,5
5002256,5
5002281,5
5002298,5
5002306,5
5002523,2
5002531,2
5002539,2
5002548,2
5002556,2
5002564,2
5002573,2
5002581,2
5002589,2
5002598,2
5002606,2
5002614,2
5002623,2
5002631,2
5002639,2
5002648,2
5002656,2
5002664,2
5002673,2
5002681,2
5002689,2
5002698,2
5002706,2
5002714,2
5002723,2
5002731,2
5002739,2
5002748,2
5002756,2
5002764,2
5002773,2
5002781,2
5002789,2
5002798,2
5002806,2
5002815,2
5002823,2
5002831,2
5002839,2
5002848,2
5002856,2
5002864,2
5002873,2
5002881,2
5002889,2
5002898,2
5002906,2
5002914,2
5002923,2
5002931,2
5002939,2
5002948,2
5002956,2
5002964,2
5002973,2
5002981,5
5002989,0
5002998,0
5003006,0
5003023,0
5003031,0
5003048,0
5003056,0
5003064,0
5003073,0
5003081,0
5003089,0
5003098,0
5003106,0
5003114,0
5003123,0
5003131,0
5003139,0
5003148,0
5003156,0
5003164,0
5003173,0
5003181,0
5003189,0
5003198,0
5003206,0
5003214,0
5003223,0
5003231,0
5003240,0
5003248,0
5003256,0
5003264,0
5003273,0
5003281,0
5003289,0
5003298,0
5003306,0
5003314,0
5003323,0
5003331,0
5003339,0
5003348,0
5003356,0
5003364,0
5003373,0
5003381,0
5003389,0
5003398,0
5003414,0
5003423,0
5003439,0
5003448,0
5003464,0
5003473,0
5003489,0
5003498,0
5003506,0
5003514,0
5003523,0
5003539,0
5003548,0
5003564,0
5003573,0
5003589,0
5003598,0
5003606,0
5003615,0
5003623,0
5003640,0
5003648,0
5003664,0
5003673,0
5003689,0
5003698,0
5003714,0
5003723,0
5003731,0
5003739,0
5003748,0
5003756,0
5003764,0
5003773,0
5003781,0
5003789,0
5003798,0
5003806,0
5003814,0
5003823,0
5003831,0
5003839,0
5003848,0
5003856,0
5003864,0
5003873,0
5003889,0
5003898,0
5003906,0
5003914,0
5003923,0
5003931,0
5003939,0
5003948,0
5003956,0
5003964,0
5003973,0
5003989,0
5003998,0
5004014,0
5004023,0
5004039,0
5004048,0
5004056,0
5004064,0
5004073,0
5004081,0
5004089,0
5004098,0
5004106,0
5004114,0
5004123,0
5004131,0
5004139,0
5004148,0
5004156,0
5004164,0
5004173,0
5004181,0
5004189,0
5004198,0
5004206,5
5004214,5
5004223,5
5004231,5
5004239,5
5004248,5
5004256,5
5004264,5
5004273,5
5004281,5
5004289,5
5004298,5
5004306,5
5004314,5
5004323,5
5004331,5
5004340,5
5004348,5
5004356,5
5004364,5
5004373,5
5004381,5
5004389,5
5004398,2
5004406,2
5004414,2
5004423,2
5004431,2
5004439,2
5004448,2
5004456,2
5004464,2
5004473,2
5004481,2
5004489,2
5004498,2
5004506,2
5004514,2
5004523,2
5004531,2
5004539,2
5004548,2
5004556,2
5004564,2
5004573,2
5004581,2
5004590,2
5004598,2
5004606,2
5004615,2
5004623,2
5004631,2
5004639,2
5004648,2
5004656,2
5004664,2
5004673,2
5004681,2
5004689,2
5004698,2
5004706,2
5004714,2
5004723,2
5004731,2
5004739,2
5004748,2
5004756,2
5004764,2
5004773,2
5004781,2
5004789,2
5004798,2
5004806,2
5004814,2
5004823,2
5004831,2
5004839,2
5004848,2
5004856,2
5004864,2
5004873,2
5004881,2
5004889,2
5004898,2
5004906,2
5004914,2
5004923,2
5004931,2
5004939,2
5004948,2
5004956,2
5004964,2
5004973,2
5004981,2
5004989,2
5004998,2
5005006,2
5005014,2
5005023,2
5005031,2
5005039,2
5005048,2
5005056,2
5005064,2
5005073,2
5005081,2
5005089,2
5005098,2
5005106,2
5005114,2
5005123,2
5005131,2
5005139,2
5005148,2
5005156,2
5005164,2
5005173,2
5005181,2
5005189,2
5005198,2
5005206,2
5005214,2
5005223,2
5005231,2
5005239,2
5005248,2
5005256,2
5005264,2
5005273,2
5005281,2
5005289,2
5005298,2
5005306,2
5005314,2
5005323,2
5005331,2
5005339,2
5005348,2
5005356,2
5005364,2
5005373,2
5005381,2
5005389,2
5005398,2
5005406,2
5005414,2
5005423,2
5005431,2
5005439,2
5005448,2
5005456,2
5005464,2
5005472,2
5005481,3
5005489,3
5005498,3
5005506,3
5005514,3
5005523,3
5005531,3
5005539,3
5005548,3
5005556,3
5005564,3
5005573,3
5005581,3
5005589,3
5005598,3
5005606,3
5005614,3
5005623,3
5005631,3
5005639,3
5005648,3
5005656,3
5005664,3
5005673,3
5005681,3
5005689,3
5005698,3
5005706,3
5005714,3
5005722,3
5005731,3
5005739,3
5005748,3
5005756,3
5005764,3
5005773,3
5005781,3
5005789,3
5005798,3
5005806,3
5005814,3
5005822,3
5005831,3
5005839,3
5005847,3
5005856,3
5005864,3
5005872,3
5005881,3
5005889,3
5005898,3
5005906,3
5005914,3
5005922,3
5005931,3
5005939,3
5005948,3
5005956,3
5005964,3
5005972,3
5005981,3
5005989,3
5005997,3
5006006,3
5006014,3
5006022,3
5006031,3
5006039,3
5006047,3
5006056,3
5006064,3
5006073,3
5006081,3
5006089,3
5006097,3
5006106,3
5006114,3
5006122,3
5006131,3
5006139,3
5006147,3
5006156,3
5006164,3
5006172,3
5006181,3
5006189,3
5006197,3
5006206,3
5006214,3
5006223,3
5006231,3
5006239,3
5006247,3
5006256,3
5006264,3
5006272,3
5006281,3
5006289,3
5006297,3
5006306,3
5006314,3
5006322,3
5006331,3
5006339,3
5006347,3
5006356,3
5006364,3
5006372,3
5006381,3
5006389,3
5006397,3
5006406,3
5006414,3
5006422,3
5006431,3
5006439,3
5006447,3
5006456,3
5006464,3
5006472,3
5006481,3
5006489,3
5006498,3
5006506,3
5006514,3
5006522,3
5006531,3
5006539,3
5006547,3
5006556,3
5006564,3
5006572,3
5006581,3
5006589,3
5006597,3
5006606,3
5006614,3
5006622,3
5006631,3
5006639,3
5006647,3
5006656,3
5006664,3
5006672,4
5006914,4
5006922,3
5006931,3
5006939,3
5006947,3
5006956,3
5006964,3
5006972,3
5006981,3
5006989,3
5006997,2
5007006,2
5007014,2
5007022,2
5007031,2
5007039,4
5007047,2
5007056,2
5007064,2
5007072,2
5007081,2
5007089,2
5007097,2
5007106,2
5007114,2
5007122,2
5007131,2
5007139,2
5007147,2
5007156,2
5007164,4
5007172,2
5007181,2
5007189,2
5007197,2
5007206,2
5007214,2
5007222,3
5007231,2
5007239,3
5007247,3
5007256,3
5007264,3
5007272,3
5007281,2
5007289,4
5007297,4
5007306,4
5007314,3
5007322,3
5007331,2
5007339,3
5007347,3
5007356,2
5007364,3
5007372,3
5007381,2
5007389,3
5007397,3
5007406,2
5007414,2
5007422,2
5007431,2
5007439,2
5007447,2
5007456,2
5007464,2
5007472,2
5007481,2
5007506,2
5007531,0
5007539,0
5007547,0
5007556,0
5007564,1
5007581,6
5007589,6
5007597,5
5007606,5
5007614,5
5007622,5
5007631,5
5007639,0
5007647,0
5007656,0
5007664,0
5007672,0
5007681,0
5007689,0
5007697,0
5007706,0
5007714,0
5007722,0
5007731,0
5008072,0
5008089,0
5008097,0
5008106,0
5008122,0
5008131,0
5008139,0
5008147,0
5008156,0
5008164,0
5008172,0
5008181,0
5008189,0
5008197,0
5008206,0
5008214,0
5008222,0
5008231,0
5008239,0
5008247,0
5008256,0
5008264,0
5008272,0
5008281,0
5008289,0
5008297,0
5008306,0
5008314,5
5008322,5
5008331,2
5008339,3
5008347,3
5008356,3
5008364,3
5008372,3
5008381,3
5008389,3
5008397,3
5008406,3
5008414,3
5008422,3
5008431,3
5008439,3
5008447,3
5008456,3
5008464,3
5008472,3
5008481,3
5008489,3
5008497,3
5008506,3
5008514,3
5008522,3
5008531,3
5008539,3
5008547,3
5008556,3
5008564,3
5008572,3
5008581,3
5008589,3
5008597,3
5008606,3
5008614,3
5008622,3
5008631,3
5008639,3
5008647,3
5008656,3
5008664,3
5008672,3
5008681,3
5008689,3
5008697,3
5008706,3
5008714,3
5008722,3
5008731,3
5008739,3
5008747,3
5008756,3
5008764,3
5008772,3
5008781,2
5008789,2
5008797,2
5008806,2
5008814,2
5008822,2
5008831,3
5008839,3
5008847,3
5008856,3
5008864,3
5008872,3
5008881,3
5008889,3
5008897,3
5008906,3
5008914,3
5008922,3
5008931,3
5008939,3
5008947,3
5008956,3
5008964,3
5008972,3
5008981,3
5008989,3
5008997,3
5009006,3
5009014,3
5009022,3
5009031,3
5009039,3
5009047,3
5009056,3
5009064,3
5009072,3
5009081,2
5009089,5
5009097,0
5009106,0
5009114,0
5009131,0
5009156,0
5009164,0
5009172,0
5009181,0
5009189,0
5009197,0
5009206,0
5009214,0
5009222,0
5009231,0
5009239,0
5009247,0
5009256,0
5009264,0
5009272,0
5009281,0
5009289,0
5009297,0
5009306,0
5009314,0
5009322,0
5009331,0
5009339,0
5009347,0
5009355,0
5009364,0
5009372,0
5009381,0
5009389,0
5009397,0
5009405,0
5009414,0
5009422,0
5009430,0
5009439,0
5009447,0
5009456,0
5009464,0
5009472,0
5009481,0
5009489,0
5009497,0
5009505,0
5009514,0
5009522,0
5009530,0
5009539,0
5009547,0
5009555,0
5009564,0
5009572,0
5009581,0
5009589,0
5009597,0
5009605,0
5009614,0
5009622,0
5009630,0
5009639,0
5009647,0
5009655,0
5009664,0
5009672,0
5009680,0
5009689,0
5009697,0
5009705,0
5009714,0
5009722,0
5009731,0
5009739,0
5009747,5
5009756,5
5009764,5
5009772,2
5009781,3
5009789,3
5009797,3
5009805,3
5009814,3
5009822,3
5009830,3
5009839,3
5009847,3
5009856,3
5009864,3
5009872,3
5009881,3
5009889,2
5009897,2
5009906,3
5009914,3
5009922,3
5009930,3
5009939,2
5009947,2
5009955,2
5009964,2
5009972,2
5009980,2
5009989,2
5009997,2
5010005,2
5010014,2
5010022,2
5010030,2
5010039,2
5010047,2
5010055,2
5010064,2
5010072,2
5010080,2
5010089,2
5010097,2
5010105,2
5010114,2
5010122,2
5010130,2
5010139,3
5010147,3
5010155,3
5010164,3
5010172,3
5010180,3
5010189,3
5010197,3
5010205,3
5010214,3
5010222,3
5010230,3
5010239,3
5010247,3
5010255,3
5010264,3
5010272,3
5010280,3
5010289,3
5010297,3
5010305,3
5010314,3
5010322,3
5010330,3
5010339,3
5010347,3
5010355,3
5010364,3
5010372,3
5010380,3
5010389,3
5010397,3
5010405,3
5010414,3
5010422,3
5010430,3
5010439,3
5010447,3
5010455,3
5010464,3
5010472,3
5010480,3
5010489,3
5010497,3
5010505,3
5010514,3
5010522,3
5010530,3
5010539,3
5010547,3
5010555,3
5010564,3
5010572,3
5010580,3
5010589,3
5010597,3
5010605,3
5010614,3
5010622,3
5010630,3
5010639,3
5010647,3
5010655,3
5010664,3
5010672,3
5010680,3
5010689,3
5010697,3
5010705,3
5010714,3
5010722,3
5010730,3
5010739,3
5010747,3
5010755,3
5010764,3
5010772,3
5010780,3
5010789,3
5010797,3
5010805,3
5010814,3
5010822,3
5010830,2
5010839,3
5010847,3
5010855,3
5010864,3
5010872,3
5010880,3
5010889,3
5010897,3
5010905,3
5010914,3
5010922,3
5010930,3
5010939,3
5010947,3
5010955,3
5010964,3
5010972,3
5010980,3
5010989,3
5010997,3
5011005,3
5011014,3
5011022,3
5011030,3
5011039,3
5011047,3
5011055,3
5011064,3
5011072,3
5011080,3
5011089,3
5011097,3
5011105,3
5011114,3
5011122,3
5011130,3
5011139,4
5011147,4
5011155,4
5011164,4
5011172,4
5011180,4
5011189,4
5011197,4
5011205,4
5011214,4
5011222,3
5011230,3
5011239,3
5011247,4
5011255,3
5011264,3
5011272,3
5011280,3
5011289,3
5011297,3
5011305,3
5011314,3
5011322,3
5011330,3
5011339,3
5011347,3
5011355,3
5011364,3
5011372,3
5011380,3
5011389,3
5011397,3
5011405,3
5011414,3
5011422,3
5011430,3
5011439,3
5011447,3
5011456,3
5011464,3
5011472,3
5011480,3
5011489,3
5011497,3
5011505,3
5011514,3
5011522,3
5011530,3
5011539,3
5011547,3
5011555,3
5011564,3
5011572,3
5011580,2
5011589,2
5011597,3
5011605,3
5011614,3
5011622,3
5011630,3
5011639,3
5011647,3
5011655,3
5011664,3
5011672,3
5011680,3
5011689,3
5011697,3
5011705,3
5011714,3
5011722,3
5011730,3
5011739,3
5011747,3
5011755,3
5011764,3
5011772,3
5011780,3
5011789,3
5011797,3
5011805,2
5011814,2
5011822,4
5011830,3
5011839,3
5011847,3
5011855,3
5011864,3
5011872,3
5011880,3
5011889,3
5011897,3
5011905,3
5011922,3
5011930,3
5011939,3
5011947,3
5011955,3
5011972,3
5011980,3
5011989,3
5011997,3
5012005,4
5012014,4
5012022,3
5012030,3
5012039,3
5012047,3
5012055,3
5012064,3
5012072,3
5012080,3
5012089,3
5012097,3
5012105,3
5012114,3
5012122,3
5012130,3
5012139,3
5012155,3
5012164,3
5012172,3
5012180,3
5012189,3
5012205,2
5012214,2
5012222,2
5012230,2
5012239,4
5012247,4
5012255,3
5012264,3
5012272,3
5012280,3
5012289,3
5012297,3
5012305,3
5012314,3
5012322,3
5012330,3
5012339,3
5012347,3
5012355,3
5012364,3
5012372,3
5012380,3
5012389,3
5012397,3
5012405,3
5012414,3
5012422,3
5012430,3
5012439,3
5012447,3
5012455,3
5012464,3
5012472,3
5012480,3
5012489,3
5012497,3
5012505,3
5012514,3
5012522,3
5012530,3
5012539,3
5012547,3
5012555,3
5012564,3
5012572,3
5012580,3
5012589,3
5012597,3
5012605,3
5012614,3
5012622,3
5012630,3
5012639,3
5012647,3
5012655,3
5012664,3
5012672,3
5012680,3
5012689,3
5012697,3
5012705,3
5012714,3
5012722,3
5012730,3
5012739,3
5012747,3
5012755,3
5012764,3
5012772,3
5012780,3
5012789,3
5012797,3
5012805,3
5012814,3
5012822,3
5012830,3
5012839,3
5012847,3
5012855,3
5012864,3
5012872,3
5012880,3
5012889,3
5012897,3
5012905,3
5012914,3
5012922,3
5012930,3
5012939,3
5012947,3
5012955,2
5012964,3
5012972,3
5012980,3
5012989,3
5012997,2
5013005,2
5013014,3
5013022,4
5013030,3
5013039,3
5013047,3
5013055,3
5013063,3
5013072,3
5013080,3
5013089,4
5013097,3
5013105,3
5013114,3
5013122,3
5013130,3
5013139,3
5013147,3
5013155,2
5013164,1
5013172,5
5013180,5
5013197,0
5013205,0
5013222,0
5013230,0
5013247,0
5013255,0
5013263,0
5013272,0
5013280,0
5013289,0
5013297,0
5013305,5
5013314,5
5013322,0
5013330,0
5013339,0
5013347,0
5013355,5
5013363,5
5013372,5
5013380,5
5013389,5
5013397,0
5013406,0
5013413,0
5013422,0
5013430,0
5013439,0
5013447,0
5013455,0
5013463,0
5013472,0
5013480,0
5013489,0
5013497,0
5013505,0
5013513,0
5013522,0
5013530,0
5013539,0
5013547,0
5013555,0
5013563,0
5013572,0
5013580,0
5013588,0
5013597,5
5013605,5
5013613,5
5013622,1
5013630,2
5013638,2
5013647,2
5013655,2
5013663,2
5013672,2
5013680,3
5013689,3
5013697,3
5013705,3
5013713,3
5013722,3
5013730,3
5013738,3
5013747,3
5013755,3
5013763,3
5013772,3
5013780,3
5013788,3
5013797,3
5013805,3
5013813,3
5013822,3
5013830,3
5013838,3
5013847,3
5013856,3
5013864,3
5013872,3
5013880,3
5013888,3
5013897,3
5013905,3
5013914,3
5013922,3
5013930,3
5013938,3
5013947,3
5013955,3
5013963,3
5013972,3
5013980,3
5013988,3
5013997,3
5014005,3
5014013,3
5014022,3
5014030,3
5014038,3
5014047,3
5014055,3
5014063,3
5014072,3
5014080,3
5014088,3
5014097,3
5014105,3
5014113,3
5014122,3
5014130,3
5014138,3
5014147,3
5014155,3
5014163,3
5014172,3
5014180,3
5014188,3
5014197,3
5014205,3
5014213,3
5014222,3
5014230,3
5014238,3
5014247,3
5014255,3
5014263,3
5014272,3
5014280,3
5014288,3
5014497,4
5014505,4
5014530,4
5014538,3
5014555,3
5014563,3
5014572,3
5014580,3
5014588,3
5014597,3
5014605,3
5014622,3
5014630,3
5014638,4
5014647,4
5014655,4
5014663,4
5014672,4
5014680,4
5014688,3
5014697,3
5014705,3
5014713,3
5014722,3
5014730,3
5014738,3
5014747,3
5014755,3
5014763,3
5014772,3
5014780,3
5014788,3
5014797,3
5014805,3
5014813,3
5014822,3
5014830,3
5014838,3
5014847,3
5014855,3
5014863,3
5014872,3
5014880,3
5014888,3
5014897,3
5014905,3
5014913,3
5014922,3
5014930,3
5014938,3
5014947,3
5014955,3
5014964,3
5014972,3
5014980,3
5014988,3
5014997,3
5015005,3
5015013,3
5015022,3
5015030,3
5015038,3
5015047,3
5015055,3
5015063,3
5015072,3
5015080,3
5015088,3
5015097,3
5015105,3
5015113,3
5015122,3
5015130,3
5015138,3
5015147,3
5015155,3
5015163,3
5015172,3
5015180,3
5015188,3
5015197,3
5015205,3
5015213,3
5015222,3
5015230,3
5015238,3
5015247,3
5015255,3
5015263,3
5015272,3
5015280,3
5015288,3
5015297,3
5015305,3
5015313,3
5015322,3
5015330,3
5015338,3
5015347,3
5015355,3
5015364,3
5015372,3
5015380,3
5015388,3
5015397,3
5015405,3
5015413,3
5015422,3
5015430,3
5015438,3
5015447,3
5015455,3
5015463,3
5015472,3
5015480,3
5015488,3
5015497,3
5015505,3
5015513,3
5015522,3
5015530,3
5015538,3
5015547,3
5015555,3
5015563,3
5015572,3
5015580,3
5015588,3
5015597,3
5015605,3
5015613,3
5015622,3
5015630,3
5015638,3
5015647,3
5015655,3
5015663,3
5015672,3
5015680,3
5015688,3
5015697,3
5015705,3
5015713,3
5015722,3
5015730,3
5015738,3
5015747,3
5015755,3
5015763,3
5015772,3
5015780,3
5015788,3
5015797,3
5015805,3
5015813,3
5015822,3
5015830,3
5015838,3
5015847,3
5015855,3
5015863,3
5015872,3
5015880,3
5015888,3
5015897,3
5015905,3
5015913,3
5015922,3
5015930,3
5015938,3
5015947,3
5015955,3
5015963,3
5015972,3
5015980,3
5015988,3
5015997,3
5016005,3
5016014,3
5016022,3
5016030,3
5016038,3
5016047,3
5016055,3
5016063,3
5016072,3
5016080,3
5016088,3
5016097,3
5016105,2
5016113,4
5016122,3
5016130,3
5016138,3
5016147,3
5016155,3
5016163,3
5016172,3
5016180,3
5016188,3
5016197,3
5016205,3
5016214,3
5016222,3
5016230,3
5016238,3
5016247,3
5016255,2
5016263,2
5016272,2
5016280,2
5016288,2
5016297,2
5016305,3
5016313,3
5016322,3
5016330,3
5016338,3
5016347,3
5016355,3
5016363,3
5016372,3
5016380,3
5016388,3
5016397,3
5016405,3
5016413,3
5016422,3
5016430,3
5016438,3
5016447,3
5016455,3
5016463,3
5016472,3
5016480,3
5016488,3
5016497,3
5016505,3
5016513,3
5016522,3
5016530,3
5016538,3
5016547,3
5016555,3
5016563,3
5016572,3
5016580,3
5016588,3
5016597,3
5016605,3
5016613,3
5016622,3
5016630,3
5016638,3
5016647,3
5016655,3
5016663,3
5016672,3
5016680,3
5016688,3
5016697,3
5016705,3
5016713,3
5016722,3
5016730,3
5016738,3
5016747,3
5016755,3
5016763,3
5016772,3
5016780,3
5016788,3
5016797,3
5016805,2
5016813,2
5016822,2
5016830,2
5016838,2
5016847,2
5016855,2
5016863,2
5016872,2
5016880,2
5016888,2
5016897,2
5016905,2
5016913,2
5016922,2
5016930,2
5016938,2
5016947,2
5016955,2
5016963,2
5016972,2
5016980,2
5016988,2
5016997,2
5017005,2
5017222,2
5017230,2
5017238,2
5017246,2
5017255,2
5017263,2
5017272,2
5017280,2
5017288,3
5017297,2
5017305,2
5017313,2
5017321,2
5017330,2
5017338,2
5017346,2
5017355,2
5017363,2
5017372,2
5017380,2
5017388,2
5017396,2
5017405,2
5017413,2
5017421,2
5017430,2
5017438,2
5017447,2
5017455,2
5017463,2
5017471,2
5017480,2
5017488,2
5017496,2
5017505,2
5017513,2
5017521,2
5017530,2
5017538,2
5017547,2
5017555,2
5017563,2
5017572,2
5017580,2
5017588,2
5017596,2
5017605,2
5017613,2
5017621,2
5017630,2
5017638,1
5017646,6
5017655,1
5017663,1
5017671,6
5017680,1
5017688,1
5017696,1
5017705,1
5017713,1
5017721,1
5017730,1
5017738,1
5017746,1
5017755,1
5017763,1
5017771,1
5017780,1
5017788,1
5017796,1
5017805,1
5017813,1
5017821,1
5017830,1
5017838,1
5017846,1
5017855,1
5017863,1
5017871,1
5017880,1
5017888,1
5017896,1
5017905,1
5017913,1
5017921,1
5017930,1
5017938,1
5017946,1
5017955,1
5017963,1
5017971,1
5017980,1
5017988,1
5017996,1
5018005,1
5018013,1
5018021,1
5018030,1
5018038,1
5018046,1
5018055,1
5018063,1
5018071,1
5018080,1
5018088,1
5018096,1
5018105,1
5018113,1
5018121,1
5018130,1
5018138,1
5018146,1
5018155,1
5018163,1
5018171,1
5018180,1
5018188,1
5018196,1
5018205,1
5018213,1
5018221,1
5018230,1
5018238,1
5018246,1
5018255,1
5018263,1
5018271,1
5018280,1
5018288,1
5018296,1
5018305,1
5018313,1
5018321,1
5018330,1
5018338,1
5018346,1
5018355,1
5018363,1
5018371,1
5018380,1
5018388,1
5018396,1
5018405,1
5018413,6
5018421,6
5018430,6
5018438,1
5018446,1
5018455,1
5018463,1
5018471,1
5018480,1
5018488,1
5018496,1
5018505,1
5018513,1
5018521,1
5018530,1
5018538,1
5018546,1
5018555,1
5018563,1
5018571,6
5018580,1
5018588,6
5018596,2
5018888,6
5018896,6
5018905,6
5018913,6
5018921,6
5018930,5
5018938,5
5018946,5
5018955,6
5018963,6
5018971,6
5018980,6
5018988,6
5018996,6
5019005,6
5019013,1
5019021,1
5019030,1
5019038,1
5019046,6
5019055,1
5019063,1
5019071,1
5019080,1
5019088,1
5019096,1
5019105,1
5019113,1
5019121,1
5019130,1
5019138,1
5019146,1
5019155,1
5019163,1
5019171,1
5019180,1
5019188,2
5019196,1
5019205,1
5019213,1
5019221,2
5019230,1
5019238,1
5019246,1
5019255,1
5019263,1
5019272,1
5019280,1
5019288,2
5019296,1
5019305,1
5019313,6
5019321,6
5019330,1
5019338,1
5019346,6
5019355,6
5019363,1
5019372,1
5019380,1
5019396,6
5019405,1
5019413,1
5019421,5
5019430,1
5019438,1
5019446,1
5019455,1
5019463,1
5019471,1
5019480,6
5019488,1
5019496,1
5019505,1
5019513,1
5019521,1
5019530,1
5019538,1
5019546,1
5019555,1
5019563,1
5019571,1
5019580,1
5019588,6
5019596,6
5019605,1
5019613,1
5019621,1
5019630,1
5019638,1
5019646,6
5019655,6
5019663,1
5019671,1
5019680,1
5019688,1
5019696,6
5019705,1
5019713,6
5019721,6
5019730,1
5019738,1
5019746,6
5019755,6
5019763,6
5019772,6
5019780,1
5019788,1
5019796,1
5019805,1
5019813,1
5019822,1
5019830,1
5019838,1
5019846,1
5019855,1
5019863,2
5019871,1
5019880,1
5019888,1
5019896,6
5019905,1
5019913,6
5019921,6
5019930,1
5019938,6
5019946,6
5019955,1
5019963,1
5019971,6
5019980,1
5019988,1
5019996,6
5020005,1
5020013,1
5020021,1
5020030,2
5020038,2
5020046,5
5020055,2
5020063,2
5020071,6
5020080,1
5020088,1
5020096,6
5020105,1
5020113,1
5020121,1
5020130,1
5020138,1
5020146,1
5020155,1
5020163,1
5020171,1
5020180,1
5020188,1
5020196,1
5020205,1
5020213,1
5020221,6
5020230,1
5020238,1
5020247,6
5020255,1
5020530,1
5020538,1
5020546,1
5020555,6
5020563,6
5020571,6
5020580,6
5020588,6
5020596,6
5020605,6
5020613,6
5020621,6
5020630,6
5020638,6
5020646,6
5020655,6
5020663,6
5020671,6
5020679,6
5020688,6
5020696,6
5020705,6
5020713,1
5020721,1
5020730,1
5020738,1
5020746,6
5020755,1
5020763,1
5020771,1
5020780,1
5020788,1
5020796,1
5020805,1
5020813,1
5020821,1
5020830,1
5020838,1
5020846,1
5020854,1
5020863,1
5020871,1
5020880,1
5020888,1
5020896,1
5020905,1
5020913,1
5020921,1
5020929,1
5020938,1
5020946,1
5020954,1
5020963,1
5020971,1
5020979,1
5020988,6
5020996,1
5021005,1
5021013,1
5021021,1
5021030,1
5021038,1
5021046,1
5021054,1
5021063,1
5021071,1
5021079,1
5021088,1
5021096,1
5021104,1
5021113,1
5021121,1
5021129,1
5021138,1
5021146,1
5021154,1
5021163,1
5021171,1
5021180,1
5021188,1
5021196,1
5021205,1
5021213,1
5021221,1
5021229,1
5021238,1
5021246,1
5021254,1
5021263,1
5021271,1
5021279,1
5021288,1
5021296,1
5021305,1
5021313,1
5021321,1
5021329,1
5021338,1
5021346,5
5021354,0
5021363,0
5021371,0
5021379,0
5021388,0
5021396,0
5021405,0
5021413,0
5021421,0
5021429,0
5021438,0
5021446,0
5021454,0
5021463,0
5021471,0
5021479,0
5021488,0
5021496,0
5021504,0
5021513,0
5021521,0
5021529,0
5021538,0
5021546,0
5021554,0
5021563,0
5021571,0
5021579,0
5021588,0
5021596,0
5021604,0
5021613,0
5021621,0
5021629,0
5021638,0
5021646,0
5021654,0
5021663,0
5021671,0
5021679,0
5021688,0
5021696,0
5021704,5
5021713,1
5021721,2
5021729,2
5021738,2
5021746,2
5021754,2
5021763,2
5021771,2
5021779,2
5021788,2
5021796,2
5021804,2
5021813,2
5021821,2
5021829,2
5021838,2
5021846,2
5021854,2
5021863,2
5021871,2
5021879,2
5021888,2
5021896,2
5021904,2
5021913,2
5021921,2
5021929,2
5021938,2
5021946,2
5021954,2
5021963,2
5021971,2
5021979,2
5021988,2
5021996,2
5022005,2
5022013,2
5022021,2
5022029,2
5022038,2
5022046,2
5022054,2
5022063,2
5022071,2
5022079,2
5022088,2
5022096,2
5022104,2
5022113,2
5022121,2
5022129,2
5022138,2
5022146,2
5022154,2
5022163,2
5022171,2
5022179,2
5022188,2
5022196,2
5022204,3
5022213,3
5022221,2
5022229,2
5022238,2
5022246,2
5022254,2
5022263,2
5022271,2
5022280,3
5022288,3
5022296,3
5022304,3
5022313,3
5022321,2
5022329,2
5022338,2
5022346,2
5022354,2
5022363,2
5022371,2
5022380,2
5022388,2
5022396,2
5022404,2
5022413,2
5022421,2
5022429,2
5022438,2
5022446,2
5022454,2
5022463,2
5022471,2
5022479,2
5022488,2
5022496,2
5022504,2
5022513,2
5022521,2
5022529,2
5022538,2
5022546,2
5022554,2
5022563,2
5022571,2
5022579,2
5022588,2
5022596,2
5022605,2
5022613,2
5022621,2
5022629,2
5022638,2
5022646,2
5022654,2
5022663,2
5022671,2
5022679,2
5022688,2
5022696,2
5022704,2
5022713,2
5022721,2
5022729,2
5022738,2
5022746,2
5022754,2
5022763,2
5022771,2
5022779,2
5022788,2
5022796,2
5022804,2
5022813,2
5022821,2
5022829,2
5022838,2
5022846,2
5022854,2
5022863,2
5022871,2
5022879,3
5022888,3
5022896,3
5022904,3
5022913,2
5022921,2
5022929,2
5022938,2
5022946,2
5022954,2
5022963,2
5022971,2
5022979,2
5022988,2
5022996,2
5023005,2
5023013,2
5023021,2
5023029,2
5023038,2
5023046,2
5023054,2
5023063,2
5023071,2
5023080,2
5023088,2
5023096,2
5023104,2
5023113,2
5023121,2
5023129,2
5023138,2
5023146,2
5023154,2
5023163,2
5023171,2
5023179,2
5023188,2
5023196,2
5023204,2
5023213,2
5023221,2
5023229,2
5023238,2
5023246,2
5023254,2
5023263,2
5023271,2
5023279,3
5023288,3
5023296,3
5023304,3
5023313,3
5023321,3
5023329,3
5023338,3
5023346,2
5023354,2
5023363,2
5023371,2
5023379,2
5023388,2
5023396,2
5023404,2
5023413,4
5023421,3
5023429,3
5023438,4
5023446,4
5023454,4
5023463,4
5023471,4
5023479,4
5023488,4
5023496,3
5023504,3
5023513,3
5023521,3
5023529,3
5023538,3
5023546,3
5023554,4
5023563,4
5023571,4
5023579,3
5023588,3
5023596,3
5023604,3
5023613,3
5023629,3
5023638,3
5023646,3
5023654,3
5023663,3
5023671,3
5023679,3
5023688,3
5023696,3
5023704,3
5023713,3
5023721,3
5023729,3
5023738,3
5023746,3
5023754,3
5023763,3
5023771,3
5023779,3
5023788,3
5023796,3
5023804,3
5023813,3
5023821,3
5023829,3
5023838,3
5023846,3
5023854,3
5023863,3
5023871,3
5023879,3
5023888,3
5023896,3
5023904,3
5023913,3
5023921,3
5023929,3
5023938,3
5023946,3
5023954,3
5023963,3
5023971,3
5023979,3
5023988,3
5023996,3
5024004,3
5024013,3
5024021,3
5024029,3
5024038,3
5024046,3
5024054,3
5024063,3
5024079,3
5024088,3
5024104,3
5024113,3
5024129,3
5024138,3
5024146,3
5024154,3
5024163,3
5024171,3
5024179,3
5024188,3
5024196,3
5024204,3
5024213,3
5024221,3
5024229,3
5024238,3
5024246,3
5024254,3
5024263,3
5024271,3
5024279,3
5024288,3
5024296,3
5024304,3
5024313,3
5024321,3
5024329,3
5024338,3
5024346,3
5024354,2
5024363,2
5024371,2
5024379,3
5024388,3
5024396,3
5024404,3
5024413,3
5024421,3
5024429,3
5024438,3
5024446,3
5024454,3
5024462,3
5024471,3
5024479,3
5024488,3
5024496,3
5024504,3
5024513,3
5024521,3
5024529,3
5024538,3
5024546,3
5024554,3
5024563,3
5024571,3
5024579,3
5024587,3
5024596,3
5024604,3
5024613,3
5024621,3
5024629,3
5024637,3
5024646,3
5024654,3
5024663,3
5024679,3
5024688,3
5024704,3
5024712,2
5024721,2
5024729,2
5024738,2
5024746,2
5024754,3
5024762,2
5024771,2
5024779,2
5024787,2
5024796,2
5024804,3
5024812,3
5024821,2
5024829,3
5024837,3
5024846,2
5024854,2
5024862,2
5024871,2
5024879,2
5024887,2
5024896,2
5024904,2
5024912,2
5024921,2
5024929,3
5024937,3
5024946,3
5024954,3
5024963,3
5024971,3
5024979,3
5024987,3
5024996,3
5025004,3
5025012,3
5025021,3
5025029,3
5025037,3
5025046,3
5025054,3
5025062,3
5025071,3
5025079,3
5025087,3
5025096,3
5025104,3
5025112,2
5025129,3
5025138,3
5025146,3
5025154,2
5025162,2
5025171,2
5025179,2
5025187,2
5025196,2
5025204,2
5025212,2
5025221,2
5025229,2
5025237,3
5025246,3
5025254,3
5025262,3
5025271,3
5025279,3
5025287,3
5025296,3
5025304,3
5025312,3
5025321,3
5025329,3
5025337,3
5025346,3
5025354,2
5025362,2
5025379,2
5025387,4
5025396,4
5025405,2
5025412,4
5025429,3
5025437,4
5025446,3
5025454,3
5025462,3
5025471,3
5025479,2
5025487,2
5025496,2
5025504,2
5025512,3
5025521,2
5025529,2
5025537,3
5025546,2
5025554,2
5025562,2
5025571,2
5025579,3
5025587,2
5025596,3
5025604,3
5025612,2
5025621,2
5025629,3
5025637,3
5025646,3
5025654,3
5025662,3
5025671,3
5025679,3
5025687,2
5025696,2
5025704,2
5025712,2
5025721,2
5025729,2
5025738,2
5025746,2
5025754,2
5025762,2
5025771,2
5025779,2
5025787,2
5025796,2
5025804,2
5025812,2
5025821,2
5025829,2
5025837,3
5025846,3
5025854,2
5025862,2
5025871,2
5025879,2
5025887,2
5025896,2
5025904,2
5025912,2
5025921,2
5025929,2
5025937,2
5025946,2
5025954,2
5025962,2
5025971,2
5025979,2
5025987,2
5025996,2
5026005,2
5026012,2
5026021,2
5026029,3
5026037,3
5026046,3
5026054,2
5026062,2
5026071,2
5026079,2
5026087,2
5026096,2
5026104,2
5026112,2
5026121,2
5026129,2
5026138,2
5026146,2
5026154,2
5026162,2
5026171,2
5026179,2
5026187,2
5026196,2
5026204,2
5026212,2
5026221,2
5026229,2
5026237,2
5026246,2
5026254,2
5026262,2
5026271,2
5026279,2
5026287,3
5026296,3
5026304,3
5026312,3
5026321,3
5026329,2
5026337,2
5026346,2
5026354,2
5026362,2
5026371,3
5026379,3
5026387,3
5026396,3
5026404,2
5026412,2
5026421,2
5026429,2
5026437,2
5026446,2
5026454,2
5026671,0
5026687,0
5026704,0
5026712,0
5026721,0
5026729,0
5026737,0
5026746,0
5026754,0
5026762,0
5026771,0
5026779,0
5026787,0
5026796,0
5026804,0
5026812,0
5026821,0
5026829,0
5026837,0
5026846,0
5026854,0
5026862,0
5026871,0
5026879,0
5026887,0
5026896,0
5026904,0
5026912,0
5026921,0
5026929,0
5026937,0
5026946,0
5026954,0
5026962,0
5026971,0
5026979,0
5026987,0
5026996,0
5027004,0
5027012,0
5027021,0
5027029,0
5027037,0
5027046,0
5027054,0
5027062,0
5027071,0
5027079,0
5027087,0
5027096,0
5027104,0
5027112,0
5027121,0
5027129,0
5027137,0
5027146,0
5027154,0
5027162,0
5027171,5
5027179,5
5027187,5
5027196,5
5027204,5
5027212,3
5027221,3
5027229,3
5027237,3
5027246,3
5027254,3
5027262,3
5027271,3
5027279,3
5027287,2
5027296,2
5027304,2
5027312,3
5027321,3
5027329,3
5027337,3
5027346,3
5027354,3
5027362,3
5027371,3
5027379,3
5027387,3
5027396,3
5027404,3
5027412,3
5027421,2
5027429,2
5027437,2
5027446,2
5027454,2
5027462,2
5027471,2
5027479,2
5027487,2
5027496,2
5027504,2
5027512,2
5027521,2
5027529,2
5027537,2
5027546,2
5027554,2
5027562,2
5027571,2
5027579,2
5027587,2
5027596,2
5027604,2
5027612,2
5027621,2
5027629,2
5027637,2
5027646,2
5027654,2
5027662,2
5027671,2
5027679,2
5027696,2
5027704,2
5027712,2
5027721,2
5027729,2
5027737,2
5027746,2
5027754,2
5027771,2
5027779,2
5027787,2
5027796,2
5027804,2
5027812,2
5027821,2
5027829,2
5027837,2
5027846,2
5027854,2
5027862,2
5027871,2
5027879,2
5027887,2
5027896,2
5027904,2
5027912,2
5027921,2
5027929,2
5027937,2
5027946,2
5027954,2
5027962,2
5027971,2
5027979,2
5027987,2
5027996,2
5028004,2
5028012,2
5028021,2
5028029,2
5028037,2
5028046,2
5028054,2
5028062,2
5028071,2
5028079,2
5028087,2
5028096,2
5028104,2
5028112,2
5028121,2
5028129,2
5028137,2
5028146,2
5028154,2
5028162,2
5028171,2
5028179,2
5028187,2
5028196,2
5028204,2
5028212,2
5028221,2
5028229,5
5028237,0
5028246,0
5028254,0
5028262,0
5028271,0
5028279,0
5028287,0
5028296,0
5028304,0
5028312,0
5028321,0
5028329,0
5028337,0
5028346,0
5028354,0
5028362,0
5028371,0
5028379,0
5028387,0
5028395,0
5028404,0
5028412,0
5028421,0
5028429,0
5028437,0
5028446,0
5028454,0
5028462,0
5028470,0
5028479,0
5028487,0
5028495,0
5028504,0
5028512,0
5028521,0
5028529,0
5028537,0
5028545,0
5028554,0
5028562,0
5028571,0
5028579,0
5028587,0
5028596,0
5028604,0
5028612,0
5028620,0
5028629,0
5028637,0
5028645,0
5028654,0
5028662,0
5028670,0
5028679,0
5028687,0
5028695,0
5028704,0
5028712,0
5028720,0
5028729,0
5028737,0
5028745,0
5028754,0
5028762,0
5028770,5
5028779,5
5028787,2
5028795,2
5028804,2
5028812,2
5028820,2
5028829,2
5028837,2
5028845,2
5028854,2
5028862,2
5028871,2
5028879,2
5028887,2
5028895,2
5028904,2
5028912,2
5028920,2
5028929,2
5028937,2
5028945,2
5028954,2
5028962,2
5028970,2
5028979,2
5028987,2
5028995,2
5029004,2
5029012,2
5029020,2
5029029,2
5029037,2
5029045,2
5029054,2
5029062,2
5029070,2
5029079,2
5029087,2
5029095,2
5029104,2
5029112,2
5029120,2
5029129,2
5029137,2
5029145,2
5029154,2
5029162,2
5029170,2
5029179,2
5029187,2
5029195,2
5029204,2
5029212,2
5029220,2
5029229,2
5029237,2
5029245,2
5029254,2
5029262,2
5029271,2
5029279,2
5029287,2
5029295,2
5029304,2
5029312,2
5029320,2
5029329,2
5029337,2
5029346,2
5029354,5
5029362,5
5029370,5
5029379,5
5029387,0
5029395,0
5029404,0
5029412,0
5029420,0
5029429,0
5029437,0
5029445,0
5029454,0
5029462,0
5029470,0
5029479,0
5029495,0
5029504,0
5029512,0
5029520,0
5029529,5
5029537,5
5029545,5
5029554,5
5029562,5
5029570,5
5029579,0
5029587,0
5029595,0
5029604,0
5029612,0
5029620,0
5029629,0
5029637,0
5029645,0
5029654,0
5029662,0
5029670,0
5029679,5
5029687,5
5029695,2
5029704,2
5029712,2
5029720,2
5029729,2
5029737,2
5029745,2
5029754,2
5029762,2
5029770,2
5029779,2
5029787,2
5029795,2
5029804,2
5029812,2
5029820,2
5029829,2
5029837,2
5029845,2
5029854,2
5029862,2
5029870,2
5029879,2
5029887,2
5029895,2
5029904,2
5029912,2
5029920,2
5029929,2
5029937,2
5029945,2
5029954,2
5029962,2
5029970,2
5029979,2
5029987,2
5029995,2
5030004,2
5030012,2
5030020,2
5030029,2
5030037,2
5030045,2
5030054,2
5030062,2
5030070,2
5030079,2
5030087,2
5030095,2
5030104,2
5030112,2
5030120,2
5030129,2
5030137,2
5030145,2
5030154,2
5030162,2
5030170,2
5030179,2
5030187,2
5030195,2
5030204,2
5030212,2
5030220,2
5030229,2
5030237,2
5030245,2
5030254,2
5030262,2
5030270,2
5030279,1
5030287,1
5030295,2
5030304,2
5030312,2
5030320,2
5030329,2
5030337,2
5030345,2
5030354,2
5030362,2
5030370,2
5030379,2
5030387,2
5030395,2
5030404,2
5030412,2
5030420,2
5030429,2
5030437,2
5030446,2
5030454,1
5030462,1
5030470,1
5030479,1
5030487,2
5030495,2
5030504,2
5030512,2
5030520,2
5030529,2
5030537,2
5030545,2
5030554,2
5030562,2
5030570,2
5030579,2
5030587,2
5030595,2
5030604,2
5030612,2
5030620,2
5030629,2
5030637,2
5030645,2
5030654,2
5030662,2
5030670,2
5030679,2
5030687,2
5030695,2
5030704,2
5030712,2
5030720,2
5030729,2
5030737,2
5030745,2
5030754,2
5030762,2
5030770,2
5030779,2
5030787,2
5030795,2
5030804,2
5030812,2
5030820,2
5030829,2
5030837,2
5030846,2
5030854,2
5030862,2
5030870,2
5030879,2
5030887,2
5030895,2
5030904,2
5030912,2
5030920,3
5030929,3
5030937,3
5030945,2
5030954,2
5030962,2
5030970,2
5030979,2
5030987,2
5030995,2
5031004,2
5031012,2
5031020,2
5031029,2
5031037,2
5031046,2
5031054,2
5031062,2
5031070,2
5031079,2
5031087,2
5031095,2
5031104,2
5031112,2
5031120,2
5031129,2
5031137,2
5031145,2
5031154,2
5031162,2
5031170,2
5031179,2
5031187,2
5031195,2
5031204,2
5031212,2
5031220,2
5031229,2
5031237,2
5031245,2
5031254,2
5031262,2
5031270,2
5031279,2
5031287,2
5031295,2
5031304,2
5031312,2
5031320,2
5031329,2
5031337,2
5031345,2
5031354,2
5031362,2
5031370,2
5031379,2
5031387,2
5031395,2
5031404,2
5031412,2
5031420,2
5031429,2
5031437,2
5031445,2
5031454,2
5031462,2
5031470,2
5031479,2
5031487,2
5031495,2
5031504,2
5031512,2
5031520,2
5031529,2
5031537,2
5031545,2
5031554,2
5031570,3
5031579,3
5031595,3
5031604,3
5031620,3
5031629,3
5031645,3
5031654,3
5031670,3
5031679,3
5031695,3
5031704,3
5031712,3
5031720,3
5031729,3
5031737,3
5031745,3
5031754,3
5031762,2
5031770,2
5031779,2
5031787,2
5031795,3
5031804,3
5031812,3
5031820,3
5031829,3
5031837,3
5031845,3
5031854,3
5031862,3
5031870,3
5031879,3
5031887,3
5031895,3
5031904,3
5031920,3
5031929,3
5031937,3
5031945,3
5031954,3
5031962,3
5031970,3
5031979,3
5031987,3
5031995,3
5032004,3
5032029,3
5032037,3
5032045,3
5032054,3
5032062,3
5032070,3
5032079,3
5032087,3
5032095,3
5032103,3
5032120,3
5032129,3
5032145,3
5032154,3
5032162,4
5032170,3
5032179,3
5032187,3
5032195,3
5032204,3
5032229,3
5032245,3
5032253,3
5032270,3
5032279,3
5032295,3
5032304,3
5032320,3
5032329,3
5032337,3
5032345,3
5032353,3
5032362,3
5032370,3
5032378,3
5032387,3
5032395,3
5032404,3
5032412,3
5032428,3
5032437,3
5032445,3
5032453,3
5032462,3
5032471,3
5032478,3
5032487,3
5032495,3
5032503,3
5032512,3
5032520,3
5032528,3
5032537,3
5032545,3
5032553,3
5032562,4
5032570,3
5032578,3
5032587,4
5032595,4
5032603,4
5032612,4
5032620,3
5032628,3
5032645,3
5032653,3
5032670,3
5032678,3
5032695,3
5032703,3
5032720,3
5032728,4
5032745,2
5032753,2
5032770,2
5032778,2
5032795,2
5032803,2
5032820,2
5032828,2
5032845,2
5032853,2
5032870,1
5032878,1
5032895,1
5032903,1
5032920,6
5032928,6
5032945,6
5032953,1
5032970,1
5032978,6
5032995,6
5033004,6
5033012,2
5033020,1
5033028,1
5033045,1
5033053,1
5033070,1
5033078,1
5033095,1
5033103,1
5033112,1
5033120,1
5033128,1
5033137,2
5033145,1
5033153,2
5033162,2
5033170,1
5033178,1
5033195,1
5033203,1
5033220,2
5033228,2
5033237,2
5033245,1
5033253,1
5033262,1
5033270,1
5033278,1
5033295,1
5033303,1
5033312,1
5033320,1
5033328,1
5033337,1
5033345,1
5033353,1
5033362,1
5033370,1
5033378,1
5033387,2
5033395,1
5033404,1
5033412,2
5033420,1
5033428,1
5033437,2
5033445,1
5033453,1
5033462,1
5033470,1
5033478,1
5033487,2
5033495,1
5033503,1
5033520,1
5033528,1
5033537,1
5033545,1
5033553,1
5033562,2
5033570,1
5033578,1
5033587,1
5033595,1
5033603,1
5033620,1
5033628,1
5033637,1
5033645,1
5033653,1
5033662,2
5033670,2
5033678,2
5033687,2
5033695,2
5033703,2
5033712,2
5033720,2
5033728,2
5033737,2
5033745,2
5033753,2
5033762,2
5033770,2
5033778,2
5033787,2
5033795,2
5033803,2
5033812,2
5033820,2
5033828,2
5033845,2
5033853,2
5033870,2
5033878,2
5033895,2
5033903,2
5034170,3
5034178,3
5034195,3
5034220,2
5034228,2
5034245,2
5034253,2
5034270,2
5034278,2
5034295,2
5034303,2
5034312,2
5034320,2
5034328,2
5034345,2
5034353,5
5034378,5
5034395,5
5034403,2
5034420,5
5034428,2
5034445,5
5034453,5
5034462,3
5034478,2
5034487,2
5034495,1
5034504,1
5034520,1
5034528,1
5034537,2
5034545,2
5034553,2
5034562,2
5034570,1
5034578,1
