3769022,2
3769030,1
3769039,2
3769047,2
3769055,2
3769064,1
3769072,2
3769080,2
3769089,2
3769097,1
3769105,2
3769114,4
3769122,2
3769130,1
3769139,1
3769147,1
3769155,1
3769164,1
3769172,1
3769180,1
3769189,1
3769197,1
3769205,1
3769214,4
3769222,1
3769230,1
3769239,1
3769255,1
3769264,1
3769272,1
3769280,5
3769289,4
3769297,1
3769305,1
3769314,4
3769322,1
3769330,1
3769339,1
3769347,1
3769355,1
3769364,1
3769372,1
3769380,1
3769389,4
3769397,1
3769405,1
3769414,4
3769422,1
3769430,1
3769439,1
3769447,1
3769455,1
3769464,1
3769472,1
3769480,1
3769489,4
3769497,1
3769505,1
3769514,1
3769522,1
3769530,1
3769539,1
3769547,1
3769555,1
3769564,1
3769572,1
3769580,1
3769589,4
3769597,1
3769605,1
3769614,4
3769622,1
3769630,1
3769639,1
3769647,1
3769655,1
3769664,1
3769672,1
3769680,1
3769689,4
3769697,1
3769705,1
3769714,4
3769722,1
3769730,1
3769739,1
3769747,1
3769755,1
3769764,1
3769772,1
3769780,1
3769789,4
3769797,1
3769805,1
3769814,4
3769822,1
3769830,1
3769839,1
3769847,1
3769855,1
3769864,1
3769872,1
3769880,1
3769889,4
3769897,1
3769905,1
3769914,4
3769922,1
3769930,1
3769939,1
3769947,1
3769955,1
3769964,1
3769972,1
3769980,1
3769989,4
3769997,1
3770005,1
3770014,4
3770022,1
3770030,1
3770039,1
3770047,1
3770055,1
3770064,1
3770072,1
3770080,1
3770089,4
3770097,1
3770106,1
3770114,1
3770122,1
3770130,1
3770139,1
3770147,1
3770155,5
3770164,1
3770172,1
3770189,4
3770197,5
3770205,1
3770214,1
3770222,5
3770239,5
3770247,1
3770255,5
3770264,5
3770272,5
3770289,4
3770297,5
3770305,5
3770314,1
3770322,5
3770330,5
3770339,5
3770347,5
3770355,5
3770364,5
3770372,5
3770380,5
3770389,4
3770397,5
3770405,5
3770414,4
3770422,5
3770430,5
3770439,5
3770447,5
3770455,5
3770464,5
3770472,5
3770480,5
3770489,5
3770497,5
3770505,5
3770514,4
3770522,5
3770530,5
3770539,5
3770547,5
3770555,5
3770564,5
3770572,5
3770580,5
3770589,4
3770597,5
3770605,5
3770614,4
3770622,5
3770630,5
3770639,5
3770647,5
3770655,5
3770664,5
3770672,5
3770680,5
3770689,4
3770697,5
3770705,5
3770714,4
3770722,5
3770730,5
3770739,6
3770747,5
3770755,5
3770764,5
3770772,5
3770780,5
3770788,4
3770797,5
3770805,5
3770813,4
3770822,5
3770830,5
3770839,5
3770847,5
3770855,5
3770864,5
3770872,6
3770880,5
3770889,6
3770897,5
3770905,5
3770913,4
3770922,5
3770930,5
3770938,5
3770947,5
3770955,5
3770963,5
3770972,5
3770980,5
3770989,5
3770997,5
3771005,5
3771014,4
3771022,5
3771030,5
3771038,5
3771047,5
3771055,5
3771063,5
3771072,5
3771080,5
3771088,5
3771097,5
3771105,5
3771113,5
3771122,5
3771130,5
3771147,5
3771155,5
3771163,5
3771172,5
3771180,5
3771197,5
3771205,1
3771222,4
3771413,5
3771455,0
3771472,5
3771513,5
3771522,1
3771530,5
3771547,5
3771555,1
3771564,5
3771572,5
3771580,5
3771588,5
3771597,5
3771605,5
3771613,4
3771622,5
3771630,5
3771638,5
3771647,5
3771655,5
3771663,5
3771672,5
3771680,5
3771688,5
3771697,5
3771705,5
3771713,4
3771722,5
3771730,5
3771738,5
3771747,5
3771755,1
3771763,5
3771772,5
3771780,5
3771788,5
3771797,5
3771805,5
3771813,4
3771822,5
3771830,5
3771838,5
3771847,5
3771855,5
3771863,5
3771872,5
3771880,5
3771888,5
3771897,5
3771905,5
3771913,4
3771922,5
3771930,5
3771939,5
3771947,5
3771955,5
3771963,5
3771972,5
3771980,5
3771988,5
3771997,5
3772005,5
3772013,4
3772022,5
3772030,5
3772038,5
3772047,5
3772055,5
3772063,5
3772072,5
3772080,5
3772089,4
3772097,5
3772105,5
3772113,4
3772122,5
3772130,5
3772138,5
3772147,5
3772155,5
3772163,5
3772172,5
3772180,5
3772188,5
3772197,5
3772205,5
3772213,4
3772222,5
3772230,5
3772238,5
3772247,5
3772255,5
3772263,5
3772272,5
3772280,5
3772288,5
3772297,5
3772305,5
3772313,4
3772322,5
3772330,5
3772338,5
3772347,1
3772355,5
3772363,5
3772372,5
3772380,1
3772397,1
3772405,5
3772413,4
3772422,5
3772430,1
3772447,1
3772455,5
3772463,5
3772472,5
3772480,1
3772497,1
3772505,5
3772513,4
3772522,5
3772530,1
3772538,5
3772547,1
3772555,5
3772563,1
3772572,5
3772580,1
3772588,5
3772597,1
3772605,5
3772613,4
3772622,5
3772630,1
3772638,5
3772647,1
3772655,5
3772663,1
3772672,5
3772680,1
3772688,5
3772697,1
3772705,5
3772713,1
3772722,5
3772730,5
3772738,5
3772747,5
3772755,5
3772763,5
3772772,5
3772780,1
3772788,4
3772797,1
3772805,5
3772813,4
3772822,5
3772830,1
3772838,5
3772847,1
3772855,5
3772863,1
3772872,5
3772880,1
3772888,5
3772897,1
3772905,5
3772913,4
3772922,5
3772930,1
3772938,5
3772947,1
3772955,5
3772963,1
3772972,5
3772980,1
3772988,4
3772997,1
3773005,5
3773013,4
3773022,5
3773030,1
3773038,5
3773047,1
3773055,5
3773063,1
3773072,5
3773080,1
3773088,5
3773097,1
3773105,5
3773113,1
3773122,5
3773130,1
3773138,5
3773147,1
3773155,5
3773163,1
3773172,5
3773188,5
3773197,2
3773213,1
3773363,5
3773397,5
3773447,4
3773463,1
3773472,4
3773497,1
3773505,4
3773513,4
3773530,4
3773547,4
3773563,4
3773572,4
3773580,3
3773597,3
3773605,4
3773613,3
3773622,4
3773630,3
3773647,3
3773655,3
3773663,3
3773672,3
3773680,3
3773688,4
3773697,3
3773705,4
3773713,3
3773722,4
3773730,3
3773738,4
3773747,3
3773755,3
3773763,3
3773772,3
3773780,3
3773788,3
3773797,3
3773805,3
3773813,3
3773822,3
3773830,3
3773838,3
3773847,3
3773855,3
3773863,3
3773872,3
3773880,3
3773888,3
3773897,3
3773905,3
3773913,3
3773922,3
3773930,3
3773938,2
3773947,2
3773955,2
3773963,2
3773972,1
3773980,1
3773997,1
3774005,5
3774013,4
3774022,5
3774030,1
3774047,5
3774055,5
3774063,5
3774072,5
3774080,5
3774097,5
3774105,5
3774113,4
3774122,5
3774130,1
3774138,5
3774147,1
3774155,5
3774163,5
3774172,5
3774180,1
3774188,5
3774196,5
3774205,5
3774213,4
3774222,5
3774230,5
3774238,5
3774247,1
3774255,5
3774263,5
3774272,5
3774280,1
3774288,5
3774297,1
3774305,5
3774313,4
3774322,5
3774330,1
3774338,5
3774347,1
3774355,5
3774363,5
3774372,5
3774380,1
3774388,0
3774397,5
3774405,0
3774413,4
3774422,5
3774430,5
3774438,5
3774447,1
3774455,5
3774463,5
3774472,5
3774480,1
3774488,4
3774496,5
3774505,5
3774513,4
3774521,5
3774530,5
3774538,5
3774546,1
3774555,5
3774563,5
3774572,5
3774580,1
3774588,4
3774596,5
3774605,5
3774613,4
3774621,5
3774630,5
3774638,5
3774647,1
3774655,5
3774663,5
3774672,5
3774680,1
3774688,4
3774697,5
3774705,5
3774713,4
3774722,5
3774730,5
3774738,5
3774746,1
3774755,5
3774763,5
3774772,5
3774780,1
3774788,5
3774797,5
3774805,5
3774813,4
3774821,5
3774830,5
3774838,5
3774846,1
3774855,5
3774863,1
3774872,5
3774880,1
3774897,5
3774905,5
3774913,4
3774921,5
3774930,5
3774946,1
3774955,5
3774963,5
3774972,5
3774980,1
3774996,5
3775005,5
3775013,4
3775021,5
3775030,5
3775038,5
3775046,5
3775055,5
3775063,5
3775071,5
3775080,5
3775097,1
3775463,1
3775480,1
3775496,1
3775505,1
3775513,1
3775521,1
3775530,1
3775538,5
3775546,1
3775555,5
3775563,1
3775571,1
3775580,1
3775588,4
3775596,1
3775605,4
3775613,1
3775621,1
3775630,1
3775638,1
3775646,1
3775655,1
3775663,1
3775671,5
3775680,1
3775688,5
3775696,1
3775705,5
3775713,1
3775721,5
3775730,1
3775738,5
3775746,1
3775755,5
3775763,1
3775771,5
3775780,1
3775796,1
3775805,1
3775813,1
3775821,5
3775830,1
3775846,1
3775855,5
3775863,1
3775871,5
3775880,1
3775896,1
3775905,5
3775913,1
3775921,5
3775930,1
3775938,5
3775946,1
3775955,5
3775963,1
3775971,5
3775980,1
3775988,5
3775996,1
3776005,5
3776013,1
3776021,5
3776030,1
3776038,5
3776046,1
3776055,5
3776063,1
3776071,5
3776080,1
3776088,5
3776096,1
3776105,5
3776113,1
3776122,5
3776130,1
3776138,5
3776146,1
3776155,5
3776163,1
3776171,5
3776180,5
3776188,5
3776196,1
3776205,5
3776213,1
3776221,5
3776230,1
3776238,5
3776246,1
3776255,5
3776263,1
3776271,5
3776280,1
3776288,5
3776296,1
3776305,5
3776313,5
3776321,5
3776330,5
3776338,5
3776346,5
3776355,5
3776363,1
3776371,5
3776380,1
3776388,4
3776396,1
3776405,5
3776413,5
3776421,4
3776430,1
3776438,5
3776446,1
3776455,4
3776463,1
3776471,5
3776480,1
3776488,4
3776496,1
3776505,5
3776513,1
3776521,1
3776530,1
3776538,5
3776546,1
3776555,3
3776563,1
3776571,5
3776580,1
3776588,4
3776596,1
3776605,5
3776613,1
3776621,1
3776630,1
3776638,5
3776646,1
3776655,5
3776663,1
3776671,5
3776680,1
3776688,4
3776696,1
3776705,5
3776713,1
3776721,5
3776730,1
3776738,5
3776746,1
3776755,5
3776763,1
3776771,5
3776780,1
3776788,5
3776796,1
3776805,5
3776813,1
3776821,5
3776830,1
3776838,5
3776846,1
3776855,5
3776863,1
3776872,5
3776880,5
3776888,5
3776896,5
3776905,5
3776913,1
3776921,5
3776930,1
3776938,5
3776946,5
3776955,5
3776963,1
3776971,5
3776980,1
3776988,4
3776996,1
3777213,5
3777238,5
3777246,5
3777255,5
3777271,5
3777296,1
3777305,5
3777321,5
3777371,5
3777405,5
3777413,1
3777421,5
3777430,1
3777438,5
3777446,1
3777455,5
3777463,1
3777471,5
3777480,1
3777488,5
3777496,1
3777505,5
3777513,1
3777521,5
3777530,1
3777538,5
3777546,1
3777555,5
3777563,1
3777571,5
3777580,1
3777588,5
3777596,1
3777605,5
3777613,1
3777630,1
3777638,5
3777646,1
3777655,5
3777663,1
3777671,5
3777688,5
3777696,1
3777705,5
3777713,1
3777721,5
3777738,5
3777746,1
3777755,5
3777763,1
3777771,5
3777788,4
3777796,1
3777805,1
3777813,1
3777821,5
3777830,1
3777838,5
3777846,1
3777855,5
3777863,1
3777871,1
3777880,1
3777888,4
3777896,1
3777905,1
3777913,1
3777921,5
3777930,1
3777938,5
3777946,1
3777955,5
3777963,1
3777980,1
3777988,1
3777996,3
3778013,3
3778021,3
3778030,3
3778038,3
3778046,3
3778063,3
3778071,2
3778080,3
3778088,2
3778096,3
3778113,3
3778121,2
3778130,3
3778146,3
3778155,2
3778163,3
3778171,3
3778180,3
3778196,3
3778205,3
3778213,3
3778221,3
3778230,3
3778246,3
3778255,3
3778263,3
3778271,3
3778280,3
3778313,3
3778321,4
3778329,3
3778363,3
3778371,3
3778380,3
3778429,3
3778705,5
3778746,3
3778771,3
3778796,3
3778821,2
3779701,4
3779717,2
3779726,2
3779742,5
3779759,5
3779767,5
3779842,5
3779867,5
3779901,5
3779926,1
3779934,1
3779943,1
3779967,1
3779976,1
3779984,1
3779992,1
3780001,1
3780009,1
3780017,1
3780034,1
3780042,1
3780059,5
3780067,5
3780084,5
3780092,5
3780101,1
3780109,1
3780117,1
3780134,1
3780142,1
3780159,5
3780167,5
3780176,1
3780184,1
3780192,1
3780201,1
3780209,1
3780217,1
3780226,1
3780234,1
3780243,5
3780251,5
3780259,5
3780267,1
3780276,1
3780284,1
3780292,1
3780301,1
3780309,1
3780317,1
3780326,1
3780334,1
3780343,1
3780351,1
3780359,1
3780368,1
3780376,1
3780384,1
3780392,1
3780401,1
3780409,1
3780417,1
3780426,1
3780434,1
3780442,1
3780451,1
3780459,1
3780467,1
3780476,1
3780484,1
3780492,4
3780509,1
3780517,1
3780605,1
3780613,5
3780622,1
3780630,5
3780638,5
3780647,5
3780655,5
3780663,1
3780672,5
3780680,5
3780688,5
3780697,1
3780705,1
3780713,1
3780722,1
3780730,1
3780738,1
3780747,1
3780755,1
3780763,1
3780780,1
3780788,1
3780797,1
3780805,1
3780813,1
3780830,1
3780838,1
3780847,1
3780855,1
3780863,1
3780872,5
3780880,5
3780888,5
3780897,5
3780905,5
3780913,5
3780922,5
3780930,5
3780938,5
3780947,5
3780955,5
3780963,5
3780972,1
3780980,1
3780988,1
3780997,1
3781005,1
3781013,1
3781022,1
3781030,1
3781038,1
3781047,1
3781055,1
3781063,1
3781072,1
3781080,1
3781088,1
3781097,1
3781105,1
3781113,1
3781122,1
3781130,1
3781138,1
3781147,1
3781155,1
3781163,1
3781172,1
3781180,1
3781188,1
3781197,1
3781205,1
3781213,1
3781222,1
3781230,1
3781238,1
3781247,1
3781255,1
3781263,1
3781272,1
3781280,1
3781288,1
3781297,1
3781305,1
3781313,1
3781322,1
3781330,1
3781338,1
3781347,1
3781355,1
3781363,1
3781372,1
3781380,1
3781388,1
3781405,1
3781413,1
3781422,1
3781430,1
3781438,1
3781447,1
3781455,1
3781463,5
3781472,5
3781480,5
3781488,5
3781497,5
3781505,5
3781513,5
3781522,5
3781530,1
3781538,1
3781547,1
3781555,1
3781563,1
3781572,2
3781580,2
3781588,2
3781597,2
3781605,2
3781613,1
3781622,1
3781630,5
3781638,2
3781647,2
3781655,5
3781663,3
3781672,3
3781680,3
3781688,3
3781697,3
3781705,3
3781713,2
3781722,2
3781730,3
3781738,2
3781755,2
3781763,3
3781772,3
3781780,3
3781788,3
3781797,3
3781805,3
3781813,3
3781830,3
3781838,3
3781847,3
3781855,3
3781863,3
3781872,3
3781880,2
3781888,3
3781905,3
3781913,3
3781930,3
3781938,3
3781947,3
3781955,4
3781963,3
3781972,2
3781980,2
3781988,3
3782005,3
3782013,3
3782030,3
3782038,3
3782047,3
3782055,3
3782063,3
3782080,3
3782088,3
3782105,3
3782113,3
3782130,3
3782138,3
3782147,4
3782155,4
3782163,4
3782180,4
3782188,4
3782196,4
3782205,4
3782213,4
3782230,4
3782238,4
3782247,4
3782255,4
3782263,4
3782271,4
3782288,4
3782297,4
3782313,4
3782656,4
3782664,0
3782673,4
3782698,2
3782723,4
3782731,4
3782748,4
3782756,4
3782764,4
3782773,4
3782798,4
3782823,4
3782848,4
3782856,4
3782873,4
3782881,4
3782898,4
3782906,4
3782914,5
3782923,4
3782931,5
3782939,4
3782948,4
3782956,1
3782973,4
3782981,4
3782998,4
3783006,1
3783023,4
3783031,1
3783048,3
3783056,4
3783073,4
3783081,2
3783098,2
3783106,2
3783123,2
3783131,4
3783139,4
3783148,4
3783156,4
3783173,4
3783181,2
3783189,4
3783198,4
3783206,1
3783223,3
3783231,4
3783248,3
3783256,4
3783273,3
3783281,2
3783298,3
3783306,4
3783323,4
3783331,2
3783348,4
3783356,2
3783364,0
3783373,1
3783381,1
3783398,5
3783406,4
3783414,4
3783423,4
3783431,4
3783439,4
3783448,4
3783456,4
3783473,4
3783498,4
3783506,2
3783523,4
3783531,4
3783548,4
3783556,4
3783573,4
3783581,1
3783597,1
3783606,1
3783623,1
3783631,5
3783647,4
3783656,4
3783664,4
3783673,4
3783681,1
3783698,1
3783706,4
3783714,4
3783723,4
3783731,4
3783748,4
3783756,4
3783772,4
3783781,4
3783797,4
3783823,4
3783831,4
3783847,4
3783856,4
3783872,4
3783881,3
3783898,4
3783981,5
3784206,5
3784223,5
3784231,5
3784239,5
3784247,1
3784256,4
3784264,4
3784272,4
3784297,4
3784306,5
3784314,3
3784322,1
3784331,2
3784339,2
3784347,2
3784356,1
3784372,2
3784381,5
3784398,3
3784406,3
3784414,2
3784422,3
3784431,3
3784439,3
3784447,3
3784464,3
3784472,3
3784481,3
3784489,2
3784498,2
3784506,3
3784514,2
3784522,2
3784531,2
3784539,2
3784548,2
3784556,2
3784564,2
3784572,2
3784581,2
3784589,2
3784597,2
3784606,2
3784614,2
3784623,2
3784631,2
3784639,2
3784647,2
3784656,2
3784664,2
3784672,2
3784681,2
