3829836,5
3829845,5
3829853,5
3829861,5
3829870,5
3829878,5
3829886,5
3829894,5
3829903,5
3829911,5
3829920,5
3829928,5
3829936,5
3829945,5
3829953,5
3829961,5
3829970,5
3829978,5
3829986,5
3829994,5
3830011,5
3830019,5
3830028,5
3830036,5
3830045,5
3830061,5
3830086,5
3830094,5
3830111,5
3830119,5
3830136,5
3830145,5
3830153,5
3830161,5
3830186,5
3830195,5
3830219,5
3830245,5
3830269,5
3830294,5
3830311,5
3830320,5
3830336,5
3830344,5
3830353,5
3830361,5
3830369,5
3830378,1
3830386,1
3830394,1
3830411,1
3830419,1
3830428,1
3830436,1
3830444,1
3830453,1
3830461,1
3830469,1
3830478,1
3830486,1
3830494,1
3830503,1
3830520,1
3830544,1
3830553,1
3830570,1
3830586,5
3830594,5
3830611,1
3830619,1
3830636,1
3830644,1
3830653,1
3830661,1
3830669,1
3830758,1
3830765,1
3830782,1
3830790,5
3830807,5
3830815,5
3830832,5
3830840,5
3830857,5
3830865,1
3830882,1
3830890,5
3830907,5
3830916,5
3830932,5
3830941,5
3830957,5
3830965,5
3830982,5
3830990,5
3831007,5
3831016,5
3831032,5
3831041,5
3831057,5
3831066,5
3831082,1
3831090,1
3831107,1
3831115,1
3831132,1
3831140,1
3831157,1
3831165,1
3831182,1
3831191,1
3831207,1
3831215,5
3831232,5
3831240,5
3831257,1
3831265,1
3831282,1
3831290,1
3831307,1
3831315,1
3831332,1
3831340,1
3831357,1
3831365,1
3831382,1
3831390,1
3831407,1
3831415,1
3831432,1
3831440,5
3831457,5
3831465,5
3831482,5
3831490,1
3831507,1
3831516,1
3831532,1
3831540,1
3831557,1
3831565,4
3831582,4
3831590,5
3831607,5
3831615,5
3831632,4
3831640,4
3831657,5
3831665,5
3831682,4
3831690,1
3831707,1
3831715,1
3831724,1
3831732,4
3831740,4
3831829,5
3831837,5
3831853,5
3831861,1
3831878,1
3831886,1
3831903,5
3831911,5
3831928,5
3831936,5
3831953,5
3831961,5
3831978,5
3831987,5
3832003,5
3832011,5
3832028,5
3832036,5
3832053,1
3832061,1
3832078,1
3832086,1
3832103,1
3832111,5
3832128,5
3832136,5
3832153,5
3832162,5
3832178,5
3832186,5
3832203,5
3832211,5
3832228,5
3832236,5
3832253,5
3832261,5
3832278,5
3832286,5
3832303,5
3832311,5
3832328,5
3832336,5
3832353,1
3832361,1
3832378,2
3832386,2
3832403,3
3832411,3
3832428,3
3832436,3
3832453,3
3832461,2
3832478,2
3832486,3
3832503,3
3832511,2
3832528,3
3832536,3
3832553,3
3832561,3
3832578,2
3832586,2
3832603,4
3832611,4
3832628,2
3832636,5
3832653,5
3832661,2
3832678,2
3832686,3
3832703,2
3832711,2
3832728,2
3832736,2
3832753,2
3832761,2
3832778,2
3832786,3
3832803,3
3832811,3
3832924,5
3832949,5
3832957,5
3832975,5
3832982,5
3832999,5
3833008,5
3833024,5
3833032,5
3833049,5
3833057,1
3833074,1
3833082,1
3833099,1
3833107,1
3833124,5
3833132,5
3833149,5
3833158,5
3833174,5
3833182,5
3833199,1
3833207,3
3833224,5
3833232,5
3833249,5
3833257,5
3833274,5
3833299,5
3833307,5
3833324,5
3833332,5
3833349,5
3833357,5
3833374,5
3833382,5
3833399,5
3833407,5
3833424,1
3833432,1
3833449,5
3833457,5
3833474,5
3833482,5
3833499,1
3833507,1
3833524,1
3833532,1
3833549,1
3833557,1
3833574,1
3833582,1
3833599,1
3833607,1
3833624,1
3833632,1
3833649,1
3833657,1
3833674,1
3833682,1
3833699,1
3833707,1
3833724,1
3833732,2
3833749,2
3833757,1
3833774,4
3833782,3
3833799,3
3833807,3
3833824,5
3833832,5
3833849,4
3833857,1
3833874,4
3833882,4
3833970,5
3833979,5
3833995,5
3834003,5
3834020,5
3834028,5
3834045,1
3834053,5
3834070,5
3834078,5
3834095,5
3834103,5
3834120,5
3834128,5
3834145,5
3834153,5
3834170,5
3834178,5
3834195,5
3834203,5
3834220,5
3834228,5
3834245,1
3834253,1
3834270,1
3834278,5
3834295,5
3834303,5
3834320,5
3834328,5
3834345,5
3834353,5
3834370,5
3834378,5
3834395,5
3834403,1
3834420,5
3834428,5
3834445,5
3834453,5
3834470,5
3834478,5
3834495,1
3834503,1
3834520,1
3834528,1
3834545,1
3834553,1
3834570,5
3834579,5
3834595,5
3834603,5
3834620,5
3834628,5
3834645,1
3834653,1
3834670,2
3834678,2
3834695,1
3834703,1
3834720,1
3834728,5
3834745,5
3834753,5
3834770,5
3834778,1
3834795,1
3834803,5
3834820,5
3834828,5
3834845,5
3834853,1
3834870,1
3834878,5
3834895,5
3834903,5
3834920,5
3834928,5
3834945,5
3834953,5
3835042,1
3835049,1
3835066,1
3835074,5
3835091,1
3835099,5
3835116,5
3835124,5
3835141,5
3835149,5
3835166,5
3835174,5
3835191,5
3835199,5
3835216,1
3835449,1
3835466,1
3835474,4
3835491,4
3835499,1
3835516,1
3835524,1
3835541,5
3835549,5
3835566,5
3835574,5
3835591,5
3835599,5
3835616,5
3835624,5
3835641,5
3835649,5
3835666,5
3835674,5
3835691,5
3835699,5
3835716,5
3835724,5
3835741,1
3835749,1
3835766,5
3835774,1
3835791,1
3835799,5
3835816,5
3835824,1
3835841,5
3835849,5
3835866,5
3835874,5
3835891,5
3835899,5
3835916,1
3835924,1
3835941,5
3835949,5
3835966,1
3835974,5
3835991,5
3835999,5
3836016,5
3836024,5
3836112,1
3836120,1
3836137,5
3836145,5
3836170,5
3836187,5
3836195,5
3836212,5
3836220,5
3836237,5
3836245,1
3836262,1
3836270,1
3836287,1
3836295,5
3836312,5
3836320,5
3836337,5
3836345,5
3836362,5
3836370,5
3836395,5
3836412,5
3836420,5
3836437,1
3836446,1
3836462,5
3836470,5
3836487,4
3836495,1
3836512,1
3836520,1
3836537,1
3836545,1
3836562,1
3836570,4
3836587,4
3836595,1
3836612,1
3836620,1
3836637,1
3836645,5
3836662,5
3836670,5
3836687,5
3836695,5
3836712,5
3836720,5
3836737,5
3836745,5
3836762,5
3836770,5
3836787,1
3836795,1
3836812,1
3836820,1
3836837,1
3836845,4
3836862,3
3836870,3
3836887,3
3836895,3
3836912,3
3836920,3
3836937,3
3836945,3
3836962,3
3836971,3
3836987,3
3836995,3
3837012,3
3837020,3
3837037,2
3837045,2
3837062,3
3837070,3
3837087,3
3837095,4
3838254,2
3838262,3
3838279,3
3838287,3
3838304,3
3838312,3
3838329,3
3838337,3
3838354,3
3838362,3
3838379,3
3838387,2
3838404,2
3838412,5
3838429,5
3838437,3
3838454,3
3838462,3
3838479,3
3838487,3
3838504,3
3838512,5
3838529,5
3838537,3
3838554,3
3838562,3
3838579,3
3838587,3
3838604,3
3838612,3
3838629,3
3838637,3
3838654,4
3838662,4
3838679,3
3838687,3
3838704,3
3838712,3
3838729,4
3838737,4
3838754,4
3838762,4
3838779,4
3838787,4
3838804,4
3838812,3
3838829,3
3838837,3
3838854,3
3838862,4
3838879,4
3838887,4
3838904,4
3838912,4
3838929,4
3838937,3
3838954,3
3838962,4
3838979,3
3838987,3
3839004,3
3839012,3
3839029,4
3839037,4
3839054,4
3839062,3
3839079,3
3839087,3
3839104,3
3839112,5
3839129,3
3839137,3
3839154,4
3839162,4
3839179,4
3839187,3
3839204,4
3839212,4
3839229,4
3839237,4
3839325,3
3839333,3
3839350,3
3839358,3
3839375,4
3839383,4
3839400,3
3839408,5
3839425,5
3839433,3
3839450,4
3839458,3
3839475,3
3839483,3
3839500,3
3839508,5
3839525,5
3839533,3
3839550,3
3839558,4
3839575,3
3839583,3
3839600,3
3839608,5
3839625,3
3839633,3
3839650,3
3839658,3
3839675,3
3839683,3
3839700,3
3839708,5
3839717,5
3839725,5
3839733,4
3839750,3
3839758,3
3839775,3
3839783,3
3839800,3
3839808,4
3839825,4
3839833,3
3839850,3
3839858,3
3839875,3
3839883,3
3839900,4
3839908,4
3839925,4
3839933,3
3839950,3
3839958,4
3839975,4
3839983,3
3840000,3
3840008,3
3840025,3
3840033,3
3840050,4
3840058,3
3840075,3
3840083,3
3840100,3
3840108,4
3840125,4
3840133,4
3840150,3
3840158,3
3840175,3
3840184,3
3840200,2
3840208,5
3840225,5
3840233,4
3840250,3
3840258,3
3840275,3
3840283,3
3840300,4
3840308,3
3840396,3
3840404,3
3840421,4
3840429,4
3840446,3
3840754,5
3840771,5
3840779,1
3840796,5
3840804,5
3840821,5
3840829,5
3840846,5
3840854,5
3840871,5
3840879,5
3840896,5
3840904,5
3840921,5
3840929,5
3840946,5
3840954,5
3840971,5
3840979,5
3840996,2
3841004,5
3841021,5
3841029,5
3841046,5
3841054,5
3841071,5
3841079,5
3841096,5
3841104,5
3841121,5
3841129,5
3841146,5
3841154,5
3841171,5
3841179,5
3841196,5
3841204,5
3841221,5
3841229,1
3841246,2
3841254,2
3841271,2
3841279,1
3841296,5
3841304,5
