4036286,0
4036311,5
4036319,5
4036336,5
4036361,5
4036386,5
4036411,5
4036436,5
4036461,5
4036486,5
4036527,5
4036536,5
4036602,5
4036611,5
4036627,5
4036636,5
4036653,5
4036677,5
4036686,5
4036702,5
4036711,5
4036727,5
4036753,5
4036777,5
4036786,5
4036802,5
4036811,5
4036827,5
4036852,5
4036877,5
4036886,5
4036902,5
4036911,5
4036927,5
4036952,5
4037049,5
4037057,5
4037073,5
4037082,5
4037098,5
4037107,5
4037123,5
4037148,5
4037157,5
4037173,5
4037182,5
4037348,5
4037357,5
4037373,5
4037382,5
4037398,5
4037407,5
4037423,5
4037448,5
4037457,5
4037473,5
4037482,5
4037498,5
4037507,5
4037523,5
4037548,5
4037557,5
4037574,5
4037582,5
4037598,1
4037607,1
4037615,4
4037623,5
4037648,5
4037657,5
4037673,5
4037682,5
4037698,1
4037707,1
4037723,5
4037748,5
4037757,5
4037773,5
4037782,5
4037798,5
4037807,5
4037823,5
4037832,5
4037848,5
4037857,5
4037873,5
4037882,5
4037890,5
4037898,5
4037907,5
4037923,5
4037932,5
4037948,5
4037957,5
4037973,5
4037982,5
4037998,5
4038007,5
4038015,1
4038023,5
4038032,5
4038040,5
4038048,5
4038057,5
4038065,5
4038073,5
4038082,5
4038090,5
4038098,5
4038107,5
4038115,5
4038123,5
4038132,5
4038140,1
4038148,5
4038157,1
4038165,1
4038173,1
4038182,1
4038190,1
4038198,2
4038207,2
4038223,2
4038232,2
4038240,3
4038248,3
4038257,3
4038273,3
4038282,3
4038290,3
4038298,3
4038307,3
4038315,3
4038323,3
4038332,3
4038340,3
4038348,3
4038357,3
4038365,3
4038373,3
4038382,3
4038390,1
4038398,5
4038407,5
4038415,5
4038423,5
4038432,5
4038440,5
4038448,5
4038457,5
4038465,5
4038473,5
4038482,5
4038490,5
4038498,5
4038507,5
4038515,4
4038648,5
4038665,5
4038673,5
4038682,5
4038690,5
4038698,5
4038707,5
4038715,5
4038723,5
4038732,5
4038740,5
4038748,5
4038757,5
4038765,5
4038773,5
4038782,5
4038790,5
4038798,5
4038807,5
4038815,5
4038823,5
4038832,5
4038840,5
4038848,5
4038857,5
4038865,5
4038873,5
4038882,5
4038890,5
4038898,5
4038907,5
4038915,5
4038923,5
4038932,5
4038940,5
4038948,5
4038957,5
4038965,5
4038973,5
4038982,5
4038990,5
4038998,5
4039007,5
4039015,5
4039023,5
4039032,5
4039040,5
4039048,5
4039057,5
4039065,5
4039073,5
4039082,5
4039090,5
4039098,5
4039107,5
4039115,5
4039123,5
4039132,5
4039140,5
4039148,5
4039157,5
4039165,5
4039173,5
4039182,5
4039190,5
4039198,5
4039207,5
4039215,5
4039223,5
4039232,5
4039240,5
4039248,5
4039257,5
4039265,5
4039273,5
4039282,5
4039290,5
4039298,5
4039307,5
4039315,5
4039323,5
4039332,5
4039340,5
4039348,5
4039357,5
4039365,5
4039373,5
4039382,5
4039390,5
4039398,5
4039407,4
4039423,5
4039432,5
4039440,5
4039448,5
4039457,5
4039465,5
4039473,5
4039482,5
4039490,5
4039498,5
4039507,5
4039515,5
4039523,5
4039532,5
4039540,5
4039548,5
4039557,5
4039565,5
4039573,5
4039582,5
4039590,5
4039598,5
4039607,5
4039615,5
4039623,5
4039632,5
4039640,5
4039648,5
4039656,5
4039665,5
4039673,5
4039682,5
4039690,5
4039698,5
4039707,5
4039715,5
4039723,5
4039732,3
4039740,5
4039748,5
4039756,5
4039765,5
4039773,5
4039782,5
4039790,5
4039798,5
4039807,5
4039815,5
4039823,5
4039831,5
4039840,5
4039848,5
4039857,5
4039865,5
4039873,5
4039882,5
4039890,5
4039898,5
4039907,5
4039915,5
4039923,5
4039932,5
4039940,5
4039948,5
4039956,5
4039965,5
4039974,5
4039982,5
4039990,5
4039998,5
4040006,5
4040015,5
4040023,5
4040031,5
4040040,5
4040048,5
4040057,5
4040065,5
4040073,5
4040082,5
4040090,5
4040098,5
4040106,5
4040115,5
4040123,5
4040131,5
4040140,5
4040148,5
4040156,5
4040165,5
4040173,5
4040182,5
4040190,5
4040198,5
4040206,5
4040215,5
4040223,5
4040231,5
4040240,5
4040248,5
4040256,5
4040265,5
4040273,5
4040282,5
4040290,5
4040298,5
4040306,5
4040315,5
4040323,5
4040332,5
4040340,5
4040348,5
4040356,5
4040365,5
4040373,5
4040381,5
4040390,5
4040398,5
4040406,5
4040415,0
4040423,0
4040431,0
4040440,0
4040448,0
4040457,0
4040465,0
4040473,0
4040481,0
4040490,0
4040498,0
4040506,0
4040515,0
4040523,0
4040531,0
4040540,0
4040548,0
4040556,0
4040565,0
4040573,0
4040581,0
4040590,0
4040598,0
4040606,0
4040615,0
4040623,0
4040631,5
4040640,5
4040648,5
4040656,5
4040665,5
4040673,0
4040682,0
4040690,0
4040698,0
4040706,0
4040715,0
4040723,0
4040731,0
4040740,0
4040748,0
4040757,0
4040765,0
4040773,0
4040782,0
4040790,0
4040798,5
4040806,5
4040815,5
4040823,5
4040831,5
4040840,0
4040848,0
4040856,0
4040865,0
4040873,0
4040881,0
4040890,0
4040898,0
4040906,0
4040915,0
4040923,0
4040931,0
4040940,0
4040948,0
4040956,0
4040965,0
4040973,0
4040981,0
4040990,0
4040998,0
4041006,5
4041015,5
4041023,5
4041031,5
4041040,5
4041048,5
4041056,5
4041065,5
4041073,5
4041082,5
4041090,5
4041098,5
4041106,5
4041115,5
4041123,5
4041131,5
4041140,5
4041148,5
4041156,5
4041165,5
4041173,5
4041182,5
4041190,5
4041198,5
4041206,5
4041215,5
4041223,5
4041231,5
4041240,5
4041248,5
4041256,5
4041265,5
4041273,5
4041281,5
4041290,5
4041298,5
4041306,5
4041315,5
4041323,5
4041331,2
4041340,2
4041348,5
4041356,5
4041365,5
4041373,5
4041381,5
4041390,5
4041398,5
4041406,5
4041415,5
4041423,5
4041431,5
4041440,5
4041448,5
4041456,5
4041465,5
4041473,5
4041481,5
4041490,5
4041498,5
4041506,5
4041515,5
4041523,5
4041531,5
4041540,5
4041548,5
4041556,5
4041565,5
4041573,5
4041581,5
4041590,5
4041598,5
4041606,5
4041615,5
4041623,5
4041631,3
4041640,3
4041648,5
4041656,5
4041665,5
4041673,5
4041682,5
4041690,5
4041698,5
4041706,4
4041723,5
4041731,5
4041740,5
4041756,5
4041765,5
4041773,5
4041781,5
4041790,5
4041806,5
4041815,5
4041823,5
4042015,5
4042023,5
4042031,5
4042040,0
4042048,0
4042056,0
4042065,0
4042073,0
4042081,0
4042090,0
4042098,0
4042106,4
4042123,0
4042131,0
4042140,5
4042148,5
4042156,5
4042165,5
4042173,5
4042181,5
4042190,0
4042198,0
4042206,4
4042223,0
4042231,0
4042240,0
4042248,0
4042256,0
4042265,0
4042273,0
4042281,0
4042290,0
4042298,0
4042306,4
4042323,0
4042331,0
4042340,5
4042348,5
4042356,5
4042365,5
4042373,5
4042381,5
4042390,5
4042398,5
4042406,4
4042423,5
4042431,5
4042440,5
4042448,5
4042465,5
4042473,4
4042482,0
4042490,0
4042498,0
4042506,0
4042515,0
4042523,0
4042531,0
4042540,5
4042548,5
4042556,0
4042565,0
4042573,0
4042582,0
4042590,0
4042598,0
4042606,1
4042615,0
4042623,0
4042631,0
4042640,0
4042648,0
4042656,0
4042665,0
4042673,0
4042681,0
4042690,0
4042698,0
4042706,4
4042723,0
4042731,0
4042740,5
4042756,5
4042765,5
4042773,5
4042781,0
4042790,0
4042798,0
4042806,4
4042823,0
4042831,0
4042840,0
4042848,0
4042856,0
4042865,0
4042873,0
4042881,0
4042890,0
4042898,0
4042906,4
4042923,0
4042931,0
4042940,0
4042948,0
4042956,0
4042965,0
4042973,0
4042981,0
4042990,0
4042998,0
4043006,4
4043023,0
4043031,0
4043040,5
4043048,5
4043056,0
4043065,0
4043073,0
4043081,0
4043090,0
4043098,0
4043106,0
4043115,0
4043123,0
4043131,0
4043140,0
4043148,0
4043156,0
4043165,0
4043173,0
4043181,0
4043190,0
4043206,4
4043223,0
4043231,0
4043240,0
4043256,0
4043265,0
4043273,0
4043281,0
4043290,0
4043298,0
4043306,0
4043315,0
4043323,0
4043331,0
4043340,5
4043348,5
4043356,0
4043365,0
4043373,5
4043381,5
4043390,0
4043398,0
4043406,4
4043423,0
4043431,0
4043440,0
4043448,0
4043456,0
4043465,0
4043473,0
4043481,0
4043490,0
4043498,0
4043506,4
4043523,0
4043531,0
4043540,0
4043548,0
4043556,0
4043564,0
4043573,0
4043581,0
4043590,0
4043598,0
4043606,4
4043623,0
4043631,0
4043640,0
4043648,0
4043656,0
4043665,0
4043673,0
4043681,0
4043689,0
4043698,0
4043706,4
4043723,0
4043731,0
4043740,0
4043748,0
4043756,0
4043764,0
4043773,0
4043781,0
4043789,0
4043798,0
4043806,0
4043815,0
4043823,0
4043831,0
4043839,0
4043848,0
4043856,0
4043865,0
4043873,0
4043881,0
4043889,0
4043898,0
4043906,4
4043923,0
4043931,0
4043939,0
4043948,0
4043956,0
4043964,0
4043973,0
4043981,0
4043989,0
4043998,0
4044006,4
4044023,0
4044031,0
4044039,0
4044048,0
4044056,0
4044064,0
4044073,0
4044081,0
4044090,0
4044098,0
4044106,4
4044123,0
4044131,0
4044139,0
4044148,0
4044156,0
4044164,0
4044173,5
4044181,5
4044189,0
4044198,0
4044206,4
4044223,0
4044231,0
4044239,5
4044256,5
4044264,5
4044273,5
4044281,5
4044290,0
4044298,0
4044306,4
4044323,0
4044331,0
4044339,5
4044348,5
4044356,5
4044364,5
4044373,5
4044381,5
4044389,5
4044398,5
4044406,5
4044415,5
4044423,5
4044431,5
4044439,5
4044448,5
4044456,5
4044464,5
4044473,5
4044481,5
4044489,5
4044498,5
4044506,5
4044514,5
4044523,5
4044531,5
4044539,5
4044548,5
4044556,5
4044564,5
4044573,5
4044581,5
4044589,5
4044598,5
4044606,5
4044614,5
4044623,5
4044631,5
4044639,5
4044648,5
4044656,5
4044664,5
4044673,5
4044681,5
4044689,5
4044698,5
4044706,5
4044715,5
4044723,5
4044731,5
4044739,5
4044748,5
4044756,5
4044764,5
4044773,5
4044781,5
4044789,5
4044798,5
4044806,4
4044823,5
4044831,5
4044839,5
4044848,5
4044856,5
4044864,5
4044873,5
4044881,5
4044889,5
4044898,5
4044906,4
4044923,5
4044931,5
4044939,5
4044948,5
4044956,5
4044964,5
4044973,5
4044981,5
4044989,5
4044998,5
4045006,4
4045023,5
4045031,5
4045039,5
4045048,5
4045056,5
4045064,1
4045073,1
4045081,1
4045089,1
4045098,1
4045106,4
4045123,1
4045131,1
4045139,1
4045148,2
4045156,1
4045164,1
4045173,1
4045181,1
4045189,1
4045206,5
4045223,1
4045231,1
4045240,1
4045248,1
4045256,1
4045264,1
4045273,1
4045281,1
4045289,1
4045298,1
4045306,4
4045323,1
4045331,1
4045339,1
4045348,2
4045356,1
4045364,1
4045373,1
4045381,1
4045389,1
4045398,1
4045406,4
4045423,1
4045431,1
4045439,2
4045448,2
4045456,2
4045464,2
4045473,2
4045481,2
4045489,1
4045498,1
4045506,5
4045523,2
4045531,2
4045539,2
4045548,2
4045556,2
4045564,2
4045573,2
4045581,2
4045589,1
4045598,1
4045606,5
4045623,1
4045631,1
4045639,1
4045648,1
4045656,5
4045664,5
4045673,5
4045681,5
4045689,0
4045698,0
4045706,4
4045723,0
4045731,0
4045740,0
4045748,0
4045756,0
4045764,0
4045773,0
4045781,0
4045789,0
4045798,0
4045806,4
4045823,0
4045831,0
4045839,5
4045848,5
4045856,0
4045864,0
4045873,0
4045881,0
4045889,0
4045898,0
4045906,4
4045923,0
4045931,0
4045939,5
4045948,5
4045956,0
4045964,0
4045973,0
4045981,0
4045989,0
4045998,0
4046006,4
4046023,0
4046031,0
4046039,5
4046048,5
4046056,0
4046064,0
4046073,5
4046081,5
4046089,0
4046098,0
4046106,4
4046123,0
4046131,0
4046140,0
4046148,0
4046156,0
4046164,0
4046173,0
4046181,0
4046189,0
4046198,0
4046206,4
4046223,0
4046231,0
4046239,5
4046248,5
4046256,0
4046264,0
4046273,0
4046281,0
4046289,0
4046298,0
4046306,4
4046323,0
4046331,0
4046339,5
4046348,5
4046356,0
4046364,0
4046373,0
4046381,0
4046389,0
4046398,0
4046406,4
4046423,0
4046431,0
4046439,0
4046448,0
4046456,0
4046464,0
4046473,0
4046481,0
4046489,0
4046498,0
4046506,4
4046523,0
4046531,0
4046539,0
4046548,0
4046556,0
4046564,0
4046573,0
4046581,0
4046589,0
4046598,0
4046606,4
4046623,0
4046631,0
4046639,0
4046648,0
4046656,0
4046664,0
4046673,0
4046681,0
4046689,0
4046698,0
4046706,4
4046723,0
4046731,0
4046739,0
4046748,0
4046756,0
4046764,0
4046773,0
4046781,0
4046789,0
4046798,0
4046806,4
4046823,0
4046831,0
4046839,0
4046848,5
4046856,0
4046864,0
4046873,0
4046881,0
4046889,0
4046898,0
4046906,4
4046923,0
4046931,0
4046939,0
4046948,0
4046956,0
4046964,0
4046973,0
4046981,0
4046989,0
4046998,0
4047006,0
4047014,0
4047022,0
4047031,0
4047039,0
4047048,0
4047056,0
4047064,0
4047073,0
4047081,0
4047089,0
4047098,0
4047106,4
4047123,0
4047131,0
4047139,0
4047148,0
4047156,0
4047164,0
4047173,0
4047181,0
4047189,0
4047198,0
4047206,4
4047223,0
4047231,0
4047239,0
4047248,0
4047256,0
4047264,0
4047273,0
4047281,0
4047289,0
4047306,4
4047323,0
4047331,0
4047339,0
4047356,0
4047364,0
4047373,0
4047381,0
4047389,0
4047398,0
4047406,4
4047423,0
4047431,0
4047439,0
4047447,0
4047456,0
4047464,0
4047473,0
4047481,0
4047489,0
4047498,0
4047506,4
4047522,0
4047531,0
4047539,0
4047547,0
4047556,0
4047564,0
4047572,0
4047581,0
4047589,0
4047597,0
4047606,4
4047622,0
4047631,0
4047639,0
4047647,0
4047656,0
4047664,0
4047673,0
4047681,0
4047689,0
4047697,0
4047706,4
4047722,0
4047731,0
4047739,0
4047747,0
4047756,0
4047764,0
4047772,0
4047781,0
4047789,0
4047797,0
4047806,4
4047822,0
4047831,0
4047839,0
4047847,0
4047856,0
4047864,0
4047872,0
4047881,0
4047889,0
4047897,0
4047906,4
4047922,0
4047931,0
4047939,0
4047947,0
4047956,0
4047964,0
4047972,0
4047981,0
4047989,0
4047997,0
4048006,1
4048014,0
4048131,5
4048147,5
4048156,5
4048164,5
4048172,5
4048181,0
4048189,0
4048197,0
4048206,0
4048214,0
4048222,0
4048231,0
4048239,0
4048247,0
4048256,0
4048264,0
4048272,0
4048281,0
4048289,0
4048297,0
4048306,0
4048314,0
4048322,0
4048331,0
4048339,0
4048347,0
4048356,0
4048364,0
4048372,0
4048381,0
4048389,0
4048397,0
4048406,4
4048422,0
4048431,0
4048439,0
4048447,0
4048456,0
4048464,0
4048472,0
4048481,0
4048489,0
4048497,0
4048506,4
4048522,0
4048531,0
4048539,0
4048547,0
4048556,0
4048564,0
4048572,0
4048581,0
4048589,0
4048597,0
4048606,4
4048622,0
4048631,0
4048639,0
4048647,0
4048656,0
4048664,0
4048672,0
4048681,0
4048689,0
4048697,0
4048706,4
4048722,0
4048731,0
4048739,0
4048747,0
4048756,0
4048764,0
4048772,0
4048781,0
4048789,0
4048797,0
4048806,4
4048822,0
4048831,0
4048839,0
4048847,0
4048856,0
4048864,0
4048872,0
4048881,0
4048889,0
4048897,0
4048906,4
4048922,0
4048931,0
4048939,0
4048947,0
4048956,0
4048964,0
4048972,0
4048981,0
4048989,0
4048997,0
4049006,0
4049014,0
4049022,0
4049031,0
4049039,0
4049047,0
4049056,0
4049064,0
4049072,0
4049081,0
4049089,0
4049097,0
4049106,0
4049114,0
4049122,0
4049131,0
4049139,0
4049147,0
4049156,0
4049164,0
4049172,0
4049181,0
4049189,0
4049197,0
4049206,0
4049214,0
4049222,0
4049231,0
4049239,0
4049247,0
4049256,0
4049264,0
4049272,0
4049281,0
4049289,0
4049306,4
4049322,0
4049331,0
4049339,0
4049356,0
4049364,0
4049372,0
4049381,0
4049389,0
4049397,0
4049406,4
4049422,0
4049431,0
4049439,0
4049447,0
4049456,0
4049464,0
4049472,0
4049481,0
4049489,0
4049506,4
4049522,0
4049531,0
4049539,0
4049556,0
4049564,0
4049572,0
4049581,0
4049589,0
4049597,0
4049606,4
4049622,0
4049631,0
4049639,0
4049647,0
4049656,0
4049664,0
4049672,5
4049681,5
4049689,0
4049697,0
4049706,4
4049722,0
4049731,0
4049739,0
4049747,0
4049756,0
4049764,0
4049772,0
4049781,0
4049956,5
4049964,5
4049972,5
4049981,5
4049989,5
4049997,0
4050006,0
4050014,0
4050022,0
4050031,0
4050039,0
4050047,0
4050056,0
4050064,0
4050072,0
4050081,0
4050089,0
4050097,0
4050106,4
4050122,0
4050131,0
4050139,0
4050147,0
4050156,0
4050164,0
4050172,0
4050181,0
4050189,0
4050197,0
4050206,4
4050222,0
4050231,0
4050239,0
4050247,0
4050256,0
4050264,0
4050272,0
4050281,0
4050289,0
4050306,4
4050322,0
4050331,0
4050339,0
4050356,0
4050364,0
4050372,0
4050381,0
4050389,0
4050397,0
4050406,4
4050422,0
4050431,0
4050439,0
4050447,0
4050456,0
4050464,0
4050473,0
4050481,0
4050489,0
4050497,0
4050506,4
4050522,0
4050531,0
4050539,0
4050547,0
4050556,0
4050564,0
4050572,0
4050581,0
4050589,0
4050597,0
4050606,0
4050614,0
4050622,0
4050631,0
4050639,0
4050647,0
4050656,0
4050664,0
4050672,0
4050681,0
4050689,0
4050697,0
4050706,0
4050714,0
4050722,0
4050731,0
4050739,0
4050747,0
4050756,0
4050764,0
4050772,0
4050781,0
4050789,0
4050797,0
4050806,0
4050814,0
4050822,0
4050831,0
4050839,0
4050847,0
4050856,0
4050864,0
4050872,0
4050881,0
4050889,0
4050897,0
4050906,0
4050914,0
4050922,0
4050931,0
4050939,0
4050947,0
4050956,0
4050964,0
4050972,0
4050981,0
4050989,0
4050997,0
4051006,4
4051022,0
4051181,0
4051197,5
4051206,5
4051214,0
4051222,0
4051231,0
4051239,0
4051247,0
4051256,0
4051264,0
4051272,0
4051281,0
4051289,0
4051297,0
4051306,4
4051322,5
4051331,1
4051339,2
4051347,2
4051355,2
4051364,2
4051372,2
4051381,2
4051389,2
4051397,2
4051405,2
4051414,2
4051422,2
4051430,2
4051439,2
4051447,2
4051455,2
4051464,2
4051472,2
4051481,2
4051489,2
4051497,2
4051505,2
4051514,2
4051522,2
4051530,2
4051539,2
4051547,2
4051555,2
4051564,2
4051572,2
4051580,2
4051589,2
4051597,2
4051605,5
4051622,3
4051630,3
4051639,3
4051647,3
4051655,3
4051664,3
4051672,3
4051680,3
4051689,3
4051697,3
4051706,4
4051714,2
4051722,2
4051730,2
4051739,2
4051747,2
4051755,2
4051764,3
4051772,3
4051780,3
4051789,2
4051797,2
4051805,2
4051814,2
4051822,2
4051830,2
4051839,2
4051847,2
4051855,2
4051864,2
4052055,5
4052064,0
4052072,0
4052080,0
4052089,0
4052097,0
4052105,0
4052114,0
4052122,0
4052130,0
4052139,0
4052147,0
4052155,0
4052164,0
4052172,0
4052180,0
4052189,0
4052197,0
4052205,0
4052214,0
4052222,0
4052230,0
4052239,0
4052247,0
4052255,0
4052264,0
4052272,0
4052280,0
4052289,0
4052297,0
4052305,4
4052322,0
4052330,0
4052339,0
4052347,0
4052355,0
4052364,0
4052372,0
4052380,0
4052389,0
4052397,0
4052405,1
4052414,0
4052422,0
4052431,0
4052439,0
4052447,0
4052455,0
4052464,5
4052630,5
4052639,5
4052647,5
4052655,5
4052664,0
4052672,0
4052680,0
4052689,0
4052697,0
4052705,0
4052714,0
4052722,0
4052730,0
4052739,0
4052747,0
4052755,0
4052764,0
4052772,0
4052780,0
4052789,0
4052797,0
4052805,1
4052814,0
4052822,0
4052830,0
4052839,0
4052847,0
4052855,0
4052864,0
4052872,0
4052880,0
4052889,0
4052897,0
4052906,0
4052914,0
4052922,0
4052930,0
4052939,0
4052947,0
4052955,0
4052964,0
4052972,0
4052980,0
4052989,0
4052997,0
4053005,0
4053014,0
4053022,0
4053030,0
4053039,0
4053047,0
4053055,0
4053064,0
4053072,0
4053080,0
4053089,0
4053097,0
4053105,4
4053122,0
4053130,0
4053139,0
4053147,0
4053155,0
4053164,0
4053172,0
4053180,0
4053189,0
4053197,0
4053205,4
4053222,0
4053230,0
4053239,0
4053247,0
4053255,0
4053264,0
4053272,0
4053281,0
4053289,0
4053297,0
4053305,4
4053322,0
4053330,0
4053339,0
4053347,0
4053355,0
4053364,0
4053372,0
4053380,0
4053389,0
4053397,0
4053405,4
4053422,0
4053430,0
4053439,5
4053447,5
4053455,5
4053464,0
4053472,0
4053480,0
4053489,0
4053497,0
4053505,0
4053514,0
4053522,0
4053530,0
4053539,0
4053547,0
4053555,0
4053564,0
4053572,0
4053580,0
4053589,0
4053597,0
4053605,0
4053614,5
4053622,5
4053630,5
4053639,5
4053647,5
4053655,5
4053664,5
4053672,5
4053680,5
4053689,5
4053697,5
4053705,3
4053714,5
4053722,5
4053730,5
4053739,5
4053747,5
4053755,5
4053764,5
4053772,5
4053780,5
4053789,5
4053797,5
4053805,4
4053822,5
4053830,5
4053839,5
4053855,5
4053864,5
4053872,5
4053880,5
4053889,0
4053897,0
4053905,2
4053914,0
4053922,0
4053930,0
4053939,5
4053947,5
4053955,5
4053964,0
4053972,0
4053980,0
4053989,5
4054005,4
4054022,5
4054030,5
4054039,5
4054047,5
4054055,5
4054064,5
4054072,5
4054080,5
4054089,5
4054097,5
4054105,1
4054114,5
4054122,5
4054130,6
4054139,5
4054147,5
4054155,5
4054164,5
4054172,5
4054180,5
4054189,5
4054197,5
4054205,5
4054214,6
4054222,6
4054230,6
4054239,6
4054247,6
4054255,6
4054264,6
4054272,6
4054280,6
4054289,6
4054297,6
4054305,6
4054314,6
4054322,6
4054330,6
4054339,6
4054347,6
4054355,6
4054364,6
4054372,6
4054381,6
4054389,0
4054397,0
4054405,0
4054414,0
4054422,0
4054430,0
4054439,0
4054447,0
4054455,0
4054464,0
4054472,0
4054480,0
4054489,0
4054497,0
4054505,0
4054514,0
4054522,0
4054530,0
4054539,0
4054547,0
4054555,0
4054564,0
4054572,0
4054580,0
4054589,0
4054597,0
4054605,0
4054614,0
4054622,0
4054630,0
4054639,0
4054647,0
4054655,0
4054664,0
4054672,0
4054680,0
4054689,0
4054697,0
4054705,0
4054714,0
4054722,0
4054730,0
4054739,0
4054747,0
4054755,0
4054763,0
4054772,0
4054780,0
4054788,0
4054797,0
4054805,0
4054814,0
4054822,0
4054830,0
4054838,0
4054847,0
4054855,0
4054864,0
4054872,0
4054880,0
4054889,0
4054897,0
4054905,0
4054913,0
4054922,0
4054930,0
4054939,0
4054947,0
4054955,0
4054964,0
4054972,0
4054980,0
4054988,0
4054997,0
4055005,0
4055014,0
4055022,0
4055030,0
4055038,0
4055047,0
4055055,0
4055064,0
4055263,0
4055280,5
4055288,0
4055297,0
4055305,0
4055313,0
4055322,0
4055330,0
4055338,0
4055347,0
4055355,0
4055363,0
4055372,0
4055380,0
4055388,0
4055397,0
4055405,0
4055413,0
4055422,0
4055430,0
4055438,0
4055447,0
4055455,0
4055463,0
4055472,0
4055480,0
4055489,0
4055497,0
4055505,0
4055513,0
4055522,0
4055530,0
4055538,0
4055547,0
4055555,0
4055563,0
4055572,0
4055580,0
4055588,0
4055597,0
4055605,0
4055613,0
4055622,0
4055630,0
4055639,0
4055647,0
4055655,0
4055663,0
4055672,0
4055680,0
4055688,0
4055697,0
4055705,0
4055713,0
4055722,0
4055730,0
4055738,0
4055747,0
4055755,0
4055763,0
4055772,0
4055780,0
4055788,0
4055797,0
4055805,0
4055813,0
4055822,0
4055830,0
4055838,0
4055847,0
4055855,0
4055863,0
4055872,0
4055880,0
4055888,0
4055897,0
4055905,0
4055914,0
4055922,0
4055930,0
4055938,0
4055947,0
4055955,0
4055963,0
4055972,0
4055980,0
4055988,0
4055997,0
4056005,0
4056013,0
4056022,0
4056030,0
4056038,0
4056047,0
4056055,0
4056063,0
4056072,0
4056080,0
4056088,0
4056097,0
4056105,0
4056114,0
4056122,0
4056130,0
4056138,0
4056147,0
4056155,0
4056163,0
4056172,0
4056180,0
4056188,0
4056197,0
4056205,0
4056213,0
4056222,0
4056230,0
4056238,0
4056247,0
4056255,0
4056263,0
4056272,0
4056280,0
4056288,0
4056297,0
4056305,0
4056313,0
4056322,0
4056330,0
4056338,0
4056347,0
4056355,0
4056363,0
4056372,0
4056380,0
4056388,1
4056397,0
4056405,5
4056413,0
4056422,0
4056430,0
4056438,0
4056447,0
4056455,0
4056463,0
4056472,0
4056480,0
4056488,0
4056497,0
4056505,0
4056513,0
4056522,0
4056530,0
4056538,0
4056547,0
4056555,0
4056563,0
4056572,0
4056580,0
4056588,0
4056597,0
4056605,0
4056613,0
4056622,0
4056630,0
4056638,0
4056647,0
4056655,0
4056663,0
4056672,0
4056680,0
4056688,0
4056697,0
4056705,0
4056713,0
4056722,5
4056872,5
4056880,5
4056888,0
4056897,0
4056905,0
4056913,0
4056922,0
4056930,0
4056938,0
4056947,0
4056955,0
4056963,0
4056972,0
4056980,0
4056988,0
4056997,0
4057005,0
4057013,0
4057022,0
4057030,0
4057038,0
4057047,0
4057055,0
4057063,0
4057072,0
4057080,0
4057088,0
4057097,0
4057105,0
4057113,0
4057122,0
4057130,0
4057138,0
4057147,0
4057155,0
4057163,0
4057172,0
4057180,0
4057188,0
4057197,0
4057205,0
4057213,0
4057222,0
4057230,0
4057238,0
4057247,0
4057255,0
4057263,0
4057272,0
4057280,0
4057288,0
4057297,0
4057305,0
4057313,0
4057322,0
4057330,0
4057338,0
4057347,0
4057355,0
4057363,0
4057372,0
4057380,0
4057388,0
4057397,0
4057405,0
4057413,0
4057422,0
4057430,0
4057438,0
4057447,0
4057455,0
4057463,0
4057472,0
4057480,0
4057489,0
4057497,0
4057505,0
4057513,0
4057522,0
4057530,0
4057538,0
4057547,0
4057555,0
4057563,0
4057572,0
4057580,0
4057588,0
4057597,0
4057605,0
4057613,0
4057622,0
4057630,0
4057638,0
4057647,0
4057655,0
4057663,0
4057672,0
4057680,0
4057855,0
4057880,0
4057888,0
4057897,0
4057905,0
4057913,0
4057922,5
4057930,0
4057938,0
4057947,0
4057955,0
4057963,0
4057972,0
4057980,0
4057988,0
4057997,0
4058005,0
4058013,0
4058022,0
4058030,0
4058038,0
4058047,0
4058055,0
4058063,0
4058072,0
4058080,0
4058088,0
4058097,0
4058105,0
4058113,0
4058122,0
4058130,0
4058138,0
4058147,0
4058155,0
4058163,0
4058172,0
4058180,0
4058188,0
4058197,0
4058205,0
4058213,0
4058222,0
4058230,0
4058238,0
4058247,0
4058255,0
4058263,0
4058272,0
4058280,0
4058288,0
4058297,0
4058305,0
4058313,0
4058322,0
4058330,0
4058338,0
4058347,0
4058355,0
4058363,0
4058372,0
4058380,0
4058388,0
4058397,0
4058405,0
4058413,0
4058422,0
4058430,0
4058438,0
4058447,0
4058455,0
4058463,0
4058472,0
4058480,0
4058488,0
4058497,0
4058505,0
4058513,0
4058522,0
4058530,0
4058538,0
4058546,0
4058555,0
4058563,0
4058572,0
4058580,0
4058588,0
4058597,0
4058605,0
4058613,0
4058622,0
4058630,0
4058638,0
4058647,0
4058655,0
4058663,0
4058672,0
4058680,0
4058688,0
4058697,0
4058705,0
4058713,0
4058722,0
4058730,0
4058738,0
4058746,0
4058755,0
4058763,0
4058772,0
4058780,0
4058788,0
4058797,0
4058805,0
4058813,0
4058821,0
4058830,0
4058838,0
4058846,0
4058855,0
4058863,0
4058872,0
4058880,0
4058888,0
4058896,0
4058905,0
4058913,0
4058922,0
4058930,0
4058938,0
4058946,0
4058955,0
4058963,0
4058972,0
4058980,4
4058996,0
4059005,0
4059013,0
4059021,0
4059030,0
4059038,0
4059221,1
4059230,5
4059238,5
4059246,5
4059255,5
4059263,5
4059271,0
4059280,0
4059288,0
4059296,0
4059305,0
4059313,0
4059321,0
4059330,0
4059338,0
4059346,0
4059355,0
4059363,0
4059371,0
4059380,0
4059388,0
4059396,0
4059405,0
4059413,0
4059422,0
4059430,0
4059438,0
4059446,0
4059455,0
4059463,0
4059480,0
4059488,0
4059496,0
4059505,0
4059513,0
4059521,0
4059530,0
4059538,0
4059546,0
4059555,0
4059563,0
4059571,0
4059580,4
4059596,0
4059605,0
4059613,0
4059621,0
4059630,0
4059638,0
4059646,0
4059655,0
4059663,0
4059672,0
4059680,0
4059688,0
4059696,0
4059705,0
4059713,0
4059721,0
4059730,0
4059738,0
4059746,0
4059755,0
4059763,0
4059771,0
4059780,4
4059796,0
4059805,0
4059813,0
4059821,0
4059830,0
4059838,0
4059846,0
4059855,0
4059863,0
4059880,0
4059888,0
4059896,0
4059905,0
4059913,0
4059930,0
4059938,0
4059946,0
4059955,0
4059963,0
4059971,0
4059980,0
4059988,0
4059996,0
4060005,0
4060013,0
4060021,0
4060030,0
4060038,0
4060046,0
4060055,0
4060063,0
4060071,0
4060080,4
4060096,0
4060105,0
4060113,0
4060121,0
4060130,0
4060138,0
4060146,0
4060155,0
4060163,0
4060171,0
4060180,4
4060196,0
4060205,0
4060213,0
4060221,0
4060230,0
4060238,0
4060246,0
4060255,0
4060263,0
4060271,0
4060280,4
4060296,0
4060305,0
4060313,0
4060321,0
4060330,0
4060338,0
4060346,0
4060355,0
4060363,0
4060380,4
4060396,0
4060405,0
4060413,0
4060596,5
4060605,0
4060613,0
4060621,0
4060630,0
4060638,0
4060646,0
4060655,0
4060663,0
4060671,0
4060680,0
4060688,0
4060696,0
4060705,0
4060713,0
4060721,0
4060730,0
4060738,0
4060746,0
4060755,0
4060763,0
4060771,0
4060780,0
4060788,0
4060796,0
4060805,0
4060813,0
4060821,0
4060830,0
4060838,0
4060846,0
4060855,0
4060863,0
4060871,0
4060880,0
4060888,0
4060896,0
4060905,0
4060913,0
4060921,0
4060930,0
4060938,0
4060946,0
4060955,0
4060963,0
4060971,0
4060980,0
4060988,0
4060996,0
4061005,0
4061013,0
4061021,0
4061030,0
4061038,0
4061046,0
4061055,0
4061063,0
4061071,0
4061080,0
4061088,0
4061096,0
4061105,0
4061113,0
4061121,0
4061130,0
4061138,0
4061146,0
4061155,0
4061163,0
4061171,0
4061180,0
4061188,0
4061196,0
4061205,0
4061213,0
4061221,0
4061230,0
4061238,0
4061246,0
4061255,0
4061263,0
4061280,4
4061296,0
4061305,0
4061313,0
4061330,0
4061338,0
4061346,0
4061355,0
4061363,0
4061371,0
4061380,4
4061396,0
4061405,0
4061413,0
4061421,0
4061430,0
4061438,0
4061446,0
4061455,0
4061463,0
4061471,0
4061480,0
4061488,0
4061496,0
4061505,0
4061513,0
4061521,0
4061530,0
4061538,0
4061546,0
4061555,0
4061563,0
4061571,0
4061580,0
4061588,0
4061596,0
4061605,0
4061613,0
4061621,0
4061630,0
4061638,0
4061646,0
4061655,0
4061663,0
4061671,0
4061680,0
4061688,0
4061696,0
4061705,0
4061713,0
4061721,0
4061730,0
4061738,0
4061746,0
4061755,0
4061763,0
4061771,0
4061780,4
4061796,0
4061805,0
4061813,0
4061821,0
4061830,0
4061838,0
4061846,0
4061855,0
4061863,0
4061871,0
4061880,4
4061896,0
4061905,0
4061913,0
4061921,0
4061930,0
4061938,0
4061946,0
4061955,0
4061963,0
4061971,0
4061980,0
4061988,0
4061996,0
4062005,0
4062013,0
4062021,0
4062029,0
4062038,0
4062046,0
4062055,0
4062063,0
4062071,0
4062080,0
4062088,0
4062096,0
4062105,0
4062113,0
4062121,0
4062130,0
4062138,0
4062146,0
4062155,0
4062163,0
4062171,0
4062180,4
4062196,0
4062205,0
4062213,0
4062221,0
4062229,0
4062238,0
4062246,0
4062255,0
4062263,0
4062271,0
4062280,4
4062296,0
4062305,0
4062313,0
4062321,5
4062330,0
4062338,0
4062346,0
4062354,0
4062363,0
4062371,0
4062380,4
4062396,0
4062405,0
4062413,0
4062421,0
4062429,0
4062438,0
4062446,0
4062455,0
4062463,0
4062471,0
4062480,4
4062496,0
4062505,0
4062513,0
4062521,0
4062529,0
4062538,0
4062546,0
4062555,0
4062563,0
4062571,0
4062579,0
4062588,0
4062596,0
4062605,0
4062613,0
4062621,0
4062629,0
4062638,0
4062646,0
4062654,0
4062663,0
4062671,0
4062679,0
4062688,0
4062696,0
4062704,0
4062713,0
4062721,0
4062729,0
4062738,0
4062746,0
4062754,0
4062763,0
4062771,0
4062780,0
4062788,0
4062796,0
4062805,0
4062813,0
4062821,0
4062829,0
4062838,0
4062846,0
4062854,0
4062863,0
4062871,0
4062880,1
4062888,0
4062896,0
4062904,0
4062913,5
4062921,5
4062929,0
4062938,0
4062946,0
4062954,0
4062963,0
4062971,0
4062979,4
4062996,0
4063004,0
4063013,0
4063021,0
4063029,0
4063038,0
4063046,0
4063054,0
4063063,0
4063071,0
4063080,1
4063088,0
4063096,0
4063104,0
4063113,0
4063121,0
4063130,0
4063138,0
4063146,0
4063154,0
4063163,0
4063171,0
4063180,0
4063188,0
4063196,0
4063204,0
4063213,0
4063221,0
4063229,0
4063396,5
4063404,5
4063413,0
4063429,0
4063438,0
4063446,0
4063454,0
4063463,0
4063471,0
4063479,4
4063496,0
4063504,0
4063513,0
4063521,5
4063529,0
4063538,0
4063546,0
4063554,0
4063563,0
4063571,0
4063579,4
4063596,0
4063604,0
4063613,0
4063621,0
4063629,0
4063638,0
4063646,0
4063654,0
4063663,0
4063671,0
4063679,4
4063696,0
4063704,0
4063713,0
4063721,0
4063730,0
4063738,0
4063746,0
4063754,0
4063763,0
4063771,0
4063779,1
4063788,0
4063796,0
4063804,0
4063813,0
4063821,0
4063830,0
4063838,0
4063846,0
4063854,0
4063863,0
4063871,0
4063879,4
4063896,0
4063904,0
4063913,0
4063921,0
4063930,0
4063938,5
4063946,5
4063954,5
4063963,0
4063971,0
4063979,4
4063996,0
4064004,0
4064013,0
4064021,0
4064030,0
4064038,0
4064046,0
4064054,0
4064063,0
4064071,0
4064079,4
4064096,0
4064104,0
4064113,0
4064121,0
4064130,0
4064138,0
4064146,0
4064154,0
4064163,0
4064171,0
4064179,0
4064188,0
4064196,0
4064204,0
4064213,0
4064221,0
4064230,0
4064238,0
4064246,0
4064254,0
4064263,0
4064271,0
4064279,0
4064288,0
4064296,0
4064304,0
4064313,0
4064321,0
4064329,0
4064338,0
4064346,0
4064354,0
4064363,0
4064371,0
4064380,4
4064396,0
4064404,0
4064413,0
4064421,0
4064429,0
4064438,0
4064446,0
4064454,0
4064463,0
4064471,0
4064479,0
4064488,0
4064496,0
4064504,0
4064513,0
4064521,0
4064529,0
4064538,0
4064546,0
4064554,0
4064563,0
4064571,0
4064579,4
4064596,0
4064604,0
4064613,0
4064621,0
4064629,0
4064638,0
4064646,0
4064654,0
4064663,0
4064671,0
4064679,0
4064688,0
4064696,0
4064704,0
4064713,0
4064721,0
4064729,0
4064738,0
4064746,0
4064754,0
4064763,0
4064771,0
4064779,0
4064788,0
4064796,0
4064804,0
4064813,0
4064821,0
4064829,0
4064838,0
4064846,0
4064854,0
4064863,0
4064871,0
4064879,0
4064888,0
4064896,0
4064904,0
4064913,0
4064921,0
4064929,0
4064938,0
4064946,0
4064954,0
4064963,0
4064971,0
4064979,4
4064996,0
4065004,0
4065013,0
4065021,0
4065029,0
4065038,0
4065046,0
4065054,0
4065063,0
4065071,0
4065079,4
4065096,0
4065104,0
4065113,0
4065121,0
4065129,0
4065138,0
4065146,0
4065154,0
4065163,0
4065171,0
4065179,4
4065196,0
4065204,0
4065213,0
4065221,0
4065229,0
4065238,0
4065246,0
4065254,0
4065263,0
4065271,0
4065279,4
4065296,0
4065304,0
4065313,0
4065321,0
4065329,0
4065338,0
4065346,0
4065354,0
4065363,0
4065371,0
4065379,4
4065396,0
4065404,0
4065413,0
4065421,0
4065429,0
4065438,0
4065446,0
4065454,0
4065463,0
4065471,0
4065479,4
4065496,0
4065504,0
4065513,0
4065521,0
4065529,0
4065538,0
4065546,0
4065554,0
4065563,0
4065571,0
4065579,4
4065596,0
4065604,0
4065613,0
4065621,0
4065629,0
4065638,0
4065771,1
4065779,1
4065788,0
4065796,0
4065804,0
4065813,0
4065821,0
4065829,0
4065838,0
4065846,0
4065854,0
4065863,0
4065871,0
4065879,0
4065888,0
4065896,0
4065904,0
4065912,0
4065921,0
4065929,0
4065938,0
4065946,0
4065954,0
4065962,0
4065971,0
4065979,0
4065988,0
4065996,0
4066004,0
4066013,0
4066021,0
4066029,0
4066038,0
4066046,0
4066054,0
4066063,0
4066071,0
4066079,0
4066088,0
4066096,0
4066104,0
4066112,0
4066121,0
4066129,0
4066138,0
4066146,0
4066154,0
4066162,0
4066171,0
4066179,0
4066188,0
4066196,0
4066204,0
4066213,0
4066221,0
4066229,0
4066238,0
4066246,0
4066254,0
4066263,0
4066271,0
4066279,0
4066288,0
4066296,0
4066304,0
4066313,0
4066321,0
4066329,0
4066338,0
4066346,0
4066354,0
4066362,0
4066371,0
4066379,0
4066387,0
4066396,0
4066404,0
4066412,0
4066421,0
4066429,0
4066437,0
4066446,0
4066454,0
4066462,0
4066471,0
4066479,4
4066496,0
4066504,0
4066512,0
4066521,0
4066529,0
4066537,0
4066546,0
4066554,0
4066563,0
4066571,0
4066579,0
4066587,0
4066596,0
4066604,0
4066612,0
4066621,0
4066629,0
4066637,0
4066646,0
4066654,0
4066829,5
4066846,1
4066854,5
4066871,5
4066879,0
4066896,0
4066904,0
4066921,0
4066929,0
4066946,0
4066954,0
4066971,0
4066979,5
4066996,0
4067004,0
4067021,0
4067029,0
4067046,0
4067054,0
4067071,0
4067079,5
4067096,0
4067104,0
4067121,0
4067129,0
4067146,0
4067154,0
4067171,0
4067179,5
4067196,0
4067204,0
4067221,0
4067229,0
4067246,0
4067254,0
4067271,0
4067279,5
4067296,0
4067304,0
4067321,0
4067329,0
4067346,0
4067354,0
4067371,0
4067379,5
4067396,0
4067404,0
4067421,0
4067429,0
4067446,0
4067454,0
4067471,0
4067479,5
4067496,0
4067504,0
4067521,0
4067529,0
4067546,0
4067554,0
4067571,0
4067579,5
4067596,0
4067604,0
4067621,0
4067629,0
4067646,0
4067654,0
4067671,0
4067679,5
4067696,0
4067704,0
4067721,0
4067729,0
4067746,0
4067754,0
4067771,0
4067779,5
4067796,0
4067804,0
4067821,0
4067829,0
4067846,0
4067854,0
4067871,0
4067879,5
4067896,0
4067904,0
4067921,0
4067929,0
4067946,0
4067954,0
4067971,0
4067979,5
4067996,0
4068004,0
4068021,0
4068029,0
4068046,0
4068054,0
4068071,0
4068079,5
4068096,0
4068104,0
4068112,4
4068229,5
4068237,5
4068254,5
4068262,0
4068271,0
4068279,0
4068287,0
4068296,0
4068304,0
4068312,0
4068321,0
4068329,0
4068337,0
4068346,0
4068354,0
4068362,0
4068371,0
4068379,4
4068396,0
4068404,0
4068412,0
4068421,0
4068429,0
4068437,0
4068446,0
4068454,0
4068462,0
4068471,0
4068479,1
4068487,0
4068496,0
4068504,0
4068512,0
4068521,0
4068529,0
4068537,0
4068546,0
4068554,0
4068562,0
4068571,0
4068579,1
4068587,0
4068596,0
4068604,0
4068612,0
4068621,0
4068629,0
4068637,0
4068646,0
4068654,0
4068662,0
4068671,0
4068679,4
4068696,0
4068704,0
4068712,0
4068721,0
4068729,0
4068737,0
4068746,0
4068754,0
4068762,0
4068771,0
4068779,0
4068787,0
4068796,0
4068804,0
4068812,0
4068821,0
4068829,0
4068837,0
4068846,0
4068854,0
4068862,0
4068871,0
4068879,0
4068887,0
4068896,0
4068904,0
4068912,0
4068921,0
4068929,0
4068937,0
4068946,0
4068954,0
4068962,0
4068971,0
4068979,0
4068987,0
4068996,0
4069004,0
4069012,0
4069021,0
4069029,0
4069037,0
4069046,0
4069054,0
4069062,0
4069071,0
4069079,0
4069087,0
4069096,0
4069104,0
4069112,0
4069121,0
4069129,0
4069137,0
4069146,0
4069154,0
4069162,0
4069171,0
4069179,0
4069187,0
4069196,0
4069204,0
4069212,0
4069221,0
4069229,0
4069237,0
4069246,0
4069254,0
4069262,0
4069271,0
4069279,2
4069287,0
4069296,0
4069304,0
4069312,0
4069321,0
4069329,0
4069337,0
4069346,0
4069354,0
4069362,0
4069371,0
4069379,0
4069387,0
4069396,0
4069404,0
4069412,0
4069421,0
4069429,0
4069437,0
4069446,0
4069454,0
4069462,0
4069471,0
4069479,0
4069487,0
4069496,0
4069504,0
4069512,0
4069521,0
4069529,0
4069537,0
4069546,0
4069554,0
4069562,0
4069571,0
4069579,1
4069587,0
4069596,0
4069604,0
4069612,0
4069621,0
4069629,0
4069637,0
4069646,0
4069654,0
4069662,0
4069671,0
4069679,0
4069687,0
4069696,0
4069704,0
4069712,0
4069721,0
4069729,0
4069737,0
4069746,0
4069754,0
4069762,0
4069771,0
4069779,0
4069787,0
4069796,0
4069804,0
4069812,0
4069821,0
4069829,0
4069837,0
4069846,0
4069854,0
4069862,0
4069871,0
4069879,1
4069887,0
4069896,0
4069904,0
4069912,0
4069921,0
4069929,0
4069937,0
4069945,0
4069954,0
4069962,0
4069971,0
4069979,5
4069987,0
4069995,0
4070004,0
4070012,0
4070021,0
4070029,0
4070037,0
4070046,0
4070054,0
4070062,0
4070070,0
4070079,0
4070087,0
4070095,0
4070104,0
4070112,0
4070120,0
4070129,0
4070137,0
4070146,0
4070154,0
4070162,0
4070170,0
4070179,0
4070187,0
4070196,0
4070204,0
4070212,0
4070220,0
4070229,0
4070237,0
4070245,0
4070254,0
4070262,0
4070271,0
4070279,0
4070287,0
4070296,0
4070304,0
4070312,0
4070320,0
4070329,0
4070337,0
4070346,0
4070354,0
4070362,0
4070370,0
4070379,0
4070387,0
4070395,0
4070404,0
4070412,0
4070420,0
4070429,0
4070437,0
4070446,0
4070454,0
4070462,0
4070470,0
4070479,0
4070487,0
4070495,0
4070504,0
4070512,0
4070520,0
4070529,0
4070537,0
4070545,0
4070554,0
4070562,0
4070570,0
4070579,1
4070587,0
4070595,0
4070604,0
4070612,0
4070620,0
4070629,0
4070637,0
4070646,0
4070654,0
4070662,0
4070670,0
4070679,1
4070687,0
4070695,0
4070870,5
4070887,5
4070895,5
4070904,5
4070912,5
4070920,0
4070929,0
4070937,0
4070945,0
4070954,0
4070962,0
4070970,0
4070979,0
4070987,0
4070995,0
4071004,0
4071012,0
4071020,0
4071029,0
4071037,0
4071045,0
4071054,0
4071062,0
4071070,0
4071079,0
4071087,0
4071095,0
4071104,0
4071112,0
4071120,0
4071129,0
4071137,0
4071146,0
4071154,0
4071162,0
4071170,0
4071179,0
4071187,0
4071195,0
4071204,0
4071212,0
4071220,0
4071229,0
4071237,0
4071245,0
4071254,0
4071262,0
4071270,0
4071279,0
4071287,0
4071295,0
4071304,0
4071312,0
4071320,0
4071329,0
4071337,0
4071345,0
4071354,0
4071362,0
4071370,0
4071379,0
4071387,0
4071395,0
4071404,0
4071412,0
4071420,0
4071429,0
4071437,0
4071445,0
4071454,0
4071462,0
4071470,0
4071479,1
4071487,0
4071495,0
4071504,0
4071512,0
4071520,0
4071529,0
4071537,0
4071545,0
4071554,0
4071562,0
4071570,0
4071579,0
4071587,0
4071595,0
4071604,0
4071612,0
4071620,0
4071629,0
4071637,0
4071645,0
4071654,0
4071662,0
4071670,0
4071679,0
4071687,0
4071695,0
4071704,0
4071712,0
4071720,0
4071729,0
4071737,0
4071745,0
4071754,0
4071762,0
4071770,0
4071779,0
4071787,0
4071795,0
4071804,0
4071812,0
4071820,0
4071829,0
4071837,0
4072245,6
4072254,6
4072270,6
4072295,6
4072445,5
4072454,5
4072470,5
4072545,5
4072554,5
4072570,5
4072645,6
4072654,6
4072670,6
4072695,6
4072804,0
4072829,1
4072837,5
4072845,5
4072854,5
4072862,5
4072870,5
4072879,0
4072887,0
4072895,0
4072904,0
4072912,0
4072920,0
4072929,0
4072937,0
4072945,0
4072954,0
4072962,0
4072970,0
4072979,0
4072987,0
4072995,0
4073004,0
4073012,5
4073020,5
4073029,5
4073037,5
4073045,0
4073054,0
4073062,0
4073070,0
4073079,0
4073087,0
4073095,0
4073104,0
4073112,5
4073120,5
4073129,5
4073137,5
4073145,5
4073154,5
4073162,5
4073170,5
4073179,5
4073187,5
4073195,5
4073204,5
4073212,5
4073220,5
4073229,5
4073237,5
4073245,5
4073254,5
4073262,5
4073270,5
4073279,5
4073287,5
4073295,5
4073304,5
4073312,5
4073320,5
4073329,5
4073337,5
4073345,5
4073353,5
4073362,5
4073370,5
4073379,5
4073387,5
4073395,5
4073404,5
4073412,5
4073420,5
4073429,5
4073437,5
4073445,5
4073454,5
4073462,5
4073470,5
4073479,5
4073487,5
4073495,5
4073504,5
4073512,5
4073520,5
4073529,5
4073537,5
4073695,5
4073704,5
4073712,0
4074145,0
4074170,4
4074178,4
4075575,5
4075600,3
4075608,5
4075616,5
4075625,5
4075633,5
4075641,5
4075650,5
4075658,5
4075666,5
4075675,5
4075683,5
4075691,5
4075700,5
4075708,5
4075716,5
4075725,5
4075733,5
4075741,5
4075750,4
4075766,5
4075775,5
4075783,5
4075791,5
4075800,5
4075808,5
4075816,5
4075825,5
4075833,5
4075850,5
4075866,5
4075875,5
4075883,5
4075900,5
4075908,5
4075916,5
4075924,5
4075933,5
4075950,5
4075966,5
4075975,5
4075983,5
4076000,5
4076008,5
4076016,5
4076024,5
4076033,5
4076050,5
4076066,5
4076074,5
4076083,5
4076100,5
4076108,5
4076116,5
4076124,5
4076133,5
4076141,5
4076149,5
4076158,5
4076166,5
4076174,5
4076183,5
4076191,5
4076199,5
4076208,5
4076216,5
4076224,5
4076233,5
4076241,5
4076249,5
4076258,5
4076266,5
4076274,5
4076283,5
4076291,5
4076299,5
4076308,5
4076316,5
4076324,5
4076333,5
4076341,5
4076349,5
4076358,5
4076366,5
4076374,5
4076383,5
4076391,5
4076399,5
4076408,5
4076416,5
4076424,5
4076433,5
4076449,5
4076458,5
4076466,5
4076474,5
4076483,5
4076499,5
4076508,5
4076516,5
4076524,5
4076533,5
4076549,5
4076558,5
4076566,5
4076575,5
4076583,5
4076599,5
4076608,5
4076616,5
4076624,5
4076633,5
4076641,5
4076649,5
4076658,3
4076824,3
4076833,3
4076841,3
4076850,5
4076858,3
4076866,3
4076874,3
4076883,2
4076891,2
4076899,2
4076908,3
4076916,3
4076924,3
4076933,2
4076941,2
4076949,2
4076958,3
4076966,2
4076974,2
4076983,2
4076991,2
4076999,2
4077008,2
4077016,2
4077024,2
4077033,2
4077041,3
4077049,3
4077058,3
4077066,2
4077074,2
4077083,2
4077091,3
4077099,3
4077108,3
4077116,3
4077124,3
4077133,3
4077141,3
4077149,3
4077158,3
4077166,2
4077174,2
4077183,2
4077191,2
4077199,2
4077208,2
4077216,2
4077224,2
4077233,2
4077241,2
4077249,2
4077258,2
4077266,2
4077274,2
4077283,3
4077291,3
4077299,3
4077308,3
4077316,3
4077324,3
4077333,3
4077341,3
4077349,3
4077358,3
4077366,2
4077374,2
4077383,2
4077391,2
4077399,2
4077408,2
4077416,2
4077424,2
4077433,2
4077441,3
4077449,3
4077458,2
4077466,2
4077474,2
4077483,2
4077491,2
4077499,2
4077508,2
4077516,2
4077524,2
4077533,2
4077541,2
4077549,2
4077558,2
4077566,2
4077574,2
4077583,2
4077591,2
4077599,2
4077608,2
4077616,2
4077624,2
4077633,2
4077641,2
4077649,2
4077658,2
4077666,2
4077674,2
4077683,2
4077691,3
4077866,1
4077874,2
4077883,1
4077891,5
4077899,5
4077908,5
4077916,5
4077924,5
4077933,5
4077941,5
4077949,5
4077958,5
4077966,5
4077974,5
4077983,5
4077991,5
4077999,5
4078008,5
4078016,5
4078024,5
4078033,5
4078041,1
4078049,1
4078058,2
4078066,1
4078074,2
4078083,2
4078091,2
4078099,2
4078108,2
4078116,2
4078124,2
4078133,2
4078141,2
4078149,2
4078158,2
4078166,2
4078174,2
4078183,2
4078191,2
4078199,2
4078208,2
4078216,2
4078224,2
4078233,2
4078241,2
4078249,2
4078258,2
4078266,2
4078274,2
4078283,2
4078291,2
4078299,2
4078308,2
4078316,2
4078324,2
4078333,2
4078341,2
4078349,2
4078358,2
4078366,2
4078374,2
4078383,2
4078391,2
4078399,2
4078408,2
4078416,2
4078424,2
4078433,2
4078441,2
4078449,2
4078458,2
4078466,2
4078474,2
4078483,2
4078491,2
4078499,2
4078508,2
4078516,2
4078524,2
4078533,2
4078541,2
4078549,2
4078558,2
4078566,2
4078574,2
4078583,2
4078591,2
4078599,2
4078608,2
4078616,2
4078624,2
4078633,2
4078641,2
4078649,2
4078658,2
4078666,2
4078674,2
4078683,2
4078691,2
4078699,2
4078708,2
4078716,2
4078724,2
4078733,2
4078741,2
4078749,2
4078758,2
4078766,2
4078774,2
4078783,2
4078791,2
4078799,2
4078808,2
4078816,2
4078824,2
4078833,2
4078841,2
4078849,2
4078858,2
4078866,2
4078874,2
4078883,2
4078891,2
4078900,2
4078908,2
4078916,2
4078924,2
4078933,1
4078941,1
4078949,4
4078958,5
4078966,5
4078974,5
4078983,5
4078991,5
4078999,5
4079008,5
4079016,5
4079024,5
4079033,5
4079041,5
4079049,3
4079058,5
4079066,5
4079074,5
4079083,5
4079091,5
4079100,5
4079108,5
4079116,5
4079124,5
4079133,5
4079141,5
4079149,3
4079158,5
4079166,5
4079174,5
4079183,5
4079191,5
4079199,0
4079208,0
4079216,0
4079224,0
4079233,5
4079241,5
4079249,5
4079258,5
4079266,5
4079274,5
4079283,5
4079291,5
4079299,5
4079308,5
4079316,5
4079324,5
4079332,5
4079341,5
4079349,3
4079358,5
4079366,5
4079374,5
4079383,5
4079391,5
4079399,5
4079408,5
4079416,5
4079424,5
4079433,5
4079441,5
4079449,4
4079466,5
4079474,5
4079483,5
4079491,5
4079499,5
4079507,5
4079516,0
4079524,0
4079532,0
4079541,0
4079549,4
4079566,0
4079574,0
4079583,5
4079591,5
4079599,5
4079608,5
4079616,5
4079624,5
4079633,0
4079649,4
4079666,0
4079674,0
4079683,5
4079691,5
4079699,0
4079708,0
4079716,0
4079724,0
4079732,0
4079741,0
4079749,1
4079758,0
4079766,0
4079774,0
4079782,0
4079791,0
4079799,0
4079808,0
4079816,0
4079824,0
4079833,0
4079841,0
4079849,0
4079858,0
4079866,0
4079874,0
4079882,0
4079891,0
4079899,0
4079907,0
4079916,0
4079924,0
4079932,0
4079941,0
4079949,0
4080124,0
4080133,0
4080141,0
4080149,0
4080158,0
4080166,0
4080174,0
4080182,0
4080191,0
4080199,0
4080207,0
4080216,5
4080224,5
4080232,0
4080241,0
4080249,2
4080257,0
4080266,0
4080274,0
4080282,0
4080291,0
4080299,0
4080307,0
4080316,0
4080324,0
4080332,0
4080341,0
4080349,0
4080357,0
4080366,0
4080374,0
4080382,0
4080391,0
4080399,0
4080407,0
4080416,0
4080424,0
4080432,0
4080441,0
4080449,0
4080457,0
4080466,0
4080474,0
4080482,0
4080491,0
4080499,0
4080507,0
4080516,0
4080524,0
4080532,0
4080541,0
4080549,0
4080557,0
4080566,0
4080574,0
4080582,0
4080591,0
4080600,0
4080607,0
4080616,0
4080624,0
4080632,5
4080641,5
4080649,5
4080666,1
4080674,1
4080682,1
4080691,1
4080699,1
4080707,1
4080716,1
4080724,1
4080732,1
4080741,2
4080749,2
4080757,2
4080774,2
4080782,2
4080791,2
4080799,2
4080807,2
4080816,2
4080824,2
4080832,2
4080841,2
4080849,2
4080857,2
4080874,2
4080882,2
4080899,2
4080907,2
4080924,2
4080932,1
4080949,1
4080957,1
4080974,1
4080982,1
4080999,1
4081007,2
4081016,2
4081024,2
4081032,2
4081049,5
4081066,1
4081074,4
4081082,1
4081091,1
4081099,1
4081107,1
4081116,2
4081124,2
4081132,2
4081141,1
4081149,4
4081157,1
4081166,1
4081174,1
4081182,1
4081191,1
4081199,1
4081207,1
4081216,1
4081224,1
4081232,1
4081241,1
4081249,1
4081257,2
4081266,2
4081274,2
4081282,1
4081291,1
4081299,1
4081307,1
4081316,1
4081324,1
4081332,1
4081341,1
4081349,1
4081357,1
4081366,1
4081374,1
4081382,1
4081391,1
4081399,1
4081407,1
4081416,1
4081424,1
4081432,1
4081441,1
4081449,1
4081457,1
4081466,1
4081474,1
4081482,1
4081491,1
4081499,1
4081507,1
4081516,1
4081524,1
4081532,1
4081541,1
4081549,4
4081557,1
4081566,1
4081574,1
4081582,1
4081591,1
4081599,1
4081607,1
4081616,1
4081624,1
4081632,1
4081641,1
4081649,1
4081657,1
4081666,1
4081674,1
4081682,1
4081691,1
4081699,1
4081707,1
4081716,1
4081724,1
4081733,1
4081741,1
4081749,1
4081757,1
4081766,1
4081774,1
4081782,1
4081791,1
4081799,1
4081807,1
4081816,1
4081824,1
4081833,1
4081841,1
4081857,2
4081874,5
4081882,1
4081907,4
4082024,1
4082032,2
4082049,1
4082057,5
4082066,5
4082074,0
4082082,0
4082091,0
4082099,0
4082107,0
4082116,0
4082124,0
4082132,0
4082141,0
4082149,0
4082157,0
4082166,5
4082174,5
4082182,5
4082191,5
4082199,5
4082207,0
4082216,0
4082224,0
4082233,0
4082241,0
4082249,0
4082257,0
4082266,0
4082274,0
4082282,0
4082291,0
4082299,0
4082307,0
4082316,0
4082324,0
4082332,0
4082341,0
4082349,0
4082357,0
4082366,0
4082374,0
4082382,0
4082391,0
4082399,0
4082407,0
4082416,0
4082424,0
4082432,0
4082441,0
4082449,0
4082457,0
4082466,0
4082474,0
4082482,0
4082491,0
4082499,0
4082507,0
4082516,0
4082524,0
4082532,0
4082541,0
4082549,0
4082557,0
4082566,0
4082574,0
4082582,0
4082591,0
4082599,0
4082607,0
4082616,0
4082624,0
4082632,0
4082641,0
4082649,0
4082657,0
4082666,0
4082674,0
4082682,0
4082691,0
4082699,0
4082707,0
4082716,0
4082724,0
4082732,0
4082741,0
4082749,0
4082757,0
4082766,0
4082774,0
4082782,0
4082791,0
4082799,0
4082807,0
4082816,0
4082824,0
4082832,0
4082841,0
4082849,0
4082857,0
4082866,0
4082874,0
4082882,0
4082891,0
4082899,0
4082907,0
4082916,0
4082924,0
4082932,0
4082941,0
4082949,0
4082957,0
4082966,0
4082974,0
4082982,0
4082991,0
4082999,0
4083007,0
4083016,0
4083024,0
4083032,0
4083041,0
4083049,0
4083057,0
4083066,0
4083074,0
4083082,0
4083091,0
4083099,0
4083107,0
4083116,0
4083124,0
4083132,0
4083141,0
4083149,0
4083157,0
4083165,0
4083174,0
4083182,0
4083191,0
4083199,0
4083207,0
4083216,0
4083224,0
4083232,0
4083241,0
4083249,0
4083257,0
4083265,0
4083274,0
4083282,0
4083291,0
4083299,0
4083307,0
4083316,0
4083324,0
4083332,0
4083341,0
4083349,0
4083357,0
4083366,0
4083374,0
4083382,0
4083391,0
4083399,0
4083407,0
4083415,0
4083424,0
4083432,0
4083441,0
4083449,0
4083457,0
4083466,0
4083474,0
4083482,0
4083491,0
4083499,0
4083507,0
4083516,0
4083524,0
4083532,0
4083541,0
4083549,0
4083557,0
4083566,0
4083574,0
4083582,0
4083591,0
4083599,0
4083607,0
4083616,0
4083624,0
4083632,0
4083640,0
4083649,0
4083657,0
4083665,0
4083674,0
4083682,0
4083690,0
4083699,0
4083707,0
4083715,0
4083724,0
4083732,0
4083740,0
4083749,0
4083757,0
4083765,0
4083774,0
4083782,0
4083790,0
4083799,0
4083807,0
4083815,0
4083824,0
4083832,0
4083841,0
4083849,0
4083857,0
4083866,0
4083874,0
4083882,0
4083890,0
4083899,0
4083907,0
4083915,0
4083924,0
4083932,0
4083940,0
4083949,0
4083957,0
4083965,0
4083974,0
4083983,0
4083990,0
4083999,0
4084007,0
4084016,0
4084024,0
4084032,0
4084040,0
4084049,0
4084057,0
4084065,0
4084074,0
4084082,0
4084090,0
4084099,0
4084107,0
4084115,0
4084124,0
4084132,0
4084140,0
4084149,0
4084157,0
4084165,0
4084174,0
4084182,0
4084190,0
4084199,0
4084207,0
4084215,0
4084224,0
4084232,0
4084240,0
4084249,0
4084257,0
4084266,0
4084274,0
4084282,0
4084290,0
4084299,0
4084307,0
4084315,0
4084324,0
4084332,0
4084340,0
4084349,0
4084357,0
4084365,0
4084374,0
4084382,0
4084390,0
4084399,0
4084407,0
4084415,0
4084424,0
4084432,0
4084440,0
4084449,0
4084457,0
4084465,0
4084474,0
4084482,0
4084490,0
4084499,0
4084507,0
4084515,0
4084524,0
4084532,0
4084540,0
4084549,0
4084557,0
4084566,0
4084574,0
4084582,0
4084590,0
4084599,0
4084607,0
4084615,0
4084624,0
4084632,0
4084640,0
4084649,0
4084657,0
4084665,0
4084674,0
4084682,0
4084690,0
4084699,0
4084707,0
4084715,0
4084724,0
4084732,0
4084740,0
4084749,0
4084757,0
4084765,0
4084774,0
4084782,0
4084790,0
4084799,0
4084807,0
4084815,0
4084824,0
4084832,0
4084840,0
4084849,0
4084857,0
4084865,0
4084874,0
4084882,0
4084890,0
4084899,0
4084907,0
4084915,0
4084924,0
4084932,0
4084940,0
4084949,0
4084957,0
4084966,0
4084974,0
4084982,0
4084990,0
4084999,0
4085007,0
4085015,0
4085024,0
4085032,0
4085040,0
4085049,0
4085057,0
4085065,0
4085074,0
4085082,0
4085090,0
4085099,0
4085107,0
4085115,0
4085124,0
4085132,0
4085140,0
4085149,0
4085157,0
4085165,0
4085174,0
4085182,0
4085190,5
4085199,5
4085207,1
4085215,1
4085224,1
4085232,2
4085240,2
4085249,2
4085257,2
4085265,2
4085274,2
4085282,2
4085290,2
4085299,2
4085307,2
4085315,2
4085324,2
4085332,2
4085340,2
4085349,2
4085357,2
4085365,2
4085374,2
4085382,2
4085390,2
4085399,2
4085407,2
4085415,2
4085424,2
4085432,2
4085440,2
4085449,2
4085457,2
4085465,2
4085474,2
4085482,2
4085490,2
4085499,2
4085507,2
4085515,1
4085524,1
4085532,1
4085540,1
4085549,1
4085557,1
4085565,1
4085574,1
4085582,2
4085590,2
4085599,2
4085607,2
4085615,2
4085624,2
4085632,2
4085640,2
4085649,2
4085657,2
4085665,2
4085674,2
4085682,2
4085690,2
4085699,2
4085707,2
4085715,2
4085724,2
4085732,2
4085740,2
4085749,2
4085757,2
4085765,2
4085774,2
4085782,2
4085790,2
4085799,2
4085807,2
4085815,2
4085824,2
4085832,2
4085840,2
4085849,2
4085857,2
4085866,2
4085874,2
4085882,2
4085890,2
4085899,2
4085907,2
4085915,2
4085924,2
4085932,2
4085940,2
4085949,2
4085957,2
4085965,2
4085974,2
4085982,2
4085990,2
4085999,2
4086007,2
4086015,2
4086024,2
4086032,2
4086040,2
4086049,2
4086057,2
4086065,2
4086074,2
4086082,3
4086090,3
4086099,3
4086107,3
4086115,3
4086124,3
4086132,3
4086140,3
4086149,3
4086157,3
4086165,3
4086174,3
4086182,3
4086190,3
4086199,3
4086207,3
4086215,3
4086224,3
4086232,3
4086240,3
4086249,3
4086257,3
4086265,3
4086274,3
4086282,3
4086290,3
4086299,3
4086307,3
4086315,3
4086324,3
4086332,3
4086340,3
4086349,3
4086357,3
4086365,3
4086374,3
4086382,2
4086390,2
4086399,2
4086407,2
4086415,2
4086424,2
4086432,2
4086440,2
4086449,2
4086457,2
4086465,2
4086474,2
4086482,2
4086490,2
4086499,2
4086507,1
4086515,1
4086524,1
4086532,1
4086540,1
4086549,1
4086557,1
4086565,1
4086574,2
4086582,2
4086590,2
4086599,2
4086607,2
4086615,2
4086624,5
4086640,2
4086649,2
4086657,2
4086665,2
4086674,2
4086682,2
4086690,2
4086699,2
4086707,1
4086715,1
4086724,1
4086732,1
4086740,2
4086749,2
4086757,2
4086765,1
4086774,1
4086782,1
4086790,1
4086799,2
4086807,2
4086815,2
4086824,1
4086832,1
4086840,1
4086849,1
4086857,1
4086865,1
4086873,1
4086882,1
4086890,1
4086899,1
4086907,1
4086915,1
4086924,5
4086940,1
4086949,1
4086957,1
4086965,1
4086974,1
4086982,1
4086990,1
4086999,1
4087007,2
4087015,2
4087024,5
4087040,2
4087048,2
4087057,2
4087066,2
4087074,1
4087082,1
4087090,1
4087099,1
4087107,1
4087115,1
4087124,1
4087132,1
4087140,1
4087149,1
4087157,1
4087165,1
4087174,1
4087182,1
4087190,2
4087307,0
4087315,5
4087324,5
4087332,5
4087340,0
4087349,0
4087357,0
4087365,0
4087373,0
4087382,0
4087390,0
4087399,0
4087407,0
4087415,0
4087423,4
4087440,0
4087448,0
4087457,0
4087465,0
4087474,0
4087482,0
4087490,0
4087499,0
4087507,0
4087515,0
4087524,0
4087532,0
4087540,0
4087548,0
4087557,0
4087565,0
4087573,0
4087582,0
4087590,0
4087598,0
4087607,0
4087615,0
4087623,0
4087632,0
4087640,0
4087648,0
4087657,0
4087665,0
4087673,0
4087682,0
4087690,0
4087698,0
4087707,0
4087723,0
4087732,0
4087740,0
4087748,0
4087757,0
4087774,0
4087782,0
4087790,0
4087798,0
4087807,0
4087815,0
4087823,0
4087832,0
4087840,0
4087848,0
4087857,0
4087865,0
4087873,0
4087882,0
4087890,0
4087898,0
4087907,0
4087915,0
4087923,0
4087932,0
4087940,0
4087948,0
4087957,0
4087965,0
4087973,0
4087982,0
4087990,0
4087998,0
4088007,0
4088015,0
4088023,0
4088032,0
4088040,0
4088049,0
4088057,0
4088065,0
4088073,0
4088082,0
4088090,0
4088098,0
4088107,0
4088115,0
4088124,0
4088132,0
4088140,0
4088148,0
4088157,0
4088165,0
4088173,0
4088182,0
4088190,0
4088198,0
4088207,0
4088215,0
4088223,0
4088232,0
4088240,0
4088248,0
4088257,0
4088265,0
4088273,0
4088282,0
4088290,0
4088298,0
4088307,0
4088315,0
4088323,0
4088332,0
4088340,0
4088348,0
4088357,0
4088365,0
4088373,0
4088382,0
4088390,0
4088398,0
4088407,0
4088415,0
4088423,4
4088440,0
4088448,0
4088457,0
4088465,0
4088474,0
4088482,0
4088490,0
4088498,0
4088507,0
4088523,4
4088540,0
4088548,0
4088557,0
4088565,0
4088573,0
4088582,0
4088590,0
4088598,0
4088607,0
4088615,0
4088623,0
4088632,0
4088640,0
4088648,0
4088657,0
4088665,0
4088673,0
4088682,0
4088690,0
4088699,0
4088707,0
4088715,0
4088723,4
4088740,0
4088748,0
4088757,0
4088765,0
4088773,0
4088782,0
4088790,0
4088798,0
4088807,0
4088815,0
4088823,4
4088840,0
4088848,0
4088857,0
4088865,0
4088873,0
4088882,0
4088890,0
4088898,0
4088907,0
4088915,0
4088923,0
4088932,0
4088940,0
4088948,0
4088957,0
4088965,0
4088973,0
4088982,0
4088990,0
4088998,0
4089007,0
4089015,0
4089023,0
4089032,0
4089040,0
4089048,0
4089057,0
4089065,0
4089073,0
4089082,0
4089090,0
4089098,0
4089107,0
4089115,0
4089123,4
4089140,0
4089148,0
4089157,0
4089165,0
4089173,0
4089182,0
4089190,0
4089198,0
4089207,0
4089223,4
4089240,0
4089248,0
4089257,0
4089265,0
4089273,0
4089282,0
4089290,0
4089298,0
4089307,0
4089315,0
4089323,4
4089340,0
4089348,0
4089357,0
4089365,0
4089373,0
4089382,0
4089390,0
4089398,0
4089407,0
4089415,0
4089423,0
4089432,0
4089440,0
4089448,0
4089457,0
4089465,0
4089473,0
4089482,0
4089490,0
4089498,0
4089507,0
4089515,0
4089523,4
4089540,0
4089548,0
4089557,0
4089565,0
4089573,0
4089582,0
4089590,0
4089598,0
4089607,0
4089615,0
4089623,0
4089632,0
4089640,0
4089648,0
4089657,0
4089665,0
4089673,0
4089682,0
4089690,0
4089699,0
4089707,0
4089715,0
4089723,0
4089732,0
4089740,0
4089748,0
4089757,0
4089765,0
4089773,0
4089782,0
4089790,0
4089799,0
4089807,0
4089815,0
4089823,0
4089832,0
4089840,0
4089848,0
4089857,0
4089865,0
4089873,0
4089882,0
4089890,0
4089898,0
4089907,0
4089915,0
4089923,0
4089932,0
4089940,0
4089948,0
4089957,0
4089965,0
4089973,0
4089982,0
4089990,0
4089998,0
4090007,0
4090015,0
4090023,0
4090032,0
4090040,0
4090049,0
4090057,0
4090065,0
4090073,0
4090082,0
4090090,0
4090098,0
4090107,0
4090115,0
4090123,0
4090132,0
4090140,0
4090148,0
4090157,0
4090165,0
4090173,0
4090182,0
4090190,0
4090198,0
4090207,0
4090215,0
4090223,0
4090232,0
4090240,0
4090248,0
4090257,0
4090265,0
4090273,0
4090282,0
4090290,0
4090298,0
4090307,0
4090315,0
4090323,0
4090332,0
4090340,0
4090348,0
4090357,0
4090365,0
4090373,0
4090382,0
4090390,0
4090398,0
4090407,0
4090415,0
4090423,0
4090432,0
4090440,0
4090448,0
4090457,0
4090465,0
4090473,0
4090482,0
4090490,0
4090498,0
4090507,0
4090515,0
4090523,0
4090532,0
4090540,0
4090548,0
4090557,0
4090565,0
4090573,0
4090582,0
4090590,0
4090598,0
4090607,0
4090615,0
4090623,0
4090632,0
4090640,0
4090648,0
4090657,0
4090665,0
4090673,0
4090682,0
4090690,0
4090698,0
4090707,0
4090715,0
4090723,0
4090732,0
4090740,0
4090748,0
4090757,0
4090765,0
4090773,0
4090782,0
4090790,0
4090798,0
4090807,0
4090815,0
4090823,0
4090832,0
4090840,0
4090848,0
4090857,0
4090865,0
4090873,0
4090882,0
4090890,0
4090898,0
4090907,0
4090915,0
4090923,0
4090932,0
4090940,0
4090948,0
4090957,0
4090965,0
4090973,0
4090982,0
4090998,0
4091007,0
4091015,0
4091023,0
4091032,0
4091040,0
4091048,0
4091057,0
4091065,0
4091073,0
4091081,0
4091090,0
4091098,0
4091106,0
4091115,0
4091123,0
4091140,0
4091148,0
4091165,0
4091173,0
4091190,0
4091198,0
4091206,0
4091215,0
4091223,0
4091240,0
4091248,0
4091256,0
4091265,0
4091273,0
4091290,0
4091298,0
4091307,0
4091315,0
4091323,0
4091332,0
4091340,0
4091348,0
4091356,0
4091365,0
4091373,0
4091381,0
4091390,0
4091398,0
4091407,0
4091415,0
4091423,0
4091432,0
4091440,0
4091448,0
4091456,0
4091465,0
4091473,0
4091481,0
4091490,0
4091498,0
4091506,0
4091515,0
4091523,0
4091531,0
4091540,0
4091548,0
4091556,0
4091565,0
4091573,0
4091582,0
4091590,0
4091598,0
4091606,0
4091615,0
4091623,0
4091631,0
4091640,0
4091648,0
4091665,0
4091673,0
4091681,0
4091690,0
4091698,0
4091706,0
4091715,0
4091723,0
4091732,0
4091740,0
4091748,0
4091756,0
4091765,0
4091773,0
4091781,0
4091790,0
4091798,0
4091806,0
4091815,0
4091823,0
4091831,0
4091840,0
4091848,0
4091856,0
4091865,0
4091873,0
4091881,5
4091890,5
4091898,5
4091906,1
4091915,1
4091923,1
4091931,2
4091940,2
4091948,2
4091956,3
4091965,2
4091973,2
4091981,2
4091990,2
4091998,2
4092006,2
4092015,2
4092023,2
4092031,2
4092040,2
4092048,2
4092056,2
4092065,2
4092073,2
4092081,2
4092090,2
4092098,2
4092106,2
4092115,2
4092123,2
4092131,2
4092140,2
4092148,2
4092156,2
4092165,2
4092173,2
4092181,2
4092190,2
4092198,2
4092206,2
4092215,2
4092223,2
4092231,2
4092240,2
4092248,2
4092256,2
4092265,2
4092273,2
4092281,2
4092290,2
4092298,2
4092306,2
4092315,2
4092323,2
4092331,2
4092340,2
4092348,2
4092356,2
4092365,2
4092373,2
4092381,2
4092390,2
4092398,2
4092406,2
4092415,2
4092423,2
4092431,2
4092440,2
4092448,2
4092456,2
4092465,2
4092473,2
4092481,2
4092490,2
4092498,2
4092506,2
4092515,2
4092523,2
4092532,2
4092540,2
4092548,2
4092556,2
4092565,2
4092573,2
4092581,2
4092590,2
4092598,2
4092606,2
4092615,2
4092623,2
4092632,2
4092640,2
4092648,2
4092656,2
4092665,2
4092673,2
4092681,2
4092690,2
4092698,2
4092706,2
4092715,2
4092723,2
4092731,2
4092740,2
4092748,2
4092756,2
4092765,2
4092773,2
4092781,2
4092790,2
4092798,2
4092806,2
4092815,2
4092823,2
4092831,2
4092840,2
4092848,2
4092856,2
4092865,2
4092873,2
4092881,2
4092890,2
4092898,2
4092906,2
4092915,2
4092923,2
4092931,2
4092940,2
4092948,2
4092956,2
4092965,2
4092973,2
4092981,2
4092990,2
4092998,2
4093006,2
4093015,2
4093023,2
4093031,2
4093040,2
4093048,2
4093056,2
4093065,2
4093073,2
4093081,2
4093090,2
4093098,2
4093106,2
4093115,2
4093123,2
4093131,1
4093140,1
4093148,2
4093156,2
4093165,2
4093173,2
4093181,2
4093190,2
4093198,2
4093206,2
4093215,2
4093223,2
4093231,2
4093240,2
4093248,2
4093256,2
4093265,2
4093273,2
4093281,2
4093290,2
4093298,2
4093306,2
4093315,2
4093323,2
4093331,2
4093340,2
4093348,2
4093356,2
4093365,2
4093373,2
4093381,2
4093390,2
4093398,2
4093406,2
4093415,2
4093423,2
4093431,2
4093440,2
4093448,2
4093456,2
4093465,2
4093473,2
4093481,2
4093490,2
4093498,2
4093506,2
4093515,2
4093523,5
4093540,2
4093548,2
4093556,1
4093565,1
4093573,2
4093582,2
4093590,2
4093598,2
4093606,2
4093615,2
4093623,2
4093631,2
4093640,2
4093648,2
4093656,1
4093665,1
4093673,2
4093681,2
4093690,2
4093698,2
4093706,2
4093715,2
4093723,2
4093731,2
4093740,2
4093748,1
4093756,1
4093765,1
4093773,2
4093781,2
4093790,2
4093798,2
4093806,1
4093815,2
4093823,2
4093831,2
4093840,2
4093848,2
4093856,2
4093865,2
4093873,2
4093881,2
4093890,2
4093898,2
4093906,2
4093915,2
4093923,2
4093931,2
4093940,2
4093948,3
4093956,3
4093965,3
4093973,3
4093982,3
4093990,3
4093998,3
4094006,3
4094015,3
4094023,3
4094031,3
4094040,3
4094048,3
4094056,3
4094065,3
4094073,3
4094081,3
4094090,3
4094098,3
4094106,3
4094115,3
4094123,3
4094132,3
4094140,3
4094148,3
4094156,2
4094164,2
4094173,3
4094181,3
4094190,3
4094198,3
4094206,3
4094215,2
4094223,3
4094390,4
4094398,4
4094406,4
4094415,3
4094423,3
4094431,3
4094440,3
4094448,3
4094456,4
4094465,4
4094698,4
4094706,3
4094714,3
4094723,3
4094731,3
4094740,4
4094748,2
4094756,3
4094765,4
4094773,3
4094781,3
4094789,4
4094798,4
4094806,3
4094823,4
4094831,4
4095039,1
4095064,4
4095073,1
