4027758,5
4027774,5
4027783,5
4027791,5
4027808,5
4027816,5
4027833,5
4027841,5
4027849,5
4027858,4
4027866,4
4027874,5
4027883,5
4027891,5
4027899,5
4027908,5
4027916,5
4027924,0
4027933,0
4027941,0
4027949,5
4027958,5
4027966,5
4027974,5
4027983,5
4027991,5
4027999,5
4028008,5
4028016,5
4028033,5
4028041,5
4028049,5
4028058,0
4028066,0
4028074,5
4028083,0
4028091,0
4028099,5
4028108,5
4028116,5
4028124,5
4028133,5
4028141,5
4028149,5
4028166,5
4028174,5
4028183,5
4028191,5
4028199,5
4028208,5
4028216,5
4028224,5
4028232,5
4028241,5
4028249,5
4028257,5
4028266,5
4028274,5
4028282,5
4028291,5
4028299,5
4028307,5
4028316,5
4028324,5
4028333,5
4028341,5
4028349,5
4028357,5
4028366,5
4028374,5
4028382,5
4028391,5
4028399,5
4028408,5
4028416,5
4028424,5
4028432,5
4028441,5
4028449,5
4028458,5
4028466,5
4028474,5
4028483,5
4028491,5
4028499,5
4028508,5
4028516,5
4028524,5
4028533,5
4028541,5
4028549,5
4028557,5
4028566,5
4028574,5
4028583,5
4028591,5
4028608,5
4028616,5
4028632,5
4028641,5
4028649,5
4028657,5
4028666,5
4028674,5
4028682,5
4028691,5
4028707,5
4028716,5
4028732,5
4028741,5
4028749,5
4028757,5
4028782,5
4028791,5
4028799,5
4028807,5
4028816,5
4028824,5
4028874,5
4028933,5
4028941,5
4028949,5
4028966,5
4028974,5
4028983,5
4028999,0
4029007,5
4029016,5
4029024,5
4029032,5
4029041,5
4029049,5
4029066,5
4029074,5
4029082,5
4029091,5
4029099,5
4029107,5
4029116,5
4029124,3
4029132,3
4029141,3
4029149,5
4029157,3
4029166,4
4029182,5
4029191,5
4029199,5
4029207,5
4029216,5
4029224,5
4029232,5
4029241,5
4029249,5
4029258,5
4029266,5
4029274,5
4029282,5
4029291,5
4029307,5
4029316,5
4029324,5
4029332,5
4029341,5
4029349,5
4029366,5
4029374,5
4029382,5
4029391,5
4029399,4
4029408,5
4029416,5
4029432,3
4029441,3
4029449,5
4029457,4
4029466,4
4029474,5
4029482,5
4029491,5
4029507,5
4029516,5
4029532,4
4029541,3
4029549,3
4029557,4
4029566,4
4029574,5
4029582,5
4029591,4
4029607,5
4029616,5
4029624,5
4029632,5
4029641,5
4029649,5
4029657,5
4029666,5
4029674,5
4029682,5
4029691,5
4029699,5
4029707,5
4029716,5
4029724,5
4029732,5
4029741,5
4029749,5
4029758,5
4029766,4
4029782,5
4029791,5
4029799,5
4029807,5
4029816,5
4029824,5
4029832,5
4029841,5
4029849,5
4029857,5
4029866,5
4029874,5
4029883,5
4029891,5
4029899,5
4029907,5
4029916,5
4029924,5
4029932,5
4029941,5
4029949,5
4029957,5
4029966,5
4029974,0
4029982,0
4029991,0
4029999,5
4030007,5
4030016,5
4030024,5
4030032,5
4030041,0
4030049,0
4030074,0
4030082,0
4030091,0
4030099,0
4030107,0
4030116,0
4030124,0
4030132,0
4030141,0
4030149,0
4030157,0
4030166,0
4030174,0
4030182,0
4030191,0
4030199,0
4030207,0
4030216,0
4030224,0
4030232,0
4030241,0
4030249,0
4030257,0
4030266,4
4030274,0
4030282,0
4030291,0
4030299,0
4030307,0
4030316,0
4030324,0
4030332,0
4030341,0
4030349,0
4030366,4
4030382,0
4030391,0
4030399,0
4030407,0
4030416,0
4030424,0
4030432,0
4030441,0
4030449,0
4030457,0
4030466,0
4030474,0
4030482,0
4030491,0
4030499,0
4030507,0
4030516,0
4030524,0
4030532,0
4030541,0
4030549,0
4030566,0
4030574,0
4030582,0
4030591,0
4030599,0
4030607,0
4030616,0
4030624,0
4030632,0
4030641,0
4030649,0
4030657,0
4030666,0
4030674,0
4030682,0
4030691,0
4030699,5
4030707,5
4030716,5
4030724,5
4030732,5
4030741,5
4030749,0
4030757,0
4030766,4
4030774,5
4030782,5
4030791,5
4030799,5
4030807,5
4030816,5
4030824,5
4030832,5
4030841,0
4030849,0
4030866,1
4030882,0
4030891,0
4030899,5
4030907,0
4030916,0
4030924,0
4030932,0
4030941,5
4030949,0
4030958,0
4030966,0
4030974,0
4030982,0
4030991,0
4030999,0
4031007,0
4031016,0
4031024,0
4031032,0
4031041,0
4031049,0
4031057,0
4031066,4
4031082,0
4031091,0
4031099,0
4031107,0
4031116,0
4031124,0
4031132,0
4031141,0
4031149,0
4031166,4
4031174,0
4031182,0
4031191,0
4031199,5
4031207,5
4031216,5
4031224,5
4031232,5
4031241,5
4031249,5
4031257,0
4031266,4
4031282,0
4031291,0
4031307,0
4031316,0
4031332,0
4031341,0
4031357,0
4031366,5
4031382,0
4031407,0
4031416,0
4031424,0
4031432,4
4031441,4
4031457,4
4031466,5
4031483,1
4031491,4
4031507,1
4031516,5
4031532,4
4031541,4
4031549,0
4031557,0
4031566,4
4031582,0
4031591,0
4031599,5
4031607,5
4031616,5
4031624,0
4031632,0
4031641,0
4031649,0
4031666,4
4031674,5
4031682,5
4031691,5
4031699,5
4031707,5
4031716,0
4031724,5
4031732,5
4031741,5
4031749,0
4031766,4
4031774,4
4031782,5
4031799,0
4031807,0
4031816,0
4031824,0
4031832,4
4031841,2
4031849,5
4031857,4
4031866,5
4031874,0
4031883,1
4031899,5
4031907,5
4031915,0
4031932,3
4031941,3
4031949,5
4031957,3
4031965,4
4031974,5
4031982,1
4031991,4
4031999,5
4032007,5
4032016,0
4032024,0
4032032,4
4032040,4
4032049,4
4032057,4
4032065,4
4032074,0
4032082,0
4032091,0
4032107,0
4032115,0
4032124,0
4032132,4
4032141,2
4032149,0
4032157,0
4032165,4
4032174,0
4032182,0
4032190,0
4032199,0
4032207,0
4032216,0
4032232,0
4032240,0
4032249,0
4032257,0
4032265,2
4032283,0
4032290,0
4032307,0
4032315,0
4032324,0
4032332,3
4032341,3
4032349,2
4032357,0
4032365,4
4032374,0
4032382,0
4032391,0
4032407,0
4032416,0
4032424,0
4032432,0
4032440,0
4032449,0
4032457,0
4032465,5
4032474,0
4032482,0
4032490,0
4032507,0
4032516,0
4032532,0
4032541,0
4032549,0
4032557,0
4032565,5
4032574,0
4032582,0
4032590,0
4032607,0
4032616,0
4032624,0
4032632,0
4032640,0
4032650,0
4032657,0
4032665,5
4032682,0
4032690,0
4032699,5
4032707,0
4032716,0
4032724,0
4032732,0
4032741,0
4032749,3
4032765,4
4032783,3
4032791,3
4032799,5
4032816,0
4032824,0
4032832,1
4032840,1
4032849,1
4032865,4
4032882,5
4032890,5
4032907,0
4032916,0
4032924,0
4032932,1
4032940,1
4032949,2
4032965,4
4032982,2
4032990,2
4033140,0
4033149,4
4033157,4
4033165,1
4033174,0
4033182,0
4033190,4
4033207,1
4033216,0
4033232,2
4033240,1
4033249,0
4033257,4
4033265,5
4033274,0
4033282,1
4033290,5
4033299,0
4033307,0
4033315,0
4033324,0
4033332,0
4033340,0
4033349,1
4033357,1
4033365,5
4033374,0
4033382,1
4033390,1
4033399,5
4033407,0
4033415,0
4033432,0
4033441,0
4033449,0
4033457,0
4033465,1
4033482,0
4033490,0
4033507,0
4033515,0
4033524,0
4033532,0
4033540,0
4033549,0
4033557,0
4033566,5
4033574,0
4033582,0
4033590,0
4033607,0
4033615,0
4033624,0
4033632,0
4033640,0
4033649,0
4033665,3
4033682,0
4033690,5
4033699,5
4033707,5
4033715,5
4033724,5
4033732,5
4033740,5
4033749,5
4033757,5
4033765,5
4033774,5
4033782,5
4033790,5
4033799,5
4033807,5
4033815,5
4033824,5
4033832,5
4033840,5
4033849,5
4033857,5
4033865,5
4033874,5
4033882,5
4033890,5
4033899,5
4033907,5
4033915,5
4033924,5
4033932,5
4033940,5
4033949,5
4033957,5
4033966,5
4033974,3
4033982,5
4033990,1
4033999,0
4034007,1
4034015,0
4034032,1
4034040,1
4034049,0
4034065,5
4034074,0
4034082,0
4034090,5
4034099,5
4034107,5
4034115,5
4034124,5
4034132,5
4034140,5
4034149,5
4034157,5
4034165,5
4034182,5
4034190,5
4034199,5
4034207,5
4034215,5
4034232,5
4034240,5
4034257,5
4034265,5
4034282,5
4034290,5
4034299,4
4034307,1
4034315,6
4034324,5
4034332,5
4034340,5
4034349,5
4034357,5
4034365,1
4034382,5
4034390,6
4034407,6
4034415,6
4034432,6
4034440,5
4034457,6
4034482,5
4034490,5
4034507,6
4034515,5
4034532,6
4034540,6
4034557,6
4034565,6
4034582,6
4034590,6
4034599,6
4034607,6
4034615,1
4034632,1
4034640,1
4034649,2
4034657,2
4034665,4
4034682,1
4034690,1
4034699,1
4034707,1
4034715,1
4034724,1
4034732,1
4034740,1
4034749,1
4034757,2
4034765,2
4034782,2
4034790,2
4034799,3
4034807,2
4034815,2
4034824,2
4034832,2
4034840,2
4034849,2
4034857,1
4034865,1
4034882,2
4034890,2
4034899,5
4034907,1
4034915,1
4034924,1
4034932,1
4034940,1
4034957,1
4034965,1
4034982,5
4034990,5
4035007,1
4035015,5
4035032,5
4035040,1
4035049,1
4035057,1
4035065,5
4035082,1
4035090,1
4035099,1
4035115,1
4035124,5
4035132,5
4035140,5
4035149,1
4035157,1
4035165,1
4035182,2
4035190,2
4035199,4
4035207,4
4035215,4
4035224,4
4035232,4
4035240,4
4035249,4
4035257,4
4035265,4
4035282,4
4035290,4
4035299,4
4035307,4
4035315,4
4035324,4
4035332,4
4035340,4
4035349,4
4035365,4
4035382,4
4035390,4
4035399,3
4035415,3
4035424,3
4035432,3
4035440,3
4035449,4
4035457,4
4035465,4
4035482,4
4035490,2
4035499,3
4035507,1
4035515,0
4035532,4
4035540,4
4035549,5
4035557,3
4035565,5
4035574,5
4035582,3
4035590,3
4035607,3
4035615,5
4035632,2
4035640,2
4035649,5
4035657,3
4035665,5
4035674,0
4035682,1
4035690,1
4035707,1
4035715,0
4035732,1
4035740,1
4035748,0
4035757,1
4035765,5
4035782,1
4035790,1
4035799,4
4035807,1
4035815,0
4035824,5
4035832,4
4035840,2
4035857,5
4035865,5
4035882,1
4035890,5
4035907,1
4035915,0
4035932,0
4035948,0
4035957,0
4035965,3
4035973,5
4035982,1
4035990,4
4035998,5
4036007,5
4036015,0
4036024,0
4036032,0
4036040,0
4036057,0
4036065,0
4036073,0
4036082,0
4036090,0
4036098,0
4036107,0
4036115,0
4036123,0
4036132,0
4036140,0
4036149,0
4036157,0
4036174,3
4036182,5
4036190,2
4036198,0
4036207,0
4036215,0
4036232,0
4036240,0
4036257,0
4036265,4
4036282,0
4036290,0
4036299,4
4036307,1
4036315,0
4036324,0
4036332,5
4036340,5
4036348,0
4036365,4
4036382,0
4036390,0
4036398,0
4036407,0
4036415,0
4036424,0
4036432,0
4036440,0
4036449,0
4036457,0
4036465,0
4036473,0
4036482,0
4036490,0
4036498,0
4036507,0
4036515,0
4036524,0
4036532,0
4036540,0
4036549,5
4036565,4
4036582,5
4036590,0
4036607,0
4036615,0
4036632,0
4036640,0
4036648,0
4036657,0
4036665,5
4036682,0
4036690,0
4036707,0
4036716,0
4036732,0
4036740,1
4036748,0
4036757,3
4036765,0
4036773,0
4036782,0
4036790,0
4036798,0
4036807,0
4036815,0
4036824,0
4036832,2
4036840,2
4036849,0
4036857,2
4036865,5
4036882,0
4036890,4
4036898,0
4036907,0
4036915,0
4036923,5
4036932,1
4036940,0
4036948,0
4036957,0
4036965,4
4036982,0
4036990,5
4037007,0
4037015,0
4037165,5
4037182,0
4037190,0
4037198,0
4037207,0
4037215,0
4037224,0
4037232,0
4037240,0
4037248,0
4037257,0
4037265,0
4037282,0
4037290,0
4037307,0
4037315,0
4037332,0
4037340,0
4037348,0
4037357,0
4037365,5
4037373,0
4037382,0
4037390,0
4037398,0
4037407,0
4037415,0
4037423,0
4037432,4
4037440,0
4037448,0
4037465,4
4037482,5
4037490,5
4037498,5
4037507,0
4037515,0
4037523,0
4037532,0
4037540,0
4037548,0
4037565,1
4037573,0
4037582,0
4037590,0
4037598,0
4037607,0
4037615,0
4037623,0
4037632,0
4037640,0
4037648,0
4037657,0
4037665,1
4037682,0
4037690,0
4037707,0
4037715,0
4037723,0
4037732,1
4037740,5
4037748,0
4037757,0
4037765,4
4037773,3
4037782,5
4037790,5
4037798,0
4037807,0
4037815,0
4037823,0
4037832,0
4037840,0
4037848,0
4037865,1
4037882,0
4037890,0
4037907,0
4037915,0
4037940,0
4037948,4
4037957,5
4037965,5
4037982,0
4037990,0
4037998,5
4038007,5
4038015,0
4038023,0
4038032,0
4038040,0
4038048,0
4038065,0
4038073,0
4038082,5
4038090,5
4038098,5
4038107,0
4038115,0
4038123,0
4038132,5
4038140,5
4038148,0
4038157,0
4038165,2
4038182,0
4038190,0
4038198,0
4038207,0
4038215,0
4038232,0
4038240,0
4038248,5
4038257,5
4038265,5
4038273,5
4038282,5
4038290,5
4038298,5
4038307,5
4038315,0
4038323,0
4038332,0
4038340,0
4038348,0
4038357,0
4038365,0
4038373,0
4038382,0
4038390,0
4038407,0
4038415,0
4038423,0
4038432,0
4038440,0
4038448,0
4038457,0
4038465,0
4038473,0
4038482,0
4038490,0
4038498,0
4038507,0
4038515,0
4038523,0
4038532,0
4038540,0
4038549,0
4038557,0
4038565,5
4038573,5
4038582,0
4038590,0
4038598,0
4038607,0
4038615,0
4038623,0
4038632,0
4038640,0
4038648,0
4038657,0
4038665,4
4038674,0
4038682,0
4038690,0
4038707,0
4038715,0
4038723,5
4038732,1
4038740,1
4038748,0
4038757,0
4038765,2
4038773,0
4038782,0
4038790,0
4038807,0
4038815,0
4038823,0
4038832,0
4038840,0
4038848,0
4038857,0
4038865,0
4038873,3
4038882,3
4038890,0
4038898,0
4038907,0
4038915,0
4038923,0
4038932,4
4038940,1
4038948,2
4038957,0
4038965,4
4038973,0
4038982,0
4038990,0
4038998,0
4039007,0
4039015,0
4039023,0
4039032,0
4039040,0
4039048,0
4039057,0
4039065,5
4039073,5
4039082,5
4039090,0
4039098,0
4039107,0
4039115,0
4039123,0
4039132,0
4039140,0
4039148,0
4039165,4
4039173,0
4039182,0
4039190,5
4039198,0
4039207,0
4039215,0
4039223,0
4039232,0
4039240,0
4039248,0
4039257,0
4039265,1
4039273,4
4039282,5
4039290,4
4039307,1
4039315,0
4039323,0
4039332,2
4039340,2
4039348,0
4039357,0
4039365,4
4039373,0
4039382,1
4039390,4
4039398,5
4039407,5
4039415,0
4039423,0
4039432,5
4039440,5
4039448,0
4039457,0
4039465,0
4039473,0
4039482,0
4039490,0
4039498,0
4039507,0
4039515,0
4039523,0
4039531,0
4039540,0
4039548,0
4039557,0
4039565,0
4039573,0
4039582,0
4039590,0
4039598,5
4039607,0
4039615,0
4039623,0
4039632,1
4039640,1
4039648,0
4039657,0
4039665,4
4039673,0
4039681,0
4039690,0
4039698,0
4039706,0
4039715,0
4039723,0
4039732,0
4039740,0
4039748,0
4039756,0
4039765,1
4039773,0
4039781,0
4039790,0
4039806,0
4039815,0
4039823,0
4039832,0
4039840,0
4039848,0
4039856,0
4039865,2
4039881,0
4039890,0
4039898,0
4039906,0
4039915,0
4039923,0
4039931,5
4039940,3
4039956,0
4039965,4
4039973,0
4039982,0
4039990,0
4040006,0
4040015,0
4040023,0
4040031,2
4040040,4
4040048,5
4040065,5
4040081,5
4040090,5
4040215,1
4040240,0
4040248,0
4040256,0
4040265,0
4040273,0
4040281,0
4040290,0
4040298,0
4040306,0
4040315,0
4040331,0
4040340,0
4040348,0
4040357,3
4040365,4
4040381,0
4040390,0
4040398,0
4040406,0
4040415,0
4040423,0
4040431,1
4040440,0
4040448,0
4040456,1
4040465,5
4040482,0
4040490,0
4040498,0
4040506,0
4040515,0
4040523,0
4040531,3
4040540,5
4040548,1
4040556,0
4040565,4
4040573,0
4040581,0
4040590,0
4040598,0
4040606,0
4040615,0
4040623,0
4040632,0
4040640,0
4040648,1
4040656,0
4040665,4
4040673,4
4040681,1
4040690,0
4040698,0
4040706,0
4040715,0
4040723,0
4040731,4
4040740,2
4040748,0
4040756,0
4040765,4
4040773,1
4040781,5
4040790,1
4040798,5
4040806,5
4040815,0
4040823,0
4040831,4
4040840,3
4040848,0
4040856,2
4040865,5
4040873,0
4040881,1
4040890,0
4040898,0
4040906,0
4040915,0
4040923,5
4040931,4
4040940,1
4040948,0
4040956,0
4040965,1
4040973,0
4040981,1
4040990,0
4041006,0
4041015,0
4041023,0
4041031,4
4041040,1
4041048,0
4041056,0
4041065,0
4041073,0
4041081,0
4041090,0
4041098,0
4041106,0
4041115,0
4041123,0
4041131,4
4041140,2
4041148,2
4041157,0
4041165,4
4041173,0
4041181,1
4041190,0
4041198,0
4041206,0
4041215,0
4041223,0
4041231,4
4041240,1
4041248,0
4041256,0
4041265,5
4041281,5
4041290,0
4041298,0
4041306,0
4041315,0
4041323,0
4041331,1
4041340,1
4041348,0
4041356,0
4041365,4
4041373,5
4041381,5
4041390,0
4041398,0
4041406,0
4041415,0
4041423,0
4041431,4
4041440,1
4041448,0
4041456,0
4041465,5
4041473,0
4041481,1
4041490,4
4041498,0
4041506,1
4041515,0
4041523,0
4041532,1
4041540,1
4041681,5
4041690,5
4041698,5
4041706,5
4041715,0
4041723,0
4041740,0
4041748,0
4041756,0
4041765,0
4041773,0
4041781,0
4041790,0
4041798,0
4041806,0
4041815,0
4041823,0
4041831,0
4041840,0
4041848,0
4041856,0
4041865,0
4041873,0
4041881,0
4041890,0
4041898,0
4041906,0
4041915,0
4041923,0
4041931,1
4041940,1
4041948,0
4041956,0
4041965,5
4041973,1
4041981,0
4041990,0
4041998,0
4042006,0
4042015,0
4042023,0
4042031,0
4042040,0
4042048,0
4042056,0
4042065,0
4042073,0
4042081,0
4042090,0
4042098,0
4042106,0
4042115,0
4042123,0
4042131,0
4042140,0
4042148,0
4042156,0
4042165,0
4042173,0
4042181,0
4042190,0
4042198,0
4042206,0
4042215,0
4042223,0
4042231,0
4042240,0
4042248,0
4042256,0
4042265,0
4042406,5
4042415,5
4042423,2
4042431,4
4042440,2
4042448,2
4042456,0
4042465,1
4042473,0
4042490,0
4042506,0
4042515,0
4042523,0
4042531,5
4042540,5
4042548,0
4042556,0
4042565,0
4042573,0
4042581,0
4042590,0
4042598,0
4042606,0
4042615,0
4042623,0
4042631,4
4042640,5
4042648,0
4042656,0
4042665,5
4042673,0
4042681,0
4042690,0
4042698,0
4042706,0
4042715,0
4042723,0
4042731,0
4042740,0
4042748,0
4042756,0
4042765,0
4042773,0
4042781,0
4042790,0
4042798,0
4042806,0
4042815,0
4042823,0
4042831,0
4042840,0
4042848,0
4042857,0
4042865,0
4042873,0
4042881,0
4042890,0
4042898,0
4042906,5
4042915,5
4042923,0
4042931,0
4042940,0
4042948,0
4042956,0
4042965,0
4042973,0
4042981,0
4042990,0
4042998,0
4043006,0
4043015,0
4043023,0
4043031,0
4043040,0
4043048,0
4043056,0
4043065,0
4043073,0
4043081,0
4043090,0
4043098,0
4043106,0
4043115,0
4043123,0
4043131,0
4043140,0
4043148,0
4043156,0
4043165,0
4043173,0
4043181,0
4043190,0
4043198,0
4043206,0
4043215,0
4043223,0
4043231,5
4043240,5
4043248,0
4043256,0
4043265,0
4043273,0
4043281,0
4043289,0
4043298,0
4043306,0
4043315,0
4043323,0
4043331,0
4043340,0
4043348,0
4043356,0
4043365,0
4043373,0
4043381,0
4043390,0
4043398,0
4043406,0
4043414,0
4043423,0
4043431,5
4043439,5
4043448,0
4043456,0
4043464,0
4043473,0
4043481,0
4043490,0
4043498,0
4043506,0
4043515,0
4043523,0
4043531,0
4043539,0
4043548,0
4043556,0
4043564,0
4043573,0
4043581,0
4043589,0
4043598,0
4043606,0
4043614,0
4043623,0
4043631,0
4043640,0
4043648,1
4043656,0
4043665,0
4043673,0
4043681,0
4043689,0
4043698,0
4043714,0
4043723,0
4043856,0
4043864,0
4043873,0
4043881,0
4043889,0
4043898,0
4043906,0
4043914,0
4043923,0
4043931,0
4043939,0
4043948,0
4043956,0
4043964,0
4043981,0
4043989,0
4044006,0
4044014,0
4044023,0
4044031,0
4044040,0
4044056,0
4044064,0
4044073,0
4044081,0
4044089,0
4044098,0
4044106,0
4044114,0
4044123,0
4044131,5
4044139,5
4044148,0
4044156,0
4044164,0
4044189,0
4044214,0
4044231,0
4044264,0
4044273,0
4044281,0
4044290,0
4044298,0
4044306,0
4044314,0
4044323,0
4044331,0
4044339,0
4044348,0
4044356,0
4044364,0
4044373,0
4044381,0
4044389,0
4044398,0
4044406,0
4044414,0
4044423,0
4044431,5
4044439,5
4044448,1
4044456,0
4044464,0
4044473,0
4044481,0
4044489,0
4044498,0
4044506,0
4044514,0
4044523,0
4044531,5
4044539,5
4044548,5
4044556,0
4044564,0
4044573,0
4044581,0
4044589,0
4044598,0
4044606,0
4044614,0
4044623,0
4044631,0
4044639,0
4044648,0
4044656,0
4044665,0
4044673,0
4044681,0
4044689,0
4044698,0
4044706,0
4044714,0
4044723,0
4044731,5
4044739,0
4044748,0
4044756,0
4044764,0
4044773,0
4044789,0
4044798,0
4044806,0
4044814,0
4044823,0
4044831,0
4044839,0
4044848,0
4044856,0
4044864,0
4044873,0
4044881,0
4044889,0
4044898,0
4044906,0
4044914,0
4044923,0
4044931,0
4044981,0
4044990,0
4044998,0
4045023,0
4045031,0
4045048,0
4045056,0
4045064,0
4045073,0
4045081,0
4045089,0
4045098,0
4045106,0
4045114,0
4045123,0
4045131,5
4045139,5
4045148,0
4045298,0
4045314,0
4045339,5
4045373,0
4045381,0
4045389,0
4045398,0
4045406,0
4045414,0
4045448,0
4045456,0
4045464,0
4045473,0
4045489,0
4045498,0
4045506,0
4045514,0
4045523,0
4045531,0
4045539,0
4045548,0
4045556,0
4045564,0
4045573,0
4045581,0
4045590,0
4045598,0
4045606,0
4045614,0
4045623,0
4045639,0
4045648,0
4045656,0
4045664,0
4045673,0
4045681,0
4045689,0
4045698,0
4045706,0
4045714,0
4045723,0
4045731,0
4045739,0
4045748,0
4045756,0
4045764,0
4045773,0
4045781,0
4045789,0
4045798,0
4045806,0
4045814,0
4045823,0
4045839,0
4045848,0
4045856,0
4045864,0
4045873,0
4045881,0
4045889,0
4045898,0
4045906,0
4045914,0
4045923,0
4045939,0
4045948,0
4045956,0
4045964,0
4045973,0
4045981,0
4045989,0
4045998,0
4046006,0
4046014,0
4046023,0
4046031,5
4046039,5
4046048,0
4046056,0
4046064,0
4046073,0
4046081,0
4046089,0
4046098,0
4046106,0
4046114,0
4046148,0
4046156,0
4046164,0
4046173,0
4046181,0
4046189,0
4046198,0
4046206,0
4046214,0
4046223,0
4046231,0
4046381,0
4046389,0
4046398,0
4046414,0
4046423,0
4046431,0
4046439,0
4046448,0
4046456,0
4046464,0
4046473,0
4046481,0
4046489,0
4046498,0
4046506,0
4046514,0
4046523,0
4046539,4
4046548,0
4046564,5
4046573,0
4046581,0
4046589,0
4046598,0
4046606,0
4046614,0
4046623,0
4046631,0
4046639,2
4046656,0
4046664,0
4046673,0
4046681,0
4046689,0
4046698,0
4046706,0
4046714,0
4046723,0
4046739,0
4046748,0
4046756,0
4046764,0
4046773,0
4046781,0
4046789,0
4046798,0
4046806,0
4046814,0
4046823,0
4046831,0
4046839,0
4046856,0
4046864,0
4046873,0
4046881,0
4046889,0
4046898,0
4046906,0
4046914,0
4046923,0
4046931,0
4046939,5
4046948,0
4046956,0
4046964,0
4046973,0
4046989,0
4046998,0
4047006,3
4047014,5
4047039,4
4047048,0
4047056,0
4047064,0
4047073,0
4047081,0
4047089,0
4047097,0
4047106,0
4047114,0
4047122,0
4047131,0
4047139,0
4047147,0
4047156,0
4047164,0
4047173,0
4047181,0
4047189,0
4047197,0
4047206,5
4047214,5
4047222,0
4047231,0
4047239,5
4047247,0
4047256,0
4047264,0
4047272,5
4047281,5
4047290,0
4047298,0
4047306,0
4047314,0
4047322,0
4047331,0
4047339,4
4047356,0
4047364,0
4047372,0
4047381,0
4047389,0
4047397,0
4047406,0
4047414,0
4047423,0
4047439,1
4047456,0
4047464,0
4047472,0
4047489,0
4047497,0
4047506,0
4047514,0
4047522,0
4047531,0
4047539,0
4047548,0
4047556,0
4047564,0
4047572,0
4047581,0
4047589,0
4047598,0
4047606,0
4047614,0
4047622,5
4047631,0
4047639,4
4047656,0
4047664,0
4047698,0
4047706,0
4047714,0
4047722,0
4047739,0
4047747,0
4047756,0
4047764,0
4047772,0
4047781,0
4047789,0
4047822,0
4047981,5
4047989,0
4047997,0
4048006,5
4048014,0
4048022,0
4048039,0
4048047,0
4048056,0
4048064,0
4048072,0
4048081,0
4048089,0
4048097,5
4048106,5
4048114,5
4048122,0
4048131,0
4048139,4
4048156,5
4048164,5
4048172,0
4048181,0
4048189,0
4048197,0
4048206,0
4048214,0
4048223,5
4048239,4
4048247,0
4048256,0
4048264,5
4048272,0
4048281,0
4048289,0
4048297,0
4048306,0
4048314,0
4048322,0
4048339,4
4048348,0
4048356,0
4048364,5
4048372,5
4048381,0
4048389,0
4048397,0
4048406,0
4048414,0
4048422,0
4048431,0
4048439,4
4048456,0
4048464,0
4048472,0
4048481,0
4048489,0
4048497,0
4048506,0
4048514,0
4048522,0
4048531,0
4048539,0
4048547,0
4048556,0
4048564,0
4048572,0
4048581,0
4048589,0
4048597,0
4048606,0
4048614,0
4048622,0
4048631,0
4048639,4
4048647,0
4048656,0
4048664,0
4048672,0
4048681,0
4048689,0
4048697,0
4048706,0
4048714,0
4048722,0
4048731,0
4048739,0
4048747,0
4048756,0
4048764,0
4048772,0
4048781,0
4048789,0
4048797,0
4048806,0
4048814,0
4048822,0
4048831,0
4048839,4
4048872,5
4048881,4
4048889,0
4048897,0
4048906,5
4048914,4
4048922,0
4048931,4
4048939,5
4048956,0
4048964,0
4048972,5
4048981,5
4048989,0
4048997,0
4049006,0
4049014,0
4049022,0
4049031,0
4049039,2
4049056,0
4049064,0
4049072,0
4049081,0
4049089,0
4049097,0
4049106,0
4049114,0
4049122,0
4049131,0
4049139,4
4049156,0
4049164,0
4049172,0
4049181,0
4049189,0
4049197,0
4049206,0
4049214,0
4049222,0
4049231,0
4049239,2
4049256,0
4049264,0
4049272,0
4049281,0
4049289,0
4049297,0
4049306,0
4049314,0
4049322,0
4049339,4
4049356,0
4049364,0
4049372,0
4049389,0
4049397,0
4049406,0
4049414,0
4049423,0
4049431,0
4049439,4
4049456,0
4049581,5
4049589,5
4049597,5
4049614,0
4049622,0
4049639,0
4049647,0
4049656,0
4049664,0
4049672,0
4049681,0
4049689,0
4049697,0
4049706,0
4049714,0
4049722,0
4049739,4
4049747,0
4049756,0
4049764,0
4049772,0
4049781,0
4049789,0
4049797,0
4049806,0
4049814,0
4049822,5
4049831,5
4049839,5
4049856,5
4049864,5
4049872,1
4049881,1
4049889,1
4049897,1
4049906,1
4049914,1
4049923,1
4049956,2
4049964,2
4049972,2
4049981,2
4049989,2
4049997,2
4050006,2
4050014,2
4050022,1
4050039,1
4050057,1
4050064,1
4050072,2
4050089,2
4050097,2
4050106,2
4050114,2
4050122,1
4050139,1
4050156,1
4050164,1
4050172,3
4050181,4
4050189,4
4050197,3
4050206,3
4050214,3
4050222,3
4050231,3
4050239,3
4050256,3
4050264,3
4050272,3
4050281,3
4050289,3
4050297,3
4050306,3
4050314,3
4050322,3
4050331,3
4050339,3
4050356,3
4050364,3
4050372,3
4050381,3
4050389,3
4050397,3
4050406,3
4050414,3
4050423,3
4050431,3
4050439,3
4050456,3
4050464,4
4050472,4
4050481,4
4050489,4
4050497,4
4050506,4
4050514,3
4050523,3
4050531,3
4050539,3
4050556,3
4050564,3
4050572,2
4050581,3
4050589,3
4050597,3
4050606,3
4050614,2
4050623,1
4050631,5
4050639,5
4050647,5
4050656,5
4050664,5
4050672,5
4050681,5
4050689,0
4050697,0
4050706,0
4050714,0
4050722,0
4050731,0
4050739,0
4050747,0
4050756,0
4050764,0
4050772,5
4050781,0
4050789,0
4050806,0
4050814,0
4050822,0
4050831,0
4050839,5
4050847,0
4050856,0
4050864,0
4050872,0
4050881,0
4050889,0
4050897,0
4050906,0
4050914,0
4050922,0
4050931,0
4050939,5
4050947,0
4050956,0
4050964,0
4050972,0
4050981,0
4050989,0
4050997,0
4051006,0
4051014,0
4051022,0
4051030,0
4051039,5
4051047,0
4051055,0
4051064,0
4051072,0
4051081,0
4051089,0
4051097,0
4051106,0
4051114,0
4051122,1
4051130,1
4051139,5
4051147,0
4051155,5
4051164,5
4051172,0
4051180,0
4051189,0
4051197,0
4051205,0
4051214,0
4051222,0
4051231,5
4051239,4
4051247,0
4051256,0
4051264,5
4051272,0
4051280,0
4051289,0
4051297,0
4051305,0
4051314,0
4051322,0
4051339,4
4051356,0
4051364,0
4051372,0
4051389,0
4051397,0
4051405,0
4051414,0
4051422,0
4051430,5
4051439,4
4051455,0
4051464,0
4051472,5
4051480,5
4051489,0
4051497,0
4051505,0
4051514,0
4051522,5
4051539,5
4051547,0
4051555,5
4051564,5
4051572,0
4051580,0
4051589,0
4051597,0
4051605,5
4051614,5
4051639,5
4051647,0
4051656,0
4051672,5
4051680,0
4051689,0
4051697,0
4051705,0
4051714,0
4051722,0
4051731,0
4051739,0
4051747,0
4051755,0
4051764,0
4051772,0
4051781,0
4051789,0
4051797,0
4051805,0
4051814,0
4051822,0
4051830,0
4051839,0
4051847,0
4051855,0
4051864,0
4051872,0
4051881,0
4051889,0
4051897,0
4051905,0
4051914,0
4051922,0
4051930,0
4051939,4
4051955,0
4051964,0
4051972,0
4051989,0
4051997,0
4052005,0
4052014,0
4052022,0
4052039,3
4052055,0
4052064,0
4052072,0
4052089,0
4052097,0
4052105,0
4052114,0
4052122,0
4052139,4
4052155,0
4052164,0
4052172,0
4052180,0
4052189,0
4052197,0
4052206,0
4052214,0
4052222,0
4052239,4
4052255,0
4052264,0
4052272,0
4052280,0
4052289,0
4052297,0
4052305,0
4052314,0
4052322,0
4052339,4
4052347,0
4052355,0
4052364,5
4052372,0
4052380,0
4052389,0
4052397,0
4052405,0
4052414,0
4052422,0
4052439,4
4052455,0
4052464,0
4052472,0
4052480,0
4052489,0
4052497,0
4052514,0
4052522,0
4052530,0
4052539,4
4052555,0
4052564,0
4052572,0
4052580,0
4052589,0
4052597,0
4052605,0
4052614,0
4052622,0
4052639,4
4052664,5
4052672,0
4052689,0
4052697,0
4052705,0
4052714,0
4052722,5
4052739,4
4052747,0
4052755,0
4052764,5
4052772,0
4052789,0
4052797,0
4052805,5
4052814,0
4052822,0
4052839,4
4052847,0
4052855,0
4052864,3
4052880,0
4052889,0
4052897,0
4052914,0
4052922,0
4052947,0
4052955,0
4052964,0
4052972,0
4052980,0
4052989,0
4052997,0
4053005,1
4053014,1
4053022,0
4053155,0
4053164,5
4053180,5
4053189,0
4053197,0
4053205,0
4053214,0
4053222,0
4053230,4
4053239,5
4053247,0
4053255,5
4053264,4
4053280,5
4053289,0
4053297,0
4053305,4
4053314,1
4053322,0
4053330,1
4053339,4
4053347,0
4053355,0
4053364,0
4053372,0
4053380,0
4053389,0
4053397,0
4053405,5
4053414,0
4053422,1
4053430,0
4053439,4
4053447,0
4053455,0
4053464,0
4053472,0
4053480,0
4053489,0
4053497,0
4053505,0
4053514,0
4053522,0
4053530,5
4053539,5
4053547,0
4053555,0
4053564,0
4053580,0
4053589,0
4053597,0
4053605,1
4053614,1
4053622,0
4053630,5
4053639,5
4053647,0
4053655,0
4053664,0
4053680,0
4053689,0
4053697,0
4053705,5
4053714,5
4053722,0
4053730,5
4053739,4
4053755,0
4053764,0
4053772,0
4053780,0
4053789,0
4053797,0
4053805,1
4053814,3
4053822,0
4053830,5
4053839,4
4053855,0
4053864,0
4053872,0
4053889,0
4053897,0
4053905,4
4053914,5
4053922,0
4053930,4
4053939,4
4053947,0
4053955,0
4053964,0
4053972,0
4053980,0
4053989,0
4053997,0
4054005,4
4054014,5
4054022,0
4054030,4
4054039,5
4054047,0
4054055,1
4054064,1
4054072,0
4054080,0
4054089,0
4054097,0
4054105,0
4054114,0
4054122,5
4054130,4
4054139,4
4054164,0
4054172,0
4054180,0
4054189,0
4054197,0
4054205,0
4054214,0
4054222,0
4054230,0
4054239,2
4054255,0
4054264,0
4054272,0
4054280,0
4054289,0
4054297,0
4054305,0
4054314,0
4054322,0
4054330,0
4054339,0
4054347,0
4054355,0
4054364,0
4054372,0
4054380,0
4054389,0
4054397,0
4054405,5
4054414,5
4054422,0
4054430,4
4054439,4
4054455,0
4054464,5
4054489,0
4054497,0
4054505,0
4054514,0
4054522,0
4054530,4
4054539,4
4054547,0
4054555,0
4054564,0
4054572,0
4054580,0
4054589,0
4054597,0
4054605,0
4054614,0
4054622,0
4054630,0
4054639,1
4054655,0
4054664,5
4054672,0
4054680,0
4054689,0
4054697,0
4054705,5
4054714,5
4054722,0
4054730,0
4054739,3
4054747,0
4054755,0
4054764,0
4054772,0
4054780,0
4054789,0
4054797,0
4054805,0
4054813,0
4054822,0
4054839,0
4054847,0
4054855,0
4054864,0
4054872,0
4054880,0
4054889,0
4054897,0
4054905,4
4054913,5
4054922,0
4054930,3
4054938,5
4054947,0
4054955,0
4054963,1
4054972,0
4054980,0
4054989,0
4054997,0
4055005,0
4055014,0
4055022,0
4055039,1
4055055,0
4055064,0
4055072,0
4055088,0
4055097,0
4055105,0
4055113,0
4055122,0
4055130,0
4055138,4
4055155,0
4055163,0
4055172,0
4055180,0
4055189,0
4055197,0
4055205,0
4055213,0
4055222,0
4055238,4
4055255,0
4055263,0
4055272,0
4055280,0
4055288,0
4055297,0
4055305,0
4055313,0
4055322,0
4055339,4
4055347,0
4055355,0
4055363,0
4055372,0
4055389,0
4055397,0
4055405,0
4055413,0
4055422,0
4055438,4
4055455,0
4055464,0
4055472,0
4055480,0
4055488,0
4055505,1
4055513,1
4055522,1
4055538,4
4055555,5
4055563,4
4055572,0
4055580,0
4055589,0
4055597,0
4055605,0
4055613,0
4055622,0
4055638,4
4055655,0
4055663,0
4055680,0
4055688,0
4055705,0
4055738,4
4055755,0
4055763,0
4055772,0
4055780,0
4055788,0
4055797,0
4055805,4
4055813,1
4055822,0
4055830,5
4055838,4
4055864,0
4055880,0
4055888,0
4055905,1
4055913,1
4055930,0
4055939,4
4055955,0
4055963,0
4055972,0
4055980,0
4055988,0
4055997,0
4056005,0
4056013,0
4056022,0
4056063,0
4056072,0
4056080,0
4056088,0
4056105,0
4056113,0
4056138,4
4056147,5
4056155,5
4056163,5
4056180,0
4056188,0
4056197,0
4056205,3
4056213,5
4056222,0
4056230,0
4056238,0
4056247,0
4056255,0
4056272,0
4056280,0
4056288,0
4056297,0
4056305,1
4056313,5
4056330,5
4056338,5
4056347,0
4056355,0
4056363,0
4056372,5
4056405,5
4056413,1
4056430,0
4056438,4
4056447,0
4056455,0
4056464,0
4056472,0
4056480,0
4056488,0
4056655,0
4056663,0
4056680,0
4056688,0
4056713,0
4056738,0
4056755,0
4056763,0
4056780,0
4056788,0
4056805,0
4056813,0
4056830,0
4056838,0
4056855,0
4056864,0
4056880,0
4056888,0
4056905,1
4056913,5
4056938,4
4057005,5
4057013,5
4057022,4
4057030,0
4057038,0
4057063,0
4057080,0
4057122,0
4057130,0
4057138,2
4057147,5
4057155,0
4057163,0
4057172,0
4057180,0
4057188,0
4057197,0
4057205,0
4057213,0
4057222,0
4057230,0
4057238,0
4057247,0
4057255,0
4057263,0
4057272,0
4057280,0
4057288,0
4057297,0
4057305,0
4057313,0
4057322,0
4057338,5
4057347,0
4057480,0
4057488,0
4057497,0
4057513,0
4057522,0
4057530,0
4057538,0
4057547,0
4057555,0
4057563,0
4057572,0
4057580,0
4057588,0
4057597,0
4057605,0
4057613,0
4057622,0
4057630,0
4057638,1
4057647,0
4057655,0
4057663,0
4057672,0
4057680,0
4057688,0
4057697,0
4057705,0
4057713,0
4057722,0
4057730,0
4057738,0
4057747,0
4057755,0
4057763,0
4057772,0
4057780,0
4057788,0
4057797,0
4057805,0
4057813,0
4057822,0
4057830,0
4057838,5
4057847,0
4057855,0
4057863,0
4057872,0
4057880,0
4057888,0
4057897,0
4057905,0
4057913,0
4057922,0
4057938,4
4057955,0
4057963,0
4057972,0
4057980,0
4057988,0
4057997,0
4058005,0
4058013,0
4058022,0
4058030,0
4058038,4
4058055,0
4058063,0
4058072,0
4058080,0
4058088,0
4058097,0
4058105,0
4058113,0
4058122,0
4058130,0
4058138,0
4058147,0
4058155,0
4058163,0
4058188,0
4058197,0
4058205,0
4058213,0
4058222,0
4058230,0
4058238,2
4058255,0
4058263,0
4058272,0
4058280,0
4058288,0
4058297,0
4058305,0
4058313,0
4058322,0
4058338,1
4058355,0
4058363,0
4058372,0
4058380,0
4058388,0
4058397,0
4058405,0
4058413,0
4058422,0
4058430,0
4058438,1
4058447,0
4058455,0
4058463,0
4058472,0
4058480,0
4058488,0
4058505,0
4058513,0
4058530,0
4058538,5
4058555,0
4058563,0
4058572,0
4058580,0
4058588,0
4058597,0
4058605,0
4058613,0
4058621,0
4058638,5
4058646,0
4058655,0
4058663,0
4058680,0
4058688,0
4058697,0
4058705,3
4058713,5
4058721,0
4058730,0
4058738,0
4058746,0
4058755,0
4058763,0
4058771,0
4058780,0
4058788,0
4058797,0
4058805,5
4058813,5
4058822,0
4058830,0
4058838,0
4058846,0
4058855,0
4058863,0
4058872,0
4058880,0
4058888,0
4058896,0
4058905,0
4058913,0
4058922,0
4058930,0
4058938,0
4058946,0
4058955,0
4058963,0
4058971,5
4058980,0
4058988,0
4058996,0
4059005,5
4059013,5
4059021,0
4059030,0
4059038,0
4059088,0
4059105,5
4059113,5
4059121,0
4059130,0
4059138,0
4059146,0
4059155,0
4059163,0
4059180,0
4059188,0
4059196,0
4059205,1
4059213,1
4059222,0
4059230,0
4059238,0
4059246,0
4059255,0
4059263,0
4059271,0
4059280,0
4059288,0
4059296,0
4059305,0
4059313,0
4059322,0
4059330,0
4059338,0
4059347,0
4059355,0
4059363,0
4059371,0
4059380,0
4059388,0
4059396,0
4059405,0
4059413,0
4059421,0
4059430,0
4059555,0
4059563,0
4059588,0
4059596,0
4059605,0
4059613,0
4059621,0
4059630,0
4059638,0
4059646,0
4059655,0
4059663,0
4059671,0
4059680,0
4059688,0
4059696,0
4059705,5
4059713,5
4059722,0
4059730,0
4059738,0
4059746,0
4059755,0
4059763,0
4059771,0
4059780,0
4059788,0
4059796,0
4059805,0
4059813,0
4059821,0
4059830,0
4059846,0
4059855,0
4059863,0
4059871,0
4059880,0
4059888,0
4059896,0
4059905,0
4059913,0
4059921,0
4059930,0
4059938,0
4059946,0
4059955,0
4059963,0
4059971,0
4059980,0
4059988,0
4059996,0
4060005,5
4060013,5
4060021,0
4060030,0
4060038,0
4060046,0
4060055,0
4060063,0
4060071,0
4060080,0
4060088,0
4060097,0
4060105,0
4060113,0
4060121,0
4060130,0
4060138,0
4060146,0
4060155,0
4060163,0
4060171,0
4060180,0
4060188,0
4060196,0
4060205,0
4060213,0
4060221,0
4060230,0
4060238,0
4060246,0
4060255,0
4060263,0
4060271,0
4060280,0
4060288,0
4060296,0
4060305,0
4060313,0
4060321,0
4060330,0
4060338,0
4060346,0
4060355,0
4060363,0
4060371,0
4060380,0
4060388,0
4060396,0
4060405,0
4060413,0
4060421,0
4060430,0
4060438,0
4060446,0
4060455,0
4060463,0
4060471,0
4060655,0
4060663,0
4060688,0
4060696,0
4060705,0
4060713,0
4060721,0
4060730,0
4060738,0
4060746,0
4060755,0
4060763,0
4060780,0
4060788,0
4060796,0
4060805,0
4060813,0
4060821,0
4060830,0
4060838,0
4060846,0
4060863,0
4060880,0
4060888,0
4060896,0
4060905,0
4060913,0
4060921,0
4060930,0
4060938,0
4060946,0
4060955,0
4060963,0
4060971,0
4060980,0
4060988,0
4060996,0
4061005,0
4061013,0
4061021,0
4061030,0
4061038,0
4061046,0
4061055,0
4061063,0
4061071,0
4061080,0
4061088,0
4061096,0
4061105,0
4061113,0
4061121,0
4061130,0
4061138,0
4061146,0
4061155,0
4061180,0
4061188,0
4061196,0
4061205,0
4061213,0
4061230,0
4061238,0
4061246,0
4061255,0
4061263,0
4061271,0
4061280,0
4061288,0
4061313,0
4061330,0
4061338,0
4061346,0
4061355,0
4061363,0
4061380,0
4061388,0
4061396,0
4061421,0
4061430,0
4061438,0
4061446,0
4061455,0
4061463,0
4061471,0
4061480,0
4061488,0
4061496,0
4061505,5
4061513,0
4061521,0
4061530,0
4061538,0
4061546,0
4061555,0
4061563,0
4061571,0
4061580,0
4061588,0
4061596,0
4061605,0
4061613,0
4061621,0
4061630,0
4061638,0
4061655,0
4061680,0
4061689,0
4061696,0
4061705,0
4061713,0
4061863,5
4061871,5
4061888,0
4061896,0
4061905,0
4061913,0
4061921,0
4061930,0
4061938,0
4061946,0
4061955,0
4061963,0
4061971,0
4061980,0
4061988,0
4061996,0
4062005,0
4062013,0
4062021,0
4062030,0
4062038,0
4062046,0
4062055,0
4062063,0
4062071,0
4062080,0
4062088,0
4062096,0
4062105,0
4062113,0
4062121,0
4062130,0
4062138,0
4062146,0
4062155,0
4062163,1
4062171,2
4062180,2
4062188,2
4062196,1
4062205,1
4062213,2
4062221,2
4062230,2
4062238,2
4062246,2
4062255,2
4062263,2
4062271,2
4062280,3
4062288,1
4062296,2
4062305,2
4062313,1
4062321,2
4062330,2
4062338,2
4062346,2
4062354,2
4062363,2
4062371,2
4062380,2
4062388,2
4062396,1
4062405,1
4062413,1
4062421,2
4062429,2
4062438,2
4062446,2
4062455,2
4062463,2
4062471,2
4062480,2
4062488,2
4062496,1
4062504,2
4062513,2
4062521,1
4062529,1
4062538,1
4062546,2
4062555,2
4062563,2
4062571,2
4062580,2
4062588,2
4062596,1
4062604,1
4062613,1
4062621,4
4062629,2
4062638,2
4062646,5
4062654,1
4062663,1
4062671,1
4062680,1
4062688,1
4062696,1
4062705,1
4062713,1
4062730,1
4062738,1
4062746,2
4062754,2
4062763,3
4062771,2
4062779,1
4062788,1
4062796,1
4062804,5
4062813,3
4062821,1
4062829,1
4062838,5
4062846,4
4062854,3
4062863,2
4062879,2
4062888,2
4062896,2
4062904,2
4062913,2
4063063,5
4063088,5
4063096,5
4063113,5
4063121,5
4063130,5
4063138,5
4063146,0
4063154,0
4063163,0
4063171,0
4063179,5
4063188,5
4063196,5
4063204,5
4063213,5
4063221,1
4063230,5
4063238,1
4063246,0
4063254,0
4063263,5
4063271,5
4063279,5
4063288,5
4063296,5
4063304,1
4063313,4
4063321,5
4063329,5
4063338,5
4063346,5
4063354,0
4063363,0
4063371,0
4063379,1
4063388,1
4063396,0
4063404,4
4063413,1
4063421,0
4063429,0
4063438,5
4063446,3
4063454,5
4063463,5
4063471,3
4063479,0
4063488,0
4063496,0
4063504,0
4063513,0
4063521,0
4063529,0
4063538,5
4063546,1
4063554,5
4063563,5
4063571,0
4063579,0
4063588,0
4063596,0
4063604,0
4063613,3
4063629,0
4063638,0
4063654,0
4063663,0
4063671,0
4063679,0
4063688,0
4063696,0
4063704,0
4063713,0
4063721,0
4063729,0
4063738,0
4063746,5
4063754,5
4063763,0
4063771,0
4063779,0
4063788,0
4063796,0
4063804,0
4063813,0
4063821,0
4063829,0
4063838,0
4063846,5
4063854,5
4063863,0
4063871,0
4063879,0
4063888,0
4063896,0
4063904,5
4063913,3
4063921,0
4063929,0
4063938,1
4063946,0
4063954,0
4063963,0
4063971,0
4063979,0
4063988,0
4063996,0
4064005,0
4064013,0
4064021,0
4064030,0
4064038,0
4064046,0
4064054,0
4064063,5
4064071,5
4064079,5
4064088,5
4064096,5
4064113,3
4064129,5
4064138,5
4064146,0
4064163,0
4064171,5
4064179,5
4064188,5
4064196,0
4064204,0
4064213,0
4064229,0
4064238,0
4064246,0
4064254,0
4064263,5
4064271,0
4064279,5
4064288,0
4064296,0
4064304,0
4064313,4
4064321,0
4064329,0
4064338,0
4064346,5
4064354,5
4064363,0
4064371,0
4064379,5
4064388,0
4064413,4
4064421,0
4064430,0
4064438,0
4064446,0
4064454,0
4064463,0
4064471,0
4064479,0
4064488,0
4064496,1
4064504,0
4064513,4
4064529,0
4064538,5
4064546,5
4064554,3
4064563,0
4064579,4
4064588,3
4064596,0
4064604,4
4064613,5
4064621,0
4064629,0
4064638,5
4064646,3
4064654,0
4064663,5
4064679,5
4064688,5
4064696,0
4064713,5
4064721,0
4064729,0
4064738,0
4064746,0
4064763,0
4064771,0
4064779,0
4064788,0
4064796,0
4064804,0
4064813,4
4064829,0
4064838,0
4064846,0
4064854,0
4064863,0
4064871,5
4064879,5
4064888,5
4064896,0
4064904,0
4064913,4
4064921,0
4064929,0
4064938,0
4064946,0
4064963,0
4064971,0
4064979,0
4064988,0
4064996,0
4065004,5
4065013,4
4065021,0
4065029,0
4065038,4
4065046,3
4065054,0
4065063,0
4065071,0
4065079,0
4065088,0
4065096,1
4065113,4
4065129,5
4065138,4
4065146,0
4065154,0
4065163,0
4065171,0
4065179,5
4065188,5
4065196,5
4065204,1
4065213,4
4065221,0
4065229,0
4065238,0
4065246,3
4065254,0
4065263,0
4065271,0
4065279,0
4065288,0
4065296,0
4065321,0
4065329,0
4065338,0
4065346,0
4065354,0
4065363,0
4065371,0
4065379,0
4065388,0
4065396,0
4065404,0
4065413,0
4065421,0
4065429,0
4065438,0
4065446,0
4065454,0
4065463,0
4065471,0
4065479,0
4065488,0
4065496,0
4065513,4
4065521,0
4065529,0
4065538,5
4065554,0
4065563,0
4065571,0
4065588,0
4065613,5
4065629,0
4065638,0
4065646,0
4065654,0
4065663,0
4065671,0
4065679,0
4065688,0
4065704,0
4065713,4
4065729,0
4065738,0
4065746,0
4065754,0
4065763,0
4065771,0
4065779,0
4065788,0
4065796,0
4065813,4
4065821,0
4065829,0
4065838,0
4065846,0
4065854,0
4065871,0
4065879,1
4065888,0
4065896,0
4065913,4
4065929,0
4065938,0
4065946,0
4065963,0
4065971,0
4065979,0
4065988,0
4065996,0
4066013,4
4066046,0
4066063,0
4066071,0
4066079,0
4066088,0
4066096,0
4066104,0
4066113,4
4066129,0
4066138,0
4066146,0
4066154,0
4066163,0
4066171,0
4066179,0
4066188,0
4066196,0
4066221,0
4066229,0
4066238,0
4066246,0
4066254,0
4066262,0
4066271,0
4066279,0
4066288,0
4066296,0
4066304,0
4066313,4
4066321,0
4066329,0
4066338,0
4066346,0
4066354,0
4066363,0
4066371,0
4066379,0
4066387,0
4066396,0
4066404,0
4066412,4
4066429,0
4066438,0
4066446,0
4066454,0
4066463,0
4066471,0
4066479,0
4066488,0
4066496,0
4066504,0
4066513,4
4066529,1
4066537,0
4066546,1
4066554,0
4066571,0
4066579,0
4066587,0
4066596,0
4066604,0
4066613,4
4066629,0
4066638,0
4066646,0
4066654,0
4066662,0
4066671,0
4066679,0
4066687,0
4066696,0
4066704,0
4066712,2
4066729,0
4066737,0
4066746,0
4066754,0
4066763,0
4066771,0
4066779,0
4066787,0
4066796,0
4066812,4
4066829,0
4066837,0
4066846,0
4066854,0
4066862,0
4066871,0
4066879,0
4066888,0
4066896,0
4066904,0
4066912,4
4066929,0
4066946,0
4066954,0
4066962,0
4066971,0
4066979,0
4066987,0
4066996,0
4067013,4
4067021,0
4067030,0
4067037,0
4067046,0
4067054,0
4067062,0
4067071,0
4067079,0
4067087,0
4067096,0
4067112,4
4067121,0
4067137,0
4067146,0
4067171,0
4067179,0
4067187,0
4067196,0
4067204,0
4067212,4
4067221,0
4067229,0
4067237,0
4067246,0
4067254,0
4067263,0
4067271,0
4067279,0
4067287,0
4067312,4
4067321,0
4067329,0
4067337,4
4067346,1
4067362,0
4067371,0
4067379,0
4067387,0
4067396,0
4067413,4
4067437,0
4067446,5
4067462,0
4067471,0
4067479,0
4067487,0
4067496,0
4067512,4
4067530,0
4067537,0
4067546,0
4067563,0
4067571,0
4067579,0
4067587,0
4067596,5
4067612,1
4067621,5
4067629,5
4067637,5
4067646,0
4067654,0
4067663,0
4067671,0
4067679,0
4067687,0
4067696,0
4067704,0
4067712,0
4067721,0
4067729,0
4067737,0
4067746,0
4067754,0
4067763,0
4067771,0
4067779,0
4067787,0
4067797,0
4067812,0
4067821,0
4067829,0
4067837,0
4067846,0
4067854,0
4067862,0
4067871,0
4067879,0
4067887,0
4067896,0
4067921,0
4067930,0
4067946,0
4067954,0
4067963,0
4067971,0
4067979,0
4067987,0
4067996,0
4068004,0
4068012,0
4068021,0
4068029,0
4068037,0
4068046,0
4068054,0
4068063,0
4068071,0
4068079,0
4068087,0
4068096,0
4068104,0
4068112,4
4068129,0
4068137,0
4068146,0
4068154,0
4068162,0
4068187,0
4068196,0
4068204,0
4068212,4
4068229,0
4068237,0
4068246,0
4068254,0
4068263,0
4068271,0
4068279,0
4068287,0
4068296,0
4068304,0
4068313,4
4068329,0
4068337,0
4068346,0
4068354,0
4068362,0
4068371,0
4068379,0
4068387,0
4068396,0
4068404,0
4068412,4
4068429,0
4068437,0
4068454,0
4068462,0
4068471,0
4068479,0
4068487,0
4068496,0
4068512,4
4068529,0
4068537,0
4068546,0
4068562,0
4068571,0
4068579,0
4068587,0
4068596,0
4068604,0
4068612,4
4068629,0
4068637,0
4068646,0
4068654,0
4068662,0
4068671,0
4068679,0
4068687,0
4068696,0
4068712,4
4068729,0
4068737,0
4068746,0
4068754,0
4068762,0
4068771,0
4068779,0
4068787,0
4068796,0
4068804,0
4068812,4
4068829,0
4068837,0
4068846,0
4068854,0
4068862,0
4068871,0
4068879,0
4068887,0
4068912,4
4068946,0
4068954,0
4068962,0
4068971,0
4068979,0
4068987,0
4068996,0
4069012,4
4069029,0
4069037,0
4069046,0
4069062,0
4069071,0
4069079,0
4069087,0
4069096,5
4069112,4
4069129,0
4069137,0
4069146,0
4069162,0
4069171,0
4069179,0
4069187,0
4069196,0
4069204,0
4069212,4
4069229,0
4069237,0
4069246,0
4069262,0
4069271,0
4069279,5
4069287,5
4069421,3
4069429,3
4069446,3
4069454,3
4069462,3
4069471,3
4069479,3
4069487,3
4069496,2
4069504,2
4069512,2
4069529,2
4069537,2
4069546,2
4069554,3
4069562,3
4069571,3
4069579,2
4069587,2
4069596,2
4069604,2
4069612,2
4069629,2
4069637,2
4069646,2
4069654,2
4069662,3
4069671,3
4069679,3
4069687,1
4069696,5
4069704,5
4069712,4
4069729,5
4069737,5
4069746,0
4069754,0
4069762,5
4069771,5
4069779,0
4069787,0
4069796,0
4069804,0
4069812,5
4069821,5
4069829,5
4069837,5
4069846,5
4069854,5
4069862,5
4069871,5
4069879,5
4069887,6
4069896,6
4069904,6
4069912,1
4069929,0
4069937,0
4069946,0
4069954,0
4069962,0
4069971,0
4069979,5
4069987,0
4069996,5
4070004,5
4070012,5
4070021,5
4070029,5
4070037,5
4070046,0
4070054,0
4070062,0
4070071,5
4070079,5
4070087,5
4070096,5
4070104,5
4070112,5
4070121,5
4070129,5
4070137,5
4070146,5
4070154,5
4070162,5
4070170,5
4070179,5
4070187,5
4070195,5
4070212,5
4070220,5
4070229,5
4070237,5
4070245,5
4070254,5
4070262,5
4070279,5
4070287,5
4070296,5
4070304,5
4070312,0
4070320,0
4070329,0
4070337,0
4070345,0
4070354,0
4070362,0
4070370,5
4070379,5
4070387,0
4070396,0
4070404,0
4070412,4
4070420,0
4070429,0
4070437,4
4070445,4
4070454,0
4070462,5
4070470,5
4070479,5
4070487,5
4070496,5
4070512,4
4070520,5
4070529,5
4070537,5
4070545,5
4070554,5
4070562,5
4070570,0
4070579,0
4070587,0
4070595,0
4070604,0
4070612,0
4070620,0
4070629,0
4070637,0
4070645,5
4070654,5
4070662,5
4070671,5
4070679,5
4070687,0
4070696,0
4070712,0
4070720,0
4070729,0
4070737,5
4070745,5
4070754,5
4070762,5
4070771,5
4070779,5
4070787,5
4070795,5
4070812,5
4070821,5
4070829,4
4070837,5
4070845,4
4070854,4
4070862,4
4070870,3
4070879,3
4070887,4
4070895,4
4070912,4
4070920,4
4070929,4
4070937,4
4070945,4
4070954,4
4070962,4
4070970,4
4070979,4
4070987,4
4070995,4
4071004,4
4071012,4
4071020,4
4071029,4
4071037,3
4071045,4
4071054,4
4071062,4
4071071,4
4071079,4
4071087,4
4071095,3
4071104,4
4071120,3
4071129,3
4071137,4
4071145,4
4071154,3
4071162,3
4071170,3
4071179,3
4071187,3
4071212,3
4071229,3
4071237,3
4071254,3
4071262,3
4071279,3
4071287,3
4071305,3
4071312,3
4071329,3
4071337,3
4071345,4
4071354,4
4071362,4
4071379,4
4071387,4
4071404,4
4071412,4
4071429,4
4071437,4
4071445,4
4071454,4
4071462,4
4071470,3
4071479,4
4071487,4
4071504,4
4071512,4
4071529,4
4071537,4
4071554,3
4071562,3
4071579,3
4071587,3
4071604,3
4071612,3
4071629,3
4071637,3
4071654,3
4071662,3
4071679,3
4071687,3
4071704,3
4071729,4
4071737,4
4071754,4
4071762,3
4071779,4
4071787,3
4071804,4
4071812,4
4071829,3
4071837,3
4071854,3
4071862,3
4071879,3
4071887,3
4071904,3
4071912,3
4071929,3
4071937,3
4071945,3
4071954,3
4071962,3
4071970,3
4071979,3
4071987,3
4072004,3
4072012,3
4072029,3
4072037,4
4072054,4
4072062,3
4072079,3
4072087,3
4072095,3
4072104,3
4072112,3
4072129,3
4072137,3
4072154,3
4072162,3
4072179,3
4072187,3
4072195,4
4072204,3
4072212,3
4072229,3
4072237,3
4072254,3
4072262,3
4072279,3
4072287,3
4072295,2
4072304,2
4072312,2
4072329,3
4072337,3
4072346,3
4072354,3
4072362,3
4072370,2
4072379,3
4072387,3
4072395,3
4072404,2
4072412,2
4072420,2
4072429,2
4072437,2
4072454,2
4072462,2
4072479,3
4072487,3
4072495,3
4072504,3
4072512,3
4072520,3
4072529,3
4072537,3
4072545,1
4072554,1
4072579,1
4072595,2
4072604,1
4072612,1
4072621,1
4072629,1
4072637,1
4072654,1
4072662,2
4072687,2
4072695,2
4072704,2
4072712,2
4072720,2
4072729,2
4072737,2
4072754,2
4072762,2
4072770,2
4072779,2
4072787,2
4072795,2
4072804,2
4072812,1
4072820,2
4072829,2
4072837,2
4072845,2
4072854,2
4072862,2
4072870,1
4072879,1
4072887,2
4072895,2
4072904,2
4072912,2
4072920,2
4072929,2
4072937,3
4072945,2
4072954,2
4072962,2
4072970,2
4072979,2
4072987,2
4072995,2
4073004,2
4073012,2
4073029,2
4073037,2
4073045,2
4073054,2
4073062,3
4073070,4
4073079,4
4073087,3
4073095,3
4073112,2
4073129,3
4073137,2
4073145,3
4073162,3
4073170,3
4073179,3
4073187,3
4073195,3
4073204,1
4073212,2
4073229,4
4073237,4
4073245,2
4073254,3
4073262,3
4073270,4
4073279,4
4073287,2
4073295,2
4073312,2
4073329,3
4073337,3
4073345,3
4073354,4
4073362,4
4073370,3
4073379,3
4073387,3
4073395,3
4073404,4
4073412,4
4073529,5
4073537,5
4073554,5
4073562,5
4073570,5
4073579,5
4073587,5
4073595,0
4073604,5
4073612,5
4073620,0
4073629,0
4073637,5
4073645,0
4073654,0
4073662,0
4073679,0
4073687,0
4073695,0
4073704,5
4073712,2
4073720,5
4073729,0
4073737,0
4073745,0
4073754,0
4073762,0
4073770,0
4073779,0
4073787,0
4073795,0
4073804,0
4073812,3
4073829,5
4073837,5
4073845,1
4073854,2
4073862,3
4073870,3
4073879,3
4073887,3
4073895,3
4073904,3
4073912,3
4073920,3
4073929,3
4073937,3
4073945,3
4073954,3
4073962,3
4073970,3
4073978,3
4073987,3
4073995,3
4074003,3
4074012,3
4074020,3
4074029,3
4074037,3
4074045,3
4074054,3
4074062,3
4074070,3
4074078,3
4074087,1
4074095,1
4074104,1
4074112,2
4074120,0
4074128,0
4074137,5
4074145,0
4074154,0
4074162,0
4074170,5
4074178,4
4074187,2
4074195,0
4074203,0
4074212,5
4074220,0
4074229,0
4074237,0
4074245,0
4074253,0
4074262,0
4074270,5
4074278,0
4074287,5
4074295,5
4074303,4
4074312,4
4074320,3
4074328,1
4074337,0
4074345,0
4074353,0
4074362,0
4074370,0
4074387,0
4074395,0
4074403,0
4074412,4
4074420,0
4074429,0
4074437,0
4074445,5
4074453,5
4074462,5
4074470,5
4074478,5
4074487,5
4074495,5
4074504,5
4074512,5
4074520,5
4074528,5
4074537,5
4074545,5
4074553,5
4074562,5
4074570,5
4074578,0
4074587,1
4074595,5
4074603,5
4074612,5
4074620,5
