3878694,5
3878760,0
3878794,4
3878810,4
3878835,4
3878860,5
3878885,5
3878910,5
3878935,5
3878960,5
3879010,5
3879060,5
3879085,5
3879110,5
3879135,5
3879160,5
3879185,5
3879194,4
3879235,4
3879260,4
3879285,4
3879310,5
3879335,5
3879360,5
3879410,5
3879435,5
3879510,5
3879535,5
3879560,5
3879585,5
3879660,5
3879781,5
3879806,5
3879856,5
3879881,5
3879906,5
3879931,5
3879956,5
3879981,5
3880006,5
3880031,5
3880056,5
3880106,5
3880131,5
3880156,5
3880231,4
3880256,4
3880281,5
3880306,1
3880365,5
3880381,4
3880390,4
3880406,4
3880465,5
3880481,5
3880606,1
3880631,5
3881066,2
3881341,2
3881366,2
3881391,2
3881416,2
3881441,2
3881466,2
3881491,2
3881516,2
3881541,2
3881566,2
3881591,2
3881616,2
3881641,2
3881666,3
3881691,2
3881716,2
3881766,3
3881791,1
3881816,1
3881841,2
3881866,2
3881891,1
3881916,1
3882012,1
3882037,2
3882062,1
3882087,1
3882103,1
3882112,1
3882128,1
3882137,1
3882153,5
3882162,5
3882178,1
3882187,5
3882203,5
3882212,1
3882228,1
3882237,5
3882253,2
3882262,2
3882278,5
3882287,5
3882303,5
3882312,1
3882328,1
3882337,1
3882353,1
3882362,1
3882378,1
3882387,5
3882403,5
3882412,1
3882437,1
3882462,1
3882487,1
3882512,1
3882528,5
3882537,1
3882562,1
3882587,5
3882612,1
3882662,1
3882687,1
3882712,1
3882737,1
3882762,5
3882787,1
3882812,1
3882837,1
3882862,1
3882886,5
3882912,1
3882937,1
3882962,5
3882986,1
3883075,1
3883083,1
3883108,1
3883133,5
3883158,5
3883183,1
3883208,1
3883233,5
3883258,5
3883274,1
3883308,1
3883358,1
3883383,1
3883408,1
3883433,1
3883458,5
3883483,1
3883508,1
3883533,1
3883583,1
3883608,1
3883632,1
3883657,5
3883682,1
3883708,1
3883732,1
3883757,5
3883782,2
3883832,1
3883857,5
3883882,1
3883907,5
3883932,5
3883982,1
3884007,1
3884032,1
3884057,5
3884082,5
3884107,5
3884182,5
3884207,5
3884257,5
3884283,5
3884307,5
3884357,5
3884582,5
3884607,5
3884682,5
3884708,5
3884732,5
3884757,5
3884782,5
3884807,5
3884832,5
3884857,5
3884882,5
3884907,5
3884932,5
3885007,5
3885032,5
3885145,1
3885170,1
3885179,1
3885195,1
3885220,1
3885245,1
3885262,5
3885270,1
3885295,1
3885320,1
3885345,1
3885370,1
3885379,1
3885395,1
3885404,1
3885420,1
3885445,1
3885454,2
3885470,2
3885479,2
3885487,1
3885495,1
3885504,1
3885512,1
3885520,1
3885546,1
3885570,1
3885604,2
3885620,1
3885645,2
3885654,2
3885670,2
3885679,2
3885695,2
3885704,2
3885720,2
3885737,2
3885745,2
3885754,2
3885762,2
3885770,2
3885779,2
3885795,1
3885804,1
3885820,1
3885845,1
3885871,1
3885879,1
3885895,1
3885904,1
3885920,1
3885945,2
3885954,2
3885970,1
3885979,1
3885995,1
3886020,1
3886045,1
3886054,1
3886070,1
3886095,1
3886154,1
3886170,1
3886195,1
3886220,1
3886245,1
3886270,2
3886295,1
3886320,1
3886345,1
3886370,2
3886395,2
3886420,1
3886445,2
3886470,1
3886495,3
3886520,2
3886545,2
3886570,2
3886595,3
3886620,3
3886645,1
3886820,1
3886846,2
3886870,1
3886895,1
3886904,1
3886920,1
3886945,3
3886970,2
3886979,3
3886995,3
3887004,2
3887020,1
3887045,2
3887070,2
3887079,3
3887095,2
3887104,3
3887120,3
3887145,1
3887170,2
3887195,2
3887220,2
3887245,2
3887270,2
3887295,2
3887320,2
3887345,1
3887370,1
3887395,2
3887420,3
3887445,2
3887470,3
3887495,1
3887520,1
3887545,1
3887570,2
3887579,3
3887595,1
3887604,1
3887620,1
3887645,1
3887670,1
3887679,1
3887695,5
3887704,1
3887720,1
3887745,1
3887770,2
3887779,1
3887795,1
3887804,1
3887820,1
3887845,1
3887854,1
3887870,1
3887879,2
3887895,2
3887920,2
3887945,2
3887954,2
3887970,2
3887979,2
3887995,1
3888020,1
3888045,1
3888070,1
3888079,1
3888095,1
3888104,1
3888120,1
3888145,1
3888154,2
3888170,2
3888179,2
3888195,2
3888204,1
3888220,1
3888246,1
3888270,2
3888279,1
3888295,1
3888303,2
3888320,2
3888345,2
3888370,3
3888379,2
3888395,2
3888404,2
3888420,2
3888445,2
3888470,2
3888495,3
3888612,3
3888620,3
3888662,1
3888670,1
3888687,1
3888695,1
3888704,1
3888712,1
3888720,1
3888737,1
3888745,1
3888753,1
3888762,1
3888770,1
3888779,1
3888795,1
3888804,1
3888820,1
3888845,1
3888870,2
3888878,1
3888887,1
3888895,1
3888904,5
3888912,5
3888987,5
3889012,1
3889037,1
3889053,1
3889062,1
3889087,1
3889162,5
3889178,1
3889203,5
3889320,3
3889370,2
3889395,3
3889403,1
3889412,1
3889420,1
3889445,1
3889453,1
3889558,2
3889583,1
3889608,1
3889700,5
3889733,3
3889808,1
3889883,1
3889908,1
3889933,5
3889958,1
3889984,1
3890058,1
3890083,1
3890108,1
3890158,1
3890208,1
3890233,1
3890283,1
3890308,1
3890458,5
3891584,1
3891609,5
3891659,5
3891676,1
3891685,5
3891693,1
3891718,1
3891734,5
3891784,5
3891809,5
3891885,5
3891984,5
3892009,5
3892059,5
3892084,5
3892109,5
3892134,5
3892159,5
3892184,5
3892209,5
3892234,5
3892359,5
3892384,5
3892409,5
3892434,5
3892459,5
3892484,5
3892509,5
3892534,5
3892559,5
3892584,5
3892609,5
3892634,5
3892684,5
3892709,5
3892734,5
3892830,5
3892872,1
3892905,2
3892955,2
3892980,1
3892997,1
3893005,2
3893055,1
3893080,1
3893105,1
3893130,2
3893155,5
3893205,1
3893230,5
3893255,1
3893280,1
3893305,1
3893330,5
3893355,1
3893380,1
3893455,1
3893480,5
3893505,1
3893555,5
3893580,1
3893605,5
3893655,1
3893680,1
3893755,5
3893855,5
3893880,5
3893905,5
3893955,5
3893980,1
3894005,5
3894030,5
3894055,5
3894080,1
3894180,1
3894205,1
3894255,1
3894280,5
3894288,1
3894305,1
3894330,5
3894355,5
3894380,5
3894405,5
3894455,1
3894480,5
3894505,1
3894555,1
3894580,1
3894730,5
3894755,5
3894780,5
3894805,5
3894855,5
3894880,5
3894905,5
3895055,1
3895155,5
3895205,5
3895230,5
3895255,5
3895280,5
3895338,1
3895455,5
3895480,5
3895505,5
3895530,5
3895555,5
3895668,5
3895718,5
3895743,5
3895768,5
3895793,5
3895818,5
3895843,5
3895868,5
3895893,5
3895918,5
3896043,5
3896068,5
3896093,5
3896118,5
3896193,5
3896243,5
3896268,5
3896293,5
3896318,5
3896343,5
3896939,5
3897014,5
3897089,5
3897664,4
3897860,5
3898102,5
3898160,5
3898185,5
3898210,5
3898335,5
3898385,5
3898410,5
3898435,5
3898443,5
3898510,5
3898535,5
3898560,5
3898585,5
3898610,5
3898635,5
3898660,5
3898685,5
3898710,5
3898785,5
3898881,5
3898906,5
3898931,5
3898956,5
3898981,5
3899006,5
3899031,5
3899056,5
3899131,5
3899156,5
3899206,5
3899231,5
3899256,5
3899281,5
3899306,5
3899381,5
3899506,5
3899606,5
3899656,5
3899681,5
3899731,5
3899756,1
3899806,5
3899831,1
3899856,1
3899952,2
3899977,2
3900002,1
3900027,1
3900052,1
3900077,3
3900102,5
3900127,1
3900177,1
3900202,1
3900277,1
3900302,5
3900327,1
3900352,1
3900377,1
3900402,1
3900452,1
3900527,1
3900552,2
3900577,2
3900602,2
3900627,2
3900652,2
3900677,2
3900702,2
3900727,2
3900752,2
3900777,2
3900802,2
3900827,1
3900852,2
3900877,2
3900902,1
3901023,2
3901048,2
3901065,5
3901073,1
3901081,2
3901123,1
3901148,1
3901173,1
3901198,1
3901215,1
3901223,1
3901248,1
3901265,1
3901273,1
3901281,1
3901290,1
3901298,1
3901315,1
3901323,1
3901348,1
3901398,1
3902496,4
3902546,4
3902596,4
3909555,1
3909671,4
3909705,5
3909805,5
3910401,5
3910726,3
3910867,5
3912768,5
3912802,5
3912852,5
3912868,4
3912902,5
3912952,5
3913102,5
3914644,5
3914710,5
3914735,0
3914760,5
3914785,5
3914810,5
3914835,5
3914860,1
3914885,1
3914910,1
3915185,5
3915582,3
3915598,4
3915623,4
3915631,4
3915648,4
3915673,4
3915698,4
3915723,4
3915748,4
3916090,3
3919499,4
3919524,4
3919558,4
3919574,3
3919608,3
3919633,4
3919649,4
3919683,4
3919699,4
3919724,4
3919749,4
3919774,3
3919799,4
3919824,4
3920595,4
3920620,4
3920670,4
3920696,4
3920720,4
3920795,4
3920820,4
3920870,4
3920912,4
3920920,4
3921045,4
3921070,1
3921120,1
3921220,1
3921237,3
3921520,1
3921545,1
3921666,1
3921691,1
3921708,4
3921716,4
3921741,4
3921766,2
3921791,1
3921841,1
3921866,1
3921891,1
3921966,1
3921991,1
