0.240,0.145,0.077,0.026,0.494,0.017,0.000
0.229,0.202,0.093,0.082,0.329,0.061,0.004
0.233,0.175,0.100,0.086,0.347,0.054,0.004
0.234,0.184,0.093,0.091,0.336,0.058,0.004
0.247,0.191,0.072,0.102,0.311,0.071,0.006
0.263,0.184,0.058,0.112,0.299,0.077,0.007
0.249,0.194,0.060,0.108,0.300,0.080,0.008
0.240,0.204,0.059,0.107,0.294,0.087,0.009
0.238,0.206,0.058,0.107,0.293,0.088,0.010
0.256,0.192,0.053,0.114,0.291,0.085,0.009
0.260,0.187,0.054,0.114,0.295,0.082,0.008
0.243,0.202,0.056,0.110,0.292,0.088,0.009
0.250,0.194,0.060,0.109,0.301,0.080,0.008
0.270,0.173,0.060,0.111,0.312,0.069,0.005
0.279,0.167,0.058,0.113,0.311,0.067,0.005
0.275,0.165,0.062,0.109,0.321,0.063,0.004
0.277,0.165,0.060,0.111,0.319,0.064,0.004
0.299,0.153,0.051,0.119,0.310,0.064,0.004
0.300,0.150,0.050,0.119,0.314,0.063,0.004
0.297,0.152,0.051,0.118,0.315,0.063,0.004
0.294,0.154,0.052,0.118,0.315,0.063,0.004
0.297,0.154,0.049,0.120,0.310,0.065,0.004
0.301,0.151,0.046,0.123,0.310,0.065,0.004
0.323,0.140,0.039,0.131,0.296,0.066,0.004
0.307,0.148,0.042,0.127,0.304,0.067,0.004
0.307,0.152,0.040,0.130,0.294,0.071,0.005
0.302,0.153,0.043,0.127,0.301,0.069,0.005
0.303,0.152,0.039,0.131,0.297,0.072,0.005
0.309,0.149,0.026,0.155,0.261,0.091,0.008
0.302,0.145,0.019,0.176,0.236,0.110,0.011
0.323,0.125,0.014,0.201,0.221,0.107,0.010
0.300,0.096,0.007,0.286,0.165,0.135,0.011
0.256,0.078,0.004,0.364,0.128,0.158,0.012
0.221,0.068,0.003,0.411,0.108,0.177,0.013
0.199,0.060,0.002,0.451,0.094,0.183,0.012
0.175,0.055,0.002,0.480,0.085,0.192,0.011
0.230,0.053,0.002,0.463,0.097,0.147,0.007
0.291,0.050,0.002,0.429,0.109,0.113,0.005
0.250,0.051,0.002,0.455,0.104,0.132,0.005
0.297,0.050,0.002,0.427,0.111,0.109,0.004
0.258,0.052,0.002,0.444,0.106,0.131,0.006
0.255,0.053,0.002,0.444,0.105,0.134,0.006
0.236,0.052,0.002,0.461,0.100,0.142,0.006
0.258,0.052,0.002,0.446,0.104,0.131,0.006
0.239,0.055,0.002,0.447,0.103,0.147,0.007
0.233,0.057,0.002,0.445,0.101,0.153,0.009
0.198,0.057,0.002,0.464,0.091,0.178,0.011
0.178,0.056,0.002,0.474,0.086,0.193,0.012
0.197,0.056,0.002,0.466,0.091,0.178,0.011
0.230,0.054,0.002,0.458,0.097,0.151,0.008
0.227,0.049,0.002,0.478,0.093,0.145,0.007
0.203,0.044,0.001,0.511,0.082,0.152,0.006
0.156,0.033,0.001,0.597,0.062,0.147,0.005
0.098,0.024,0.001,0.664,0.044,0.164,0.004
0.113,0.024,0.001,0.664,0.045,0.149,0.004
0.112,0.025,0.001,0.657,0.046,0.155,0.004
0.110,0.025,0.001,0.653,0.046,0.160,0.005
0.097,0.025,0.001,0.653,0.043,0.176,0.006
0.073,0.025,0.001,0.648,0.037,0.209,0.008
0.035,0.019,0.000,0.630,0.025,0.279,0.011
0.076,0.025,0.001,0.652,0.037,0.202,0.007
0.097,0.025,0.001,0.661,0.042,0.170,0.005
0.110,0.025,0.001,0.654,0.045,0.160,0.005
0.104,0.024,0.001,0.660,0.044,0.161,0.004
0.099,0.024,0.001,0.668,0.043,0.162,0.004
0.111,0.025,0.001,0.659,0.045,0.155,0.004
0.112,0.024,0.001,0.660,0.046,0.153,0.004
0.106,0.024,0.001,0.668,0.044,0.155,0.004
0.102,0.023,0.001,0.671,0.043,0.157,0.004
0.107,0.024,0.001,0.667,0.044,0.154,0.004
0.101,0.024,0.001,0.667,0.043,0.160,0.004
0.101,0.024,0.001,0.665,0.043,0.162,0.004
0.119,0.024,0.001,0.660,0.047,0.146,0.004
0.111,0.024,0.001,0.662,0.045,0.153,0.004
0.081,0.021,0.001,0.691,0.038,0.165,0.004
0.102,0.023,0.001,0.670,0.042,0.159,0.004
0.092,0.021,0.001,0.688,0.039,0.156,0.004
0.076,0.018,0.000,0.718,0.034,0.151,0.003
0.096,0.018,0.000,0.714,0.037,0.131,0.002
0.097,0.018,0.000,0.715,0.038,0.129,0.002
0.117,0.020,0.001,0.694,0.042,0.124,0.002
0.092,0.019,0.001,0.713,0.038,0.135,0.002
0.124,0.023,0.001,0.678,0.052,0.120,0.002
0.387,0.049,0.002,0.346,0.131,0.082,0.003
0.362,0.063,0.004,0.324,0.149,0.094,0.004
0.285,0.080,0.004,0.335,0.143,0.142,0.010
0.272,0.086,0.005,0.328,0.143,0.155,0.012
0.302,0.078,0.005,0.331,0.146,0.129,0.009
0.316,0.084,0.005,0.305,0.157,0.124,0.009
0.291,0.089,0.005,0.310,0.152,0.142,0.011
0.257,0.091,0.005,0.325,0.141,0.166,0.015
0.265,0.097,0.005,0.304,0.148,0.164,0.016
0.258,0.102,0.006,0.297,0.148,0.171,0.019
0.234,0.108,0.006,0.292,0.144,0.193,0.023
0.264,0.110,0.006,0.274,0.158,0.167,0.020
0.239,0.111,0.006,0.284,0.148,0.189,0.024
0.223,0.111,0.006,0.290,0.141,0.203,0.026
0.254,0.108,0.006,0.286,0.152,0.173,0.020
0.281,0.116,0.008,0.253,0.174,0.151,0.017
0.272,0.126,0.009,0.237,0.181,0.157,0.018
0.281,0.131,0.011,0.222,0.192,0.146,0.018
0.278,0.136,0.011,0.214,0.196,0.146,0.018
0.275,0.138,0.011,0.213,0.195,0.149,0.019
0.258,0.142,0.011,0.215,0.187,0.164,0.023
0.243,0.146,0.010,0.214,0.180,0.178,0.029
0.216,0.148,0.009,0.219,0.164,0.207,0.038
0.210,0.155,0.009,0.207,0.163,0.210,0.046
0.157,0.177,0.009,0.175,0.144,0.264,0.075
0.157,0.179,0.009,0.172,0.146,0.263,0.075
0.213,0.165,0.011,0.190,0.174,0.201,0.046
0.222,0.162,0.012,0.194,0.179,0.192,0.039
0.193,0.176,0.012,0.182,0.173,0.219,0.045
0.215,0.207,0.026,0.138,0.223,0.159,0.032
0.174,0.266,0.055,0.089,0.263,0.127,0.026
0.147,0.295,0.063,0.074,0.252,0.137,0.031
0.150,0.291,0.062,0.076,0.253,0.136,0.032
0.176,0.263,0.053,0.091,0.253,0.136,0.029
0.177,0.261,0.049,0.093,0.251,0.139,0.029
0.185,0.254,0.049,0.096,0.256,0.134,0.026
0.208,0.233,0.049,0.105,0.266,0.119,0.020
0.207,0.235,0.051,0.103,0.267,0.118,0.019
0.199,0.242,0.061,0.095,0.279,0.107,0.017
0.196,0.245,0.063,0.093,0.279,0.108,0.017
0.207,0.235,0.058,0.099,0.274,0.110,0.018
0.173,0.268,0.057,0.087,0.260,0.130,0.025
0.169,0.272,0.056,0.086,0.257,0.134,0.027
0.198,0.243,0.052,0.099,0.263,0.123,0.022
0.189,0.252,0.056,0.094,0.266,0.122,0.022
0.186,0.255,0.057,0.092,0.266,0.121,0.022
0.187,0.254,0.056,0.093,0.266,0.123,0.022
0.193,0.246,0.049,0.100,0.258,0.130,0.024
0.198,0.241,0.046,0.103,0.258,0.130,0.023
0.220,0.223,0.050,0.108,0.269,0.112,0.018
0.184,0.258,0.061,0.089,0.273,0.116,0.019
0.189,0.252,0.060,0.092,0.273,0.115,0.019
0.215,0.227,0.055,0.103,0.273,0.109,0.017
0.199,0.243,0.060,0.095,0.276,0.110,0.017
0.192,0.249,0.064,0.091,0.276,0.110,0.017
0.198,0.242,0.069,0.091,0.278,0.105,0.016
0.184,0.247,0.098,0.078,0.295,0.085,0.011
0.152,0.263,0.144,0.061,0.300,0.072,0.009
0.138,0.256,0.181,0.054,0.304,0.060,0.007
0.140,0.262,0.178,0.054,0.293,0.065,0.008
0.139,0.237,0.208,0.052,0.308,0.051,0.005
0.133,0.234,0.228,0.047,0.305,0.049,0.005
0.084,0.296,0.267,0.032,0.259,0.055,0.007
0.094,0.265,0.280,0.035,0.272,0.048,0.006
0.108,0.252,0.267,0.038,0.281,0.048,0.006
0.092,0.274,0.277,0.034,0.268,0.050,0.006
0.097,0.274,0.259,0.037,0.274,0.052,0.007
0.117,0.276,0.213,0.044,0.280,0.062,0.008
0.120,0.277,0.203,0.046,0.282,0.064,0.009
0.108,0.289,0.214,0.041,0.275,0.064,0.009
0.102,0.284,0.233,0.040,0.278,0.057,0.007
0.144,0.228,0.208,0.052,0.314,0.049,0.005
0.162,0.224,0.184,0.059,0.313,0.053,0.005
0.155,0.222,0.199,0.054,0.314,0.051,0.005
0.086,0.289,0.267,0.033,0.265,0.053,0.006
0.091,0.271,0.282,0.033,0.268,0.049,0.006
0.103,0.256,0.275,0.036,0.277,0.048,0.006
0.088,0.273,0.286,0.033,0.265,0.049,0.006
0.076,0.307,0.273,0.029,0.249,0.058,0.009
0.085,0.309,0.244,0.032,0.254,0.065,0.011
0.095,0.297,0.233,0.037,0.267,0.062,0.010
0.106,0.296,0.203,0.042,0.277,0.066,0.010
0.144,0.278,0.141,0.058,0.286,0.081,0.012
0.161,0.269,0.107,0.070,0.290,0.089,0.013
0.198,0.243,0.070,0.091,0.277,0.105,0.016
0.198,0.243,0.065,0.093,0.281,0.104,0.016
0.210,0.233,0.054,0.102,0.272,0.112,0.017
0.210,0.231,0.048,0.106,0.266,0.120,0.019
0.214,0.226,0.041,0.113,0.257,0.127,0.022
0.208,0.230,0.039,0.113,0.251,0.136,0.024
0.214,0.225,0.039,0.115,0.254,0.132,0.022
0.234,0.210,0.043,0.117,0.268,0.112,0.016
0.231,0.213,0.051,0.110,0.282,0.100,0.013
0.240,0.205,0.052,0.111,0.285,0.095,0.011
0.240,0.205,0.053,0.111,0.287,0.094,0.011
0.229,0.215,0.051,0.110,0.281,0.101,0.013
0.228,0.214,0.040,0.119,0.261,0.121,0.017
0.251,0.195,0.038,0.127,0.266,0.108,0.014
0.256,0.192,0.040,0.126,0.273,0.101,0.012
0.254,0.194,0.040,0.125,0.273,0.103,0.012
0.264,0.185,0.043,0.124,0.284,0.091,0.010
0.274,0.178,0.039,0.130,0.277,0.092,0.010
0.257,0.190,0.036,0.131,0.267,0.107,0.012
0.263,0.185,0.034,0.134,0.268,0.105,0.011
0.314,0.149,0.031,0.145,0.274,0.082,0.007
0.347,0.129,0.032,0.139,0.285,0.065,0.004
0.441,0.032,0.058,0.025,0.400,0.041,0.003
0.212,0.215,0.109,0.074,0.319,0.065,0.006
0.095,0.257,0.292,0.027,0.285,0.040,0.004
0.006,0.157,0.741,0.002,0.088,0.006,0.000
0.002,0.104,0.850,0.001,0.041,0.002,0.000
0.008,0.010,0.798,0.001,0.182,0.002,0.000
0.002,0.070,0.879,0.001,0.047,0.001,0.000
0.002,0.059,0.899,0.000,0.040,0.001,0.000
0.001,0.045,0.924,0.000,0.029,0.001,0.000
0.001,0.042,0.932,0.000,0.025,0.000,0.000
0.001,0.041,0.932,0.000,0.025,0.000,0.000
0.001,0.047,0.928,0.000,0.024,0.001,0.000
0.001,0.052,0.912,0.000,0.033,0.001,0.000
0.002,0.055,0.900,0.000,0.042,0.001,0.000
0.006,0.004,0.834,0.000,0.155,0.001,0.000
0.002,0.052,0.889,0.001,0.055,0.001,0.000
0.001,0.043,0.926,0.000,0.029,0.001,0.000
0.001,0.049,0.910,0.000,0.039,0.001,0.000
0.001,0.050,0.912,0.000,0.036,0.001,0.000
0.001,0.046,0.919,0.000,0.032,0.001,0.000
0.000,0.032,0.955,0.000,0.013,0.000,0.000
0.000,0.029,0.952,0.000,0.018,0.000,0.000
0.000,0.029,0.954,0.000,0.017,0.000,0.000
0.000,0.028,0.955,0.000,0.017,0.000,0.000
0.000,0.026,0.958,0.000,0.016,0.000,0.000
0.000,0.026,0.957,0.000,0.016,0.000,0.000
0.000,0.026,0.956,0.000,0.017,0.000,0.000
0.000,0.028,0.953,0.000,0.019,0.000,0.000
0.000,0.028,0.952,0.000,0.020,0.000,0.000
0.000,0.029,0.949,0.000,0.021,0.000,0.000
0.000,0.029,0.950,0.000,0.020,0.000,0.000
0.000,0.029,0.950,0.000,0.020,0.000,0.000
0.000,0.030,0.951,0.000,0.018,0.000,0.000
0.000,0.030,0.952,0.000,0.018,0.000,0.000
0.000,0.027,0.955,0.000,0.017,0.000,0.000
0.000,0.027,0.954,0.000,0.018,0.000,0.000
0.000,0.022,0.964,0.000,0.014,0.000,0.000
0.000,0.025,0.956,0.000,0.018,0.000,0.000
0.000,0.022,0.965,0.000,0.012,0.000,0.000
0.000,0.022,0.966,0.000,0.012,0.000,0.000
0.000,0.021,0.965,0.000,0.014,0.000,0.000
0.000,0.021,0.964,0.000,0.014,0.000,0.000
0.000,0.023,0.965,0.000,0.012,0.000,0.000
0.000,0.023,0.966,0.000,0.011,0.000,0.000
0.000,0.022,0.967,0.000,0.011,0.000,0.000
0.000,0.023,0.965,0.000,0.011,0.000,0.000
0.000,0.025,0.960,0.000,0.015,0.000,0.000
0.000,0.023,0.966,0.000,0.011,0.000,0.000
0.000,0.030,0.955,0.000,0.015,0.000,0.000
0.002,0.067,0.881,0.001,0.048,0.001,0.000
0.012,0.154,0.696,0.004,0.126,0.007,0.001
0.087,0.256,0.319,0.026,0.269,0.039,0.005
0.156,0.257,0.153,0.059,0.296,0.071,0.009
0.195,0.241,0.088,0.084,0.289,0.091,0.012
0.207,0.234,0.070,0.094,0.286,0.097,0.013
0.228,0.214,0.065,0.101,0.294,0.088,0.011
0.216,0.227,0.062,0.100,0.283,0.100,0.013
0.217,0.220,0.071,0.096,0.300,0.086,0.011
0.181,0.260,0.059,0.090,0.266,0.122,0.023
0.157,0.276,0.044,0.088,0.232,0.163,0.040
0.162,0.271,0.041,0.092,0.233,0.163,0.039
0.212,0.229,0.046,0.108,0.264,0.120,0.021
0.218,0.224,0.046,0.110,0.265,0.118,0.019
0.215,0.228,0.049,0.107,0.270,0.115,0.018
0.214,0.229,0.053,0.104,0.274,0.110,0.016
0.213,0.229,0.058,0.101,0.281,0.103,0.014
0.217,0.226,0.059,0.101,0.283,0.100,0.013
0.221,0.222,0.058,0.103,0.284,0.099,0.013
0.227,0.217,0.054,0.107,0.279,0.102,0.013
0.230,0.213,0.057,0.106,0.288,0.095,0.012
0.233,0.211,0.055,0.108,0.288,0.094,0.011
0.243,0.203,0.049,0.114,0.283,0.097,0.011
0.266,0.185,0.043,0.124,0.280,0.092,0.010
0.253,0.195,0.042,0.122,0.277,0.099,0.011
0.253,0.194,0.039,0.126,0.270,0.105,0.013
0.251,0.196,0.039,0.125,0.270,0.106,0.013
0.239,0.205,0.037,0.124,0.262,0.117,0.016
0.229,0.213,0.037,0.121,0.261,0.122,0.017
0.252,0.196,0.035,0.123,0.270,0.111,0.013
0.447,0.042,0.039,0.037,0.374,0.057,0.005
0.264,0.187,0.037,0.123,0.279,0.099,0.010
0.239,0.204,0.036,0.125,0.263,0.117,0.015
0.263,0.185,0.035,0.133,0.268,0.104,0.012
0.280,0.172,0.033,0.139,0.267,0.098,0.010
0.278,0.174,0.034,0.137,0.269,0.097,0.010
0.261,0.187,0.035,0.133,0.266,0.107,0.013
0.254,0.192,0.036,0.131,0.264,0.109,0.014
0.241,0.202,0.036,0.126,0.260,0.117,0.017
0.218,0.221,0.037,0.118,0.254,0.130,0.021
0.211,0.225,0.037,0.117,0.249,0.137,0.024
0.212,0.227,0.041,0.113,0.256,0.129,0.022
0.213,0.228,0.051,0.106,0.266,0.117,0.019
0.171,0.267,0.082,0.079,0.268,0.113,0.019
0.122,0.269,0.212,0.041,0.290,0.058,0.008
0.025,0.225,0.551,0.008,0.172,0.017,0.002
0.004,0.110,0.809,0.001,0.072,0.003,0.000
0.000,0.040,0.939,0.000,0.020,0.000,0.000
0.000,0.026,0.963,0.000,0.011,0.000,0.000
0.000,0.021,0.971,0.000,0.007,0.000,0.000
0.000,0.021,0.974,0.000,0.005,0.000,0.000
0.000,0.021,0.974,0.000,0.005,0.000,0.000
0.000,0.022,0.971,0.000,0.006,0.000,0.000
0.000,0.022,0.971,0.000,0.007,0.000,0.000
0.000,0.023,0.970,0.000,0.007,0.000,0.000
0.000,0.022,0.970,0.000,0.008,0.000,0.000
0.000,0.024,0.967,0.000,0.009,0.000,0.000
0.000,0.023,0.968,0.000,0.009,0.000,0.000
0.000,0.024,0.966,0.000,0.009,0.000,0.000
0.000,0.026,0.963,0.000,0.011,0.000,0.000
0.000,0.026,0.963,0.000,0.011,0.000,0.000
0.000,0.026,0.962,0.000,0.011,0.000,0.000
0.000,0.028,0.962,0.000,0.010,0.000,0.000
0.000,0.028,0.961,0.000,0.011,0.000,0.000
0.000,0.031,0.953,0.000,0.016,0.000,0.000
0.000,0.028,0.959,0.000,0.012,0.000,0.000
0.000,0.027,0.961,0.000,0.012,0.000,0.000
0.000,0.028,0.956,0.000,0.016,0.000,0.000
0.000,0.027,0.960,0.000,0.012,0.000,0.000
0.000,0.027,0.962,0.000,0.011,0.000,0.000
0.000,0.026,0.962,0.000,0.011,0.000,0.000
0.000,0.029,0.959,0.000,0.012,0.000,0.000
0.000,0.041,0.940,0.000,0.019,0.000,0.000
0.000,0.040,0.942,0.000,0.017,0.000,0.000
0.000,0.042,0.940,0.000,0.017,0.000,0.000
0.001,0.051,0.922,0.000,0.026,0.001,0.000
0.001,0.053,0.918,0.000,0.027,0.001,0.000
0.001,0.056,0.913,0.000,0.029,0.001,0.000
0.001,0.049,0.927,0.000,0.023,0.001,0.000
0.001,0.055,0.915,0.000,0.028,0.001,0.000
0.001,0.053,0.923,0.000,0.023,0.001,0.000
0.001,0.055,0.915,0.000,0.028,0.001,0.000
0.001,0.048,0.928,0.000,0.022,0.001,0.000
0.001,0.049,0.928,0.000,0.022,0.001,0.000
0.001,0.053,0.917,0.000,0.028,0.001,0.000
0.001,0.048,0.928,0.000,0.023,0.001,0.000
0.000,0.048,0.930,0.000,0.021,0.001,0.000
0.001,0.052,0.918,0.000,0.028,0.001,0.000
0.000,0.058,0.921,0.000,0.020,0.001,0.000
0.001,0.050,0.922,0.000,0.027,0.001,0.000
0.000,0.051,0.927,0.000,0.021,0.001,0.000
0.000,0.050,0.929,0.000,0.020,0.001,0.000
0.000,0.049,0.930,0.000,0.019,0.001,0.000
0.001,0.051,0.923,0.000,0.024,0.001,0.000
0.000,0.050,0.930,0.000,0.019,0.001,0.000
0.000,0.049,0.930,0.000,0.020,0.001,0.000
0.001,0.054,0.923,0.000,0.022,0.001,0.000
0.000,0.052,0.927,0.000,0.019,0.001,0.000
0.001,0.055,0.922,0.000,0.022,0.001,0.000
0.001,0.050,0.926,0.000,0.023,0.001,0.000
0.001,0.049,0.927,0.000,0.023,0.001,0.000
0.000,0.050,0.928,0.000,0.021,0.001,0.000
0.000,0.061,0.917,0.000,0.021,0.001,0.000
0.001,0.062,0.915,0.000,0.022,0.001,0.000
0.001,0.058,0.919,0.000,0.022,0.001,0.000
0.001,0.056,0.921,0.000,0.022,0.001,0.000
0.000,0.055,0.922,0.000,0.021,0.001,0.000
0.000,0.058,0.920,0.000,0.021,0.001,0.000
0.001,0.058,0.915,0.000,0.025,0.001,0.000
0.000,0.057,0.921,0.000,0.021,0.001,0.000
0.001,0.058,0.918,0.000,0.022,0.001,0.000
0.001,0.056,0.921,0.000,0.022,0.001,0.000
0.001,0.055,0.914,0.000,0.029,0.001,0.000
0.000,0.054,0.925,0.000,0.020,0.001,0.000
0.000,0.051,0.926,0.000,0.021,0.001,0.000
0.001,0.053,0.922,0.000,0.024,0.001,0.000
0.000,0.050,0.929,0.000,0.020,0.001,0.000
0.000,0.051,0.928,0.000,0.020,0.001,0.000
0.000,0.051,0.928,0.000,0.020,0.001,0.000
0.000,0.050,0.929,0.000,0.020,0.001,0.000
0.000,0.047,0.933,0.000,0.019,0.000,0.000
0.000,0.047,0.933,0.000,0.019,0.000,0.000
0.000,0.048,0.932,0.000,0.019,0.000,0.000
0.000,0.047,0.931,0.000,0.021,0.000,0.000
0.000,0.047,0.931,0.000,0.021,0.000,0.000
0.000,0.049,0.931,0.000,0.019,0.001,0.000
0.000,0.049,0.932,0.000,0.018,0.000,0.000
0.001,0.045,0.931,0.000,0.022,0.000,0.000
0.000,0.046,0.933,0.000,0.020,0.000,0.000
0.001,0.049,0.928,0.000,0.022,0.001,0.000
0.000,0.049,0.928,0.000,0.022,0.001,0.000
0.001,0.050,0.927,0.000,0.022,0.001,0.000
0.000,0.046,0.935,0.000,0.018,0.000,0.000
0.000,0.037,0.950,0.000,0.013,0.000,0.000
0.000,0.017,0.979,0.000,0.004,0.000,0.000
0.000,0.019,0.975,0.000,0.007,0.000,0.000
0.000,0.018,0.976,0.000,0.006,0.000,0.000
0.000,0.019,0.976,0.000,0.005,0.000,0.000
0.000,0.016,0.980,0.000,0.004,0.000,0.000
0.000,0.016,0.978,0.000,0.006,0.000,0.000
0.000,0.015,0.981,0.000,0.004,0.000,0.000
0.000,0.016,0.980,0.000,0.004,0.000,0.000
0.000,0.015,0.981,0.000,0.004,0.000,0.000
0.000,0.015,0.981,0.000,0.004,0.000,0.000
0.000,0.015,0.981,0.000,0.003,0.000,0.000
0.000,0.015,0.981,0.000,0.004,0.000,0.000
0.000,0.017,0.979,0.000,0.004,0.000,0.000
0.000,0.019,0.974,0.000,0.007,0.000,0.000
0.000,0.018,0.976,0.000,0.006,0.000,0.000
0.000,0.016,0.980,0.000,0.004,0.000,0.000
0.000,0.016,0.980,0.000,0.004,0.000,0.000
0.000,0.016,0.980,0.000,0.004,0.000,0.000
0.000,0.016,0.980,0.000,0.004,0.000,0.000
0.000,0.016,0.979,0.000,0.004,0.000,0.000
0.000,0.016,0.980,0.000,0.004,0.000,0.000
0.000,0.016,0.980,0.000,0.004,0.000,0.000
0.000,0.024,0.970,0.000,0.006,0.000,0.000
0.001,0.080,0.886,0.000,0.032,0.001,0.000
0.032,0.238,0.506,0.009,0.193,0.020,0.003
0.113,0.304,0.182,0.041,0.268,0.079,0.014
0.161,0.275,0.098,0.070,0.272,0.104,0.019
0.159,0.281,0.082,0.074,0.271,0.113,0.021
0.170,0.271,0.069,0.081,0.272,0.116,0.021
0.220,0.223,0.049,0.109,0.267,0.115,0.018
0.217,0.224,0.042,0.113,0.260,0.124,0.021
0.203,0.233,0.039,0.111,0.250,0.137,0.027
0.171,0.257,0.035,0.101,0.229,0.167,0.041
0.164,0.259,0.031,0.101,0.219,0.180,0.046
0.203,0.227,0.029,0.119,0.239,0.156,0.027
0.336,0.114,0.029,0.126,0.323,0.067,0.004
0.429,0.075,0.011,0.170,0.249,0.063,0.003
0.293,0.051,0.003,0.427,0.124,0.099,0.003
0.461,0.033,0.002,0.328,0.119,0.055,0.001
0.416,0.035,0.002,0.369,0.119,0.058,0.001
0.406,0.037,0.002,0.372,0.122,0.061,0.001
0.455,0.036,0.002,0.322,0.128,0.056,0.001
0.366,0.040,0.002,0.399,0.119,0.073,0.002
0.357,0.041,0.002,0.403,0.119,0.076,0.002
0.426,0.039,0.002,0.343,0.128,0.061,0.001
0.435,0.038,0.002,0.335,0.130,0.058,0.001
0.435,0.037,0.002,0.338,0.129,0.058,0.001
0.442,0.033,0.002,0.348,0.119,0.055,0.001
0.343,0.036,0.002,0.437,0.108,0.074,0.001
0.348,0.030,0.001,0.456,0.099,0.064,0.001
0.442,0.027,0.001,0.377,0.101,0.052,0.001
0.347,0.029,0.001,0.464,0.096,0.062,0.001
0.352,0.028,0.001,0.460,0.096,0.061,0.001
0.419,0.027,0.001,0.401,0.098,0.053,0.001
0.342,0.028,0.001,0.472,0.094,0.062,0.001
0.339,0.028,0.001,0.477,0.093,0.062,0.001
0.431,0.027,0.001,0.386,0.101,0.053,0.001
0.347,0.028,0.001,0.466,0.095,0.061,0.001
0.360,0.028,0.001,0.454,0.096,0.060,0.001
0.421,0.026,0.001,0.399,0.097,0.055,0.001
0.254,0.028,0.001,0.555,0.078,0.083,0.001
0.184,0.027,0.001,0.612,0.064,0.110,0.002
0.180,0.027,0.001,0.615,0.062,0.111,0.002
0.191,0.029,0.001,0.593,0.066,0.117,0.003
0.193,0.030,0.001,0.590,0.067,0.117,0.003
0.175,0.030,0.001,0.598,0.064,0.128,0.003
0.169,0.030,0.001,0.602,0.063,0.131,0.003
0.180,0.030,0.001,0.599,0.066,0.121,0.003
0.244,0.031,0.001,0.550,0.077,0.096,0.002
0.254,0.031,0.001,0.541,0.079,0.092,0.002
0.234,0.031,0.001,0.556,0.076,0.100,0.002
0.211,0.031,0.001,0.574,0.072,0.109,0.002
0.210,0.031,0.001,0.575,0.073,0.108,0.002
0.245,0.030,0.001,0.551,0.078,0.093,0.002
0.289,0.030,0.001,0.515,0.084,0.079,0.001
0.288,0.030,0.001,0.514,0.086,0.079,0.001
0.282,0.030,0.001,0.519,0.085,0.081,0.001
0.270,0.030,0.001,0.531,0.082,0.084,0.001
0.267,0.029,0.001,0.535,0.081,0.085,0.002
0.241,0.029,0.001,0.560,0.076,0.092,0.002
0.232,0.028,0.001,0.572,0.073,0.092,0.002
0.232,0.028,0.001,0.573,0.073,0.092,0.002
0.235,0.028,0.001,0.568,0.073,0.092,0.002
0.224,0.028,0.001,0.576,0.072,0.097,0.002
0.222,0.028,0.001,0.578,0.071,0.097,0.002
0.221,0.027,0.001,0.584,0.070,0.095,0.002
0.230,0.027,0.001,0.580,0.071,0.090,0.002
0.231,0.027,0.001,0.578,0.071,0.090,0.002
0.229,0.027,0.001,0.578,0.071,0.092,0.002
0.210,0.028,0.001,0.588,0.069,0.101,0.002
0.202,0.028,0.001,0.593,0.068,0.105,0.002
0.235,0.027,0.001,0.573,0.072,0.090,0.002
0.245,0.027,0.001,0.568,0.073,0.085,0.001
0.248,0.027,0.001,0.566,0.074,0.083,0.001
0.256,0.028,0.001,0.553,0.077,0.084,0.001
0.259,0.028,0.001,0.550,0.077,0.083,0.001
0.259,0.028,0.001,0.550,0.077,0.084,0.001
0.237,0.029,0.001,0.566,0.075,0.091,0.002
0.244,0.031,0.001,0.548,0.079,0.095,0.002
0.241,0.040,0.002,0.516,0.086,0.111,0.004
0.193,0.085,0.003,0.368,0.101,0.225,0.026
0.017,0.156,0.002,0.028,0.029,0.344,0.425
0.007,0.120,0.001,0.010,0.015,0.222,0.624
0.010,0.170,0.004,0.011,0.029,0.209,0.566
0.011,0.179,0.005,0.011,0.032,0.208,0.554
0.006,0.188,0.005,0.006,0.025,0.185,0.585
0.005,0.171,0.004,0.005,0.020,0.173,0.623
0.003,0.146,0.002,0.003,0.014,0.160,0.672
0.003,0.144,0.002,0.003,0.012,0.160,0.675
0.009,0.232,0.008,0.007,0.036,0.193,0.515
0.012,0.262,0.012,0.009,0.047,0.200,0.459
0.010,0.250,0.010,0.008,0.041,0.200,0.481
0.010,0.236,0.008,0.008,0.038,0.202,0.498
0.012,0.232,0.009,0.010,0.041,0.206,0.490
0.011,0.228,0.008,0.010,0.040,0.206,0.497
0.011,0.215,0.007,0.010,0.037,0.209,0.510
0.010,0.236,0.009,0.009,0.040,0.201,0.496
0.009,0.229,0.008,0.008,0.036,0.198,0.512
0.009,0.223,0.007,0.008,0.035,0.197,0.521
0.008,0.211,0.007,0.007,0.032,0.195,0.539
0.007,0.202,0.006,0.006,0.028,0.188,0.564
0.007,0.192,0.005,0.006,0.025,0.187,0.578
0.007,0.209,0.006,0.006,0.029,0.189,0.553
0.008,0.212,0.007,0.007,0.032,0.194,0.541
0.008,0.215,0.006,0.007,0.031,0.192,0.542
0.008,0.229,0.007,0.007,0.033,0.197,0.519
0.011,0.273,0.011,0.009,0.044,0.212,0.441
0.030,0.343,0.028,0.020,0.098,0.213,0.268
0.041,0.362,0.036,0.026,0.124,0.209,0.201
0.060,0.330,0.033,0.039,0.140,0.222,0.176
0.066,0.333,0.034,0.042,0.149,0.220,0.156
0.071,0.347,0.046,0.042,0.168,0.195,0.131
0.056,0.346,0.039,0.036,0.143,0.207,0.173
0.020,0.311,0.016,0.015,0.068,0.231,0.340
0.015,0.273,0.012,0.012,0.053,0.220,0.415
0.016,0.270,0.012,0.012,0.053,0.221,0.416
0.020,0.300,0.015,0.015,0.066,0.231,0.352
0.052,0.331,0.032,0.034,0.129,0.218,0.205
0.061,0.338,0.037,0.038,0.147,0.209,0.169
0.051,0.336,0.031,0.033,0.128,0.222,0.199
0.038,0.332,0.025,0.026,0.105,0.228,0.246
0.033,0.330,0.025,0.022,0.098,0.223,0.268
0.029,0.318,0.022,0.020,0.088,0.223,0.301
0.021,0.290,0.015,0.016,0.068,0.227,0.362
0.020,0.277,0.014,0.015,0.062,0.224,0.387
0.020,0.275,0.013,0.016,0.062,0.226,0.388
0.022,0.288,0.015,0.017,0.069,0.230,0.359
0.034,0.311,0.022,0.024,0.095,0.228,0.286
0.039,0.322,0.025,0.027,0.106,0.226,0.256
0.038,0.324,0.024,0.026,0.103,0.232,0.253
0.045,0.332,0.027,0.030,0.116,0.229,0.222
0.056,0.344,0.034,0.036,0.140,0.217,0.174
0.067,0.344,0.036,0.042,0.155,0.214,0.143
0.103,0.298,0.032,0.067,0.177,0.213,0.110
0.116,0.290,0.030,0.076,0.185,0.210,0.094
0.128,0.281,0.028,0.084,0.192,0.208,0.079
0.163,0.243,0.020,0.114,0.203,0.206,0.051
0.311,0.090,0.006,0.291,0.163,0.130,0.010
0.327,0.031,0.002,0.480,0.094,0.066,0.001
0.345,0.024,0.001,0.491,0.084,0.055,0.001
0.345,0.023,0.001,0.493,0.083,0.054,0.001
0.338,0.024,0.001,0.495,0.085,0.056,0.001
0.375,0.026,0.001,0.448,0.093,0.055,0.001
0.404,0.028,0.001,0.409,0.102,0.055,0.001
0.399,0.028,0.001,0.416,0.100,0.056,0.001
0.321,0.024,0.001,0.514,0.082,0.058,0.001
0.291,0.023,0.001,0.544,0.077,0.063,0.001
0.322,0.023,0.001,0.515,0.079,0.059,0.001
0.300,0.024,0.001,0.534,0.078,0.063,0.001
0.303,0.023,0.001,0.533,0.078,0.062,0.001
0.303,0.023,0.001,0.532,0.078,0.062,0.001
0.304,0.024,0.001,0.530,0.079,0.061,0.001
0.338,0.024,0.001,0.496,0.083,0.057,0.001
0.347,0.024,0.001,0.488,0.084,0.056,0.001
0.349,0.023,0.001,0.489,0.083,0.054,0.001
0.345,0.023,0.001,0.492,0.083,0.055,0.001
0.342,0.024,0.001,0.492,0.084,0.057,0.001
0.342,0.025,0.001,0.488,0.086,0.057,0.001
0.372,0.028,0.001,0.445,0.096,0.057,0.001
0.412,0.030,0.001,0.393,0.108,0.055,0.001
0.437,0.034,0.002,0.351,0.121,0.055,0.001
0.449,0.037,0.002,0.322,0.133,0.056,0.001
0.450,0.038,0.002,0.318,0.135,0.056,0.001
0.446,0.039,0.002,0.319,0.136,0.057,0.001
0.432,0.040,0.002,0.331,0.134,0.059,0.001
0.431,0.040,0.002,0.332,0.134,0.060,0.001
0.434,0.040,0.002,0.329,0.135,0.059,0.001
0.468,0.037,0.002,0.303,0.135,0.054,0.001
0.429,0.040,0.002,0.334,0.134,0.060,0.001
0.426,0.040,0.002,0.338,0.132,0.061,0.001
0.433,0.039,0.002,0.335,0.132,0.059,0.001
0.433,0.039,0.002,0.335,0.132,0.059,0.001
0.440,0.039,0.002,0.327,0.134,0.057,0.001
0.486,0.036,0.002,0.287,0.137,0.052,0.001
0.444,0.038,0.002,0.324,0.134,0.056,0.001
0.444,0.038,0.002,0.327,0.132,0.056,0.001
0.455,0.038,0.002,0.315,0.135,0.055,0.001
0.458,0.038,0.002,0.311,0.136,0.054,0.001
0.457,0.039,0.002,0.309,0.138,0.054,0.001
0.486,0.037,0.002,0.283,0.139,0.051,0.001
0.460,0.039,0.002,0.302,0.141,0.054,0.001
0.467,0.043,0.003,0.280,0.151,0.055,0.001
0.464,0.048,0.003,0.262,0.164,0.057,0.002
0.464,0.050,0.004,0.257,0.167,0.057,0.002
0.459,0.051,0.004,0.258,0.168,0.058,0.002
0.456,0.051,0.004,0.260,0.169,0.059,0.002
0.453,0.052,0.004,0.261,0.168,0.060,0.002
0.422,0.057,0.004,0.280,0.167,0.068,0.002
0.467,0.051,0.004,0.250,0.170,0.058,0.002
0.451,0.052,0.004,0.262,0.169,0.060,0.002
0.467,0.051,0.004,0.250,0.170,0.057,0.002
0.431,0.056,0.004,0.273,0.169,0.065,0.002
0.456,0.052,0.004,0.257,0.169,0.060,0.002
0.431,0.056,0.004,0.274,0.168,0.065,0.002
0.451,0.053,0.004,0.260,0.169,0.061,0.002
0.424,0.058,0.004,0.277,0.168,0.068,0.002
0.414,0.059,0.004,0.282,0.167,0.071,0.002
0.426,0.057,0.004,0.276,0.167,0.067,0.002
0.428,0.057,0.004,0.276,0.167,0.067,0.002
0.433,0.056,0.004,0.272,0.168,0.065,0.002
0.428,0.056,0.004,0.277,0.166,0.067,0.002
0.427,0.056,0.004,0.278,0.166,0.067,0.002
0.429,0.055,0.004,0.278,0.165,0.066,0.002
0.432,0.056,0.004,0.274,0.167,0.065,0.002
0.433,0.056,0.004,0.273,0.168,0.065,0.002
0.439,0.054,0.004,0.269,0.168,0.063,0.002
0.440,0.054,0.004,0.269,0.168,0.063,0.002
0.439,0.054,0.004,0.270,0.167,0.063,0.002
0.433,0.055,0.004,0.275,0.166,0.065,0.002
0.436,0.053,0.004,0.277,0.164,0.064,0.002
0.440,0.048,0.003,0.294,0.153,0.062,0.002
0.440,0.046,0.003,0.300,0.148,0.062,0.002
0.390,0.044,0.003,0.360,0.131,0.070,0.002
0.391,0.042,0.002,0.365,0.128,0.069,0.002
0.419,0.040,0.002,0.345,0.131,0.062,0.001
0.451,0.040,0.002,0.310,0.138,0.057,0.001
0.454,0.040,0.002,0.306,0.140,0.056,0.001
0.452,0.041,0.002,0.303,0.143,0.057,0.001
0.450,0.042,0.003,0.304,0.143,0.057,0.001
0.449,0.041,0.002,0.308,0.141,0.057,0.001
0.434,0.043,0.003,0.319,0.140,0.061,0.001
0.431,0.043,0.003,0.321,0.140,0.061,0.001
0.429,0.043,0.003,0.323,0.139,0.062,0.002
0.406,0.045,0.003,0.341,0.137,0.068,0.002
0.404,0.045,0.003,0.342,0.136,0.069,0.002
0.400,0.046,0.003,0.343,0.137,0.070,0.002
0.432,0.043,0.003,0.320,0.139,0.062,0.002
0.435,0.043,0.003,0.317,0.140,0.061,0.001
0.439,0.042,0.002,0.315,0.140,0.060,0.001
0.437,0.042,0.002,0.317,0.140,0.060,0.001
0.430,0.042,0.002,0.325,0.138,0.061,0.001
0.415,0.043,0.002,0.337,0.136,0.065,0.002
0.416,0.043,0.002,0.337,0.136,0.065,0.002
0.419,0.043,0.003,0.332,0.138,0.064,0.002
0.442,0.042,0.002,0.312,0.141,0.059,0.001
0.443,0.042,0.003,0.310,0.142,0.059,0.001
0.441,0.043,0.003,0.309,0.143,0.060,0.001
0.435,0.044,0.003,0.314,0.143,0.061,0.001
0.434,0.043,0.003,0.315,0.142,0.061,0.001
0.443,0.042,0.002,0.312,0.141,0.059,0.001
0.445,0.042,0.002,0.309,0.142,0.058,0.001
0.445,0.042,0.002,0.310,0.141,0.058,0.001
0.436,0.042,0.003,0.318,0.140,0.060,0.001
0.447,0.041,0.002,0.310,0.140,0.058,0.001
0.447,0.042,0.003,0.307,0.142,0.058,0.001
0.442,0.047,0.003,0.295,0.151,0.061,0.002
0.426,0.052,0.004,0.292,0.158,0.066,0.002
0.425,0.053,0.004,0.290,0.159,0.067,0.002
0.430,0.052,0.004,0.287,0.159,0.065,0.002
0.433,0.052,0.004,0.284,0.161,0.064,0.002
0.435,0.054,0.004,0.277,0.164,0.064,0.002
0.431,0.054,0.004,0.281,0.163,0.065,0.002
0.432,0.054,0.004,0.280,0.163,0.065,0.002
0.431,0.054,0.004,0.281,0.163,0.065,0.002
0.427,0.053,0.004,0.288,0.160,0.066,0.002
0.428,0.053,0.004,0.289,0.159,0.066,0.002
0.431,0.052,0.004,0.289,0.158,0.065,0.002
0.434,0.052,0.004,0.284,0.160,0.064,0.002
0.434,0.052,0.004,0.283,0.161,0.064,0.002
0.440,0.052,0.004,0.277,0.163,0.063,0.002
0.447,0.051,0.004,0.273,0.163,0.061,0.002
0.447,0.051,0.004,0.273,0.163,0.061,0.002
0.436,0.052,0.004,0.283,0.161,0.063,0.002
0.434,0.052,0.004,0.284,0.160,0.064,0.002
0.441,0.051,0.004,0.279,0.161,0.062,0.002
0.428,0.053,0.004,0.287,0.160,0.066,0.002
0.426,0.053,0.004,0.289,0.160,0.067,0.002
0.418,0.054,0.004,0.294,0.159,0.069,0.002
0.420,0.054,0.004,0.292,0.159,0.068,0.002
0.421,0.055,0.004,0.289,0.161,0.068,0.002
0.433,0.058,0.004,0.265,0.172,0.065,0.002
0.435,0.061,0.005,0.249,0.182,0.065,0.002
0.434,0.063,0.005,0.246,0.184,0.065,0.002
0.427,0.065,0.006,0.248,0.185,0.067,0.002
0.436,0.063,0.006,0.243,0.186,0.064,0.002
0.437,0.063,0.005,0.243,0.186,0.064,0.002
0.442,0.061,0.005,0.241,0.186,0.063,0.002
0.438,0.061,0.005,0.246,0.184,0.063,0.002
0.438,0.061,0.005,0.247,0.183,0.064,0.002
0.438,0.061,0.005,0.247,0.183,0.064,0.002
0.432,0.062,0.005,0.250,0.183,0.065,0.002
0.431,0.063,0.005,0.250,0.182,0.066,0.002
0.420,0.065,0.005,0.255,0.183,0.069,0.003
0.473,0.056,0.005,0.220,0.189,0.056,0.002
0.530,0.046,0.004,0.172,0.194,0.052,0.001
0.512,0.052,0.005,0.180,0.198,0.053,0.002
0.432,0.088,0.013,0.163,0.233,0.068,0.003
0.090,0.366,0.108,0.042,0.262,0.113,0.020
0.055,0.409,0.161,0.024,0.211,0.106,0.034
0.047,0.426,0.154,0.020,0.188,0.119,0.047
0.054,0.395,0.186,0.023,0.207,0.101,0.034
0.053,0.374,0.238,0.021,0.214,0.079,0.022
0.052,0.366,0.257,0.020,0.213,0.074,0.019
0.049,0.374,0.253,0.019,0.208,0.076,0.021
0.049,0.378,0.246,0.019,0.207,0.079,0.022
0.051,0.379,0.237,0.020,0.209,0.081,0.023
0.051,0.390,0.208,0.022,0.208,0.090,0.031
0.035,0.455,0.135,0.015,0.159,0.135,0.067
0.041,0.427,0.169,0.018,0.184,0.111,0.050
0.035,0.444,0.164,0.015,0.172,0.116,0.054
0.038,0.436,0.167,0.016,0.178,0.113,0.051
0.042,0.431,0.165,0.018,0.185,0.112,0.046
0.054,0.416,0.153,0.023,0.207,0.113,0.035
0.154,0.267,0.131,0.062,0.294,0.081,0.013
0.180,0.245,0.113,0.073,0.299,0.079,0.010
0.164,0.264,0.112,0.069,0.293,0.085,0.012
0.153,0.281,0.106,0.067,0.283,0.095,0.015
0.154,0.286,0.089,0.070,0.270,0.111,0.020
0.162,0.274,0.095,0.072,0.282,0.099,0.016
0.167,0.267,0.100,0.072,0.287,0.093,0.014
0.168,0.265,0.102,0.072,0.289,0.091,0.013
0.175,0.254,0.106,0.074,0.296,0.083,0.011
0.175,0.255,0.105,0.074,0.296,0.084,0.011
0.179,0.251,0.102,0.076,0.298,0.083,0.011
0.202,0.227,0.097,0.083,0.307,0.076,0.008
0.201,0.230,0.094,0.084,0.304,0.079,0.009
0.192,0.240,0.093,0.082,0.299,0.084,0.010
0.184,0.250,0.092,0.080,0.293,0.089,0.012
0.182,0.252,0.093,0.079,0.293,0.089,0.012
0.182,0.250,0.098,0.078,0.295,0.086,0.011
0.181,0.248,0.104,0.076,0.299,0.081,0.010
0.186,0.240,0.108,0.077,0.305,0.076,0.009
0.189,0.237,0.106,0.078,0.306,0.076,0.009
0.196,0.231,0.100,0.081,0.308,0.075,0.008
0.229,0.202,0.087,0.092,0.315,0.069,0.006
0.232,0.203,0.080,0.095,0.310,0.073,0.007
0.220,0.216,0.080,0.093,0.304,0.079,0.008
0.218,0.215,0.084,0.091,0.308,0.076,0.008
0.217,0.215,0.087,0.090,0.309,0.075,0.008
0.213,0.216,0.093,0.087,0.311,0.073,0.007
0.209,0.219,0.099,0.085,0.311,0.072,0.007
0.194,0.228,0.113,0.077,0.309,0.071,0.008
0.140,0.275,0.150,0.057,0.294,0.073,0.009
0.130,0.280,0.170,0.052,0.289,0.071,0.010
0.131,0.272,0.180,0.051,0.291,0.066,0.009
0.134,0.263,0.187,0.051,0.295,0.062,0.007
0.150,0.235,0.194,0.052,0.315,0.050,0.004
0.210,0.021,0.213,0.012,0.520,0.022,0.002
0.152,0.233,0.193,0.053,0.316,0.050,0.004
0.141,0.252,0.187,0.054,0.301,0.059,0.006
0.138,0.263,0.178,0.054,0.295,0.064,0.008
0.136,0.270,0.173,0.053,0.292,0.068,0.009
0.134,0.275,0.171,0.053,0.289,0.070,0.009
0.142,0.257,0.177,0.055,0.300,0.062,0.007
0.149,0.248,0.173,0.057,0.305,0.061,0.007
0.144,0.260,0.167,0.057,0.300,0.065,0.008
0.151,0.261,0.152,0.060,0.299,0.069,0.008
0.161,0.255,0.132,0.066,0.309,0.070,0.008
0.208,0.219,0.077,0.093,0.323,0.075,0.006
0.487,0.057,0.006,0.214,0.179,0.057,0.001
0.508,0.036,0.002,0.264,0.140,0.049,0.001
0.488,0.034,0.002,0.293,0.134,0.049,0.001
0.501,0.032,0.002,0.286,0.131,0.048,0.001
0.500,0.032,0.002,0.290,0.127,0.049,0.001
0.424,0.032,0.002,0.370,0.117,0.054,0.001
0.454,0.031,0.002,0.342,0.119,0.051,0.001
0.466,0.031,0.001,0.333,0.117,0.051,0.001
0.400,0.034,0.002,0.390,0.116,0.059,0.001
0.433,0.032,0.002,0.364,0.116,0.054,0.001
0.464,0.029,0.001,0.342,0.114,0.050,0.001
0.429,0.031,0.001,0.372,0.114,0.053,0.001
0.439,0.031,0.001,0.362,0.115,0.051,0.001
0.509,0.030,0.001,0.288,0.122,0.048,0.001
0.468,0.032,0.002,0.324,0.125,0.049,0.001
0.524,0.030,0.001,0.269,0.128,0.048,0.001
0.485,0.031,0.002,0.308,0.124,0.049,0.001
0.420,0.034,0.002,0.368,0.120,0.055,0.001
0.471,0.033,0.002,0.319,0.125,0.050,0.001
0.497,0.033,0.002,0.287,0.131,0.049,0.001
0.461,0.034,0.002,0.322,0.128,0.051,0.001
0.461,0.034,0.002,0.324,0.127,0.052,0.001
0.459,0.034,0.002,0.324,0.128,0.052,0.001
0.462,0.034,0.002,0.320,0.129,0.052,0.001
0.462,0.035,0.002,0.320,0.129,0.052,0.001
0.486,0.033,0.002,0.298,0.130,0.050,0.001
0.456,0.036,0.002,0.321,0.131,0.053,0.001
0.464,0.035,0.002,0.316,0.130,0.052,0.001
0.468,0.036,0.002,0.308,0.133,0.052,0.001
0.469,0.036,0.002,0.307,0.134,0.052,0.001
0.474,0.036,0.002,0.301,0.135,0.052,0.001
0.471,0.035,0.002,0.307,0.132,0.052,0.001
0.457,0.036,0.002,0.319,0.132,0.054,0.001
0.448,0.037,0.002,0.325,0.132,0.055,0.001
0.451,0.038,0.002,0.320,0.133,0.055,0.001
0.449,0.043,0.003,0.303,0.144,0.058,0.001
0.455,0.048,0.003,0.272,0.161,0.059,0.002
0.456,0.050,0.004,0.265,0.165,0.058,0.002
0.462,0.052,0.004,0.252,0.171,0.058,0.002
0.454,0.053,0.004,0.255,0.173,0.059,0.002
0.453,0.054,0.004,0.255,0.173,0.060,0.002
0.455,0.053,0.004,0.255,0.172,0.059,0.002
0.456,0.053,0.004,0.255,0.171,0.059,0.002
0.445,0.055,0.004,0.259,0.173,0.062,0.002
0.442,0.056,0.004,0.261,0.173,0.063,0.002
0.444,0.055,0.004,0.261,0.172,0.062,0.002
0.449,0.054,0.004,0.258,0.172,0.061,0.002
0.448,0.055,0.004,0.257,0.173,0.061,0.002
0.450,0.055,0.004,0.256,0.174,0.060,0.002
0.475,0.051,0.004,0.236,0.176,0.057,0.002
0.426,0.057,0.004,0.275,0.169,0.066,0.002
0.450,0.054,0.004,0.256,0.173,0.060,0.002
0.473,0.052,0.004,0.238,0.175,0.058,0.002
0.394,0.063,0.005,0.289,0.168,0.078,0.003
0.441,0.056,0.004,0.261,0.172,0.063,0.002
0.485,0.051,0.004,0.220,0.183,0.055,0.002
0.454,0.054,0.004,0.251,0.176,0.059,0.002
0.464,0.051,0.004,0.250,0.172,0.057,0.002
0.469,0.051,0.004,0.244,0.174,0.056,0.002
0.466,0.052,0.004,0.246,0.174,0.057,0.002
0.461,0.052,0.004,0.249,0.173,0.058,0.002
0.433,0.056,0.004,0.271,0.170,0.064,0.002
0.463,0.053,0.004,0.246,0.175,0.058,0.002
0.484,0.051,0.004,0.224,0.181,0.054,0.002
0.465,0.053,0.004,0.244,0.176,0.057,0.002
0.462,0.054,0.004,0.244,0.178,0.057,0.002
0.486,0.051,0.004,0.220,0.183,0.054,0.002
0.457,0.055,0.005,0.243,0.181,0.057,0.002
0.528,0.048,0.005,0.167,0.201,0.050,0.001
0.573,0.037,0.008,0.080,0.252,0.050,0.002
0.573,0.037,0.008,0.082,0.249,0.050,0.001
0.538,0.046,0.004,0.171,0.193,0.046,0.001
0.569,0.039,0.005,0.114,0.217,0.054,0.001
0.494,0.049,0.004,0.224,0.179,0.050,0.001
0.518,0.048,0.004,0.188,0.191,0.049,0.001
0.571,0.041,0.006,0.108,0.220,0.053,0.002
0.505,0.050,0.007,0.131,0.251,0.053,0.002
0.469,0.059,0.006,0.222,0.187,0.055,0.002
0.372,0.110,0.022,0.150,0.274,0.067,0.004
0.193,0.245,0.069,0.088,0.298,0.095,0.011
0.155,0.282,0.092,0.070,0.281,0.101,0.018
0.116,0.328,0.082,0.057,0.243,0.134,0.039
0.075,0.365,0.056,0.042,0.183,0.187,0.092
0.060,0.370,0.047,0.035,0.158,0.202,0.128
0.060,0.369,0.047,0.035,0.158,0.200,0.132
0.066,0.366,0.053,0.037,0.170,0.189,0.120
0.064,0.361,0.051,0.037,0.165,0.191,0.131
0.040,0.364,0.036,0.025,0.122,0.212,0.201
0.022,0.339,0.020,0.015,0.075,0.231,0.298
0.036,0.355,0.032,0.023,0.112,0.216,0.225
0.046,0.373,0.041,0.028,0.135,0.209,0.168
0.078,0.356,0.059,0.043,0.188,0.177,0.099
0.082,0.356,0.059,0.045,0.192,0.178,0.089
0.079,0.359,0.057,0.043,0.187,0.181,0.093
0.072,0.366,0.055,0.040,0.179,0.187,0.101
0.075,0.363,0.060,0.041,0.186,0.178,0.097
0.064,0.373,0.056,0.036,0.171,0.187,0.113
0.051,0.388,0.051,0.028,0.151,0.196,0.135
0.054,0.384,0.055,0.030,0.158,0.190,0.128
0.058,0.384,0.057,0.032,0.165,0.187,0.115
0.076,0.365,0.063,0.041,0.189,0.174,0.091
0.074,0.370,0.060,0.040,0.185,0.181,0.090
0.088,0.359,0.069,0.045,0.206,0.164,0.068
0.107,0.336,0.079,0.054,0.233,0.141,0.050
0.100,0.339,0.065,0.055,0.215,0.158,0.069
0.063,0.310,0.024,0.046,0.129,0.247,0.181
0.049,0.272,0.015,0.040,0.099,0.259,0.267
0.038,0.223,0.008,0.038,0.071,0.273,0.349
0.029,0.183,0.005,0.037,0.052,0.284,0.410
0.031,0.187,0.005,0.037,0.055,0.277,0.407
0.035,0.183,0.005,0.043,0.057,0.289,0.388
0.046,0.188,0.006,0.057,0.068,0.299,0.337
0.056,0.201,0.007,0.065,0.081,0.298,0.293
0.068,0.207,0.008,0.076,0.093,0.296,0.253
0.078,0.209,0.009,0.084,0.102,0.292,0.226
0.079,0.207,0.009,0.088,0.103,0.295,0.220
0.080,0.207,0.009,0.088,0.103,0.293,0.221
0.070,0.208,0.008,0.078,0.095,0.298,0.242
0.067,0.208,0.008,0.075,0.093,0.296,0.253
0.065,0.207,0.008,0.073,0.091,0.295,0.262
0.058,0.202,0.007,0.068,0.083,0.300,0.281
0.058,0.200,0.007,0.068,0.082,0.299,0.286
0.053,0.200,0.006,0.065,0.077,0.307,0.291
0.073,0.209,0.008,0.080,0.098,0.294,0.237
0.087,0.213,0.010,0.090,0.111,0.285,0.204
0.087,0.213,0.010,0.091,0.112,0.285,0.203
0.071,0.212,0.008,0.079,0.096,0.301,0.232
0.067,0.207,0.007,0.083,0.090,0.324,0.222
0.133,0.206,0.011,0.131,0.143,0.266,0.110
0.223,0.170,0.013,0.180,0.183,0.185,0.047
0.174,0.182,0.009,0.173,0.162,0.252,0.049
0.379,0.083,0.006,0.252,0.181,0.093,0.006
0.482,0.052,0.004,0.223,0.180,0.057,0.002
0.488,0.046,0.003,0.242,0.166,0.053,0.001
0.477,0.047,0.003,0.253,0.165,0.054,0.001
0.493,0.046,0.003,0.231,0.172,0.053,0.001
0.477,0.046,0.003,0.255,0.164,0.054,0.001
0.478,0.046,0.003,0.254,0.163,0.054,0.001
0.481,0.046,0.003,0.249,0.166,0.054,0.001
0.479,0.047,0.003,0.247,0.168,0.054,0.001
0.489,0.047,0.003,0.237,0.171,0.052,0.001
0.511,0.045,0.004,0.210,0.179,0.051,0.001
0.508,0.046,0.004,0.212,0.178,0.051,0.001
0.475,0.049,0.004,0.243,0.173,0.054,0.001
0.489,0.048,0.004,0.228,0.176,0.053,0.001
0.464,0.049,0.004,0.260,0.166,0.056,0.001
0.464,0.049,0.004,0.258,0.167,0.056,0.002
0.490,0.048,0.004,0.229,0.174,0.054,0.001
0.456,0.050,0.004,0.266,0.165,0.058,0.002
0.445,0.051,0.004,0.276,0.163,0.060,0.002
0.486,0.047,0.003,0.239,0.169,0.055,0.001
0.443,0.051,0.004,0.277,0.163,0.061,0.002
0.461,0.052,0.004,0.253,0.171,0.058,0.002
0.481,0.052,0.004,0.219,0.187,0.055,0.002
0.442,0.055,0.004,0.266,0.170,0.062,0.002
0.451,0.055,0.004,0.251,0.176,0.060,0.002
0.451,0.056,0.005,0.247,0.179,0.060,0.002
0.451,0.057,0.005,0.246,0.179,0.060,0.002
0.453,0.057,0.005,0.243,0.181,0.059,0.002
0.474,0.054,0.005,0.223,0.187,0.056,0.002
0.459,0.055,0.005,0.241,0.180,0.058,0.002
0.456,0.056,0.005,0.241,0.181,0.059,0.002
0.458,0.056,0.005,0.240,0.181,0.059,0.002
0.458,0.056,0.005,0.240,0.181,0.058,0.002
0.463,0.054,0.005,0.240,0.180,0.057,0.002
0.474,0.054,0.005,0.223,0.187,0.055,0.002
0.474,0.054,0.005,0.222,0.188,0.055,0.002
0.459,0.056,0.005,0.236,0.184,0.057,0.002
0.480,0.054,0.005,0.216,0.189,0.055,0.002
0.456,0.056,0.005,0.244,0.180,0.058,0.002
0.468,0.053,0.004,0.240,0.177,0.056,0.002
0.472,0.052,0.004,0.235,0.179,0.055,0.002
0.481,0.052,0.004,0.222,0.185,0.054,0.002
0.472,0.052,0.004,0.236,0.179,0.055,0.002
0.491,0.051,0.004,0.214,0.186,0.053,0.001
0.479,0.052,0.004,0.228,0.182,0.054,0.001
0.482,0.052,0.004,0.224,0.183,0.054,0.001
0.497,0.050,0.004,0.207,0.187,0.054,0.002
0.429,0.055,0.004,0.278,0.167,0.065,0.002
0.451,0.055,0.004,0.253,0.174,0.060,0.002
0.472,0.055,0.005,0.224,0.188,0.056,0.002
0.471,0.053,0.004,0.232,0.181,0.056,0.002
0.455,0.059,0.005,0.233,0.188,0.059,0.002
0.464,0.059,0.006,0.214,0.198,0.057,0.002
0.451,0.061,0.006,0.231,0.191,0.059,0.002
0.478,0.056,0.005,0.212,0.194,0.054,0.002
0.490,0.053,0.005,0.195,0.200,0.054,0.002
0.450,0.057,0.005,0.247,0.180,0.060,0.002
0.459,0.057,0.005,0.234,0.185,0.058,0.002
0.458,0.058,0.005,0.231,0.187,0.059,0.002
0.434,0.060,0.005,0.255,0.179,0.064,0.002
0.446,0.061,0.005,0.238,0.187,0.061,0.002
0.464,0.058,0.005,0.220,0.193,0.057,0.002
0.448,0.060,0.005,0.237,0.187,0.060,0.002
0.459,0.058,0.005,0.231,0.187,0.058,0.002
0.465,0.057,0.005,0.225,0.189,0.057,0.002
0.445,0.059,0.005,0.245,0.183,0.061,0.002
0.464,0.057,0.005,0.226,0.189,0.057,0.002
0.481,0.055,0.005,0.206,0.196,0.054,0.002
0.465,0.057,0.005,0.227,0.188,0.056,0.002
0.468,0.055,0.005,0.229,0.185,0.056,0.002
0.462,0.058,0.005,0.224,0.192,0.057,0.002
0.459,0.057,0.005,0.237,0.183,0.058,0.002
0.450,0.059,0.005,0.240,0.184,0.060,0.002
0.458,0.058,0.005,0.230,0.188,0.058,0.002
0.453,0.059,0.005,0.235,0.187,0.059,0.002
0.459,0.060,0.006,0.224,0.192,0.058,0.002
0.466,0.063,0.007,0.195,0.208,0.059,0.002
0.391,0.097,0.009,0.193,0.214,0.089,0.007
0.094,0.319,0.014,0.065,0.162,0.274,0.072
0.307,0.155,0.022,0.137,0.246,0.115,0.019
0.107,0.334,0.047,0.060,0.219,0.175,0.059
0.056,0.367,0.036,0.034,0.143,0.222,0.142
0.061,0.360,0.047,0.037,0.160,0.194,0.140
0.037,0.358,0.028,0.024,0.108,0.232,0.212
0.056,0.357,0.047,0.036,0.154,0.188,0.162
0.019,0.304,0.015,0.014,0.063,0.231,0.355
0.013,0.255,0.010,0.011,0.047,0.213,0.452
0.004,0.205,0.002,0.003,0.013,0.204,0.570
0.088,0.243,0.022,0.059,0.184,0.230,0.174
0.003,0.168,0.002,0.004,0.013,0.195,0.615
0.000,0.065,0.000,0.001,0.002,0.098,0.833
0.001,0.097,0.001,0.002,0.007,0.128,0.765
0.002,0.105,0.001,0.002,0.008,0.136,0.746
0.002,0.115,0.001,0.002,0.009,0.139,0.731
0.002,0.104,0.001,0.002,0.007,0.136,0.749
0.003,0.149,0.003,0.003,0.014,0.159,0.669
0.005,0.193,0.004,0.004,0.020,0.180,0.593
0.009,0.342,0.022,0.006,0.053,0.185,0.382
0.011,0.378,0.029,0.007,0.063,0.186,0.327
0.013,0.408,0.040,0.008,0.078,0.181,0.272
0.012,0.416,0.035,0.006,0.069,0.188,0.275
0.022,0.440,0.069,0.012,0.114,0.167,0.176
0.020,0.458,0.069,0.010,0.107,0.170,0.166
0.028,0.452,0.098,0.014,0.139,0.151,0.119
0.024,0.466,0.091,0.012,0.127,0.157,0.122
0.031,0.451,0.128,0.015,0.157,0.132,0.086
0.026,0.466,0.111,0.012,0.138,0.143,0.104
0.018,0.487,0.087,0.009,0.113,0.155,0.131
0.018,0.507,0.067,0.008,0.104,0.172,0.124
0.091,0.196,0.171,0.039,0.406,0.079,0.019
0.026,0.486,0.097,0.012,0.138,0.152,0.088
0.020,0.478,0.087,0.010,0.118,0.155,0.131
0.017,0.472,0.066,0.008,0.099,0.170,0.167
0.028,0.453,0.098,0.014,0.139,0.151,0.118
0.026,0.465,0.100,0.012,0.135,0.152,0.110
0.035,0.446,0.128,0.016,0.162,0.133,0.079
0.036,0.446,0.133,0.016,0.164,0.133,0.072
0.038,0.430,0.179,0.017,0.184,0.105,0.047
0.037,0.446,0.142,0.016,0.168,0.128,0.063
0.043,0.430,0.149,0.019,0.185,0.119,0.053
0.054,0.418,0.121,0.024,0.193,0.135,0.055
0.078,0.383,0.118,0.036,0.236,0.118,0.031
0.240,0.206,0.059,0.105,0.283,0.095,0.013
0.234,0.209,0.051,0.111,0.292,0.094,0.010
0.340,0.130,0.024,0.159,0.262,0.079,0.006
0.415,0.087,0.012,0.185,0.234,0.064,0.003
0.420,0.080,0.010,0.204,0.218,0.065,0.003
0.422,0.079,0.010,0.199,0.224,0.064,0.003
0.414,0.080,0.009,0.212,0.214,0.068,0.003
0.382,0.088,0.009,0.231,0.203,0.083,0.004
0.381,0.088,0.009,0.231,0.203,0.083,0.005
0.358,0.091,0.008,0.249,0.193,0.096,0.006
0.388,0.084,0.008,0.237,0.198,0.082,0.004
0.386,0.084,0.008,0.238,0.197,0.083,0.004
0.358,0.088,0.007,0.257,0.188,0.097,0.005
0.395,0.081,0.008,0.235,0.198,0.079,0.004
0.381,0.081,0.007,0.253,0.189,0.085,0.004
0.404,0.079,0.008,0.232,0.199,0.075,0.004
0.395,0.084,0.009,0.225,0.206,0.077,0.004
0.378,0.087,0.008,0.238,0.198,0.085,0.005
0.383,0.088,0.009,0.227,0.206,0.082,0.004
0.385,0.086,0.008,0.234,0.201,0.082,0.004
0.385,0.089,0.009,0.224,0.208,0.081,0.004
0.393,0.087,0.009,0.218,0.212,0.076,0.004
0.385,0.088,0.009,0.227,0.206,0.081,0.004
0.378,0.097,0.011,0.207,0.222,0.080,0.005
0.367,0.098,0.010,0.218,0.213,0.087,0.005
0.381,0.086,0.008,0.239,0.197,0.084,0.005
0.385,0.084,0.008,0.239,0.198,0.083,0.004
0.404,0.076,0.007,0.240,0.195,0.074,0.003
0.478,0.058,0.006,0.194,0.205,0.058,0.002
0.431,0.061,0.005,0.257,0.179,0.065,0.002
0.461,0.056,0.005,0.234,0.184,0.058,0.002
0.462,0.056,0.005,0.234,0.183,0.058,0.002
0.431,0.059,0.005,0.264,0.175,0.065,0.002
0.468,0.055,0.005,0.227,0.186,0.057,0.002
0.456,0.056,0.005,0.242,0.181,0.058,0.002
0.476,0.054,0.005,0.220,0.189,0.055,0.002
0.475,0.055,0.005,0.220,0.189,0.055,0.002
0.458,0.056,0.005,0.239,0.182,0.058,0.002
0.487,0.053,0.005,0.200,0.198,0.055,0.002
0.433,0.059,0.005,0.261,0.176,0.064,0.002
0.457,0.056,0.005,0.242,0.180,0.059,0.002
0.445,0.057,0.005,0.254,0.176,0.061,0.002
0.466,0.055,0.005,0.231,0.184,0.058,0.002
0.440,0.058,0.005,0.254,0.178,0.062,0.002
0.462,0.056,0.005,0.234,0.183,0.059,0.002
0.431,0.060,0.005,0.261,0.176,0.065,0.002
0.465,0.055,0.005,0.234,0.182,0.058,0.002
0.446,0.057,0.005,0.252,0.178,0.061,0.002
0.470,0.055,0.005,0.227,0.185,0.057,0.002
0.438,0.059,0.005,0.253,0.180,0.063,0.002
0.489,0.054,0.005,0.196,0.198,0.056,0.002
0.429,0.064,0.006,0.249,0.184,0.067,0.003
0.407,0.084,0.008,0.215,0.199,0.083,0.005
0.163,0.231,0.015,0.123,0.190,0.230,0.047
0.233,0.194,0.022,0.141,0.223,0.150,0.037
0.073,0.317,0.021,0.052,0.141,0.258,0.138
0.074,0.325,0.033,0.049,0.157,0.213,0.151
0.044,0.308,0.019,0.033,0.103,0.252,0.242
0.048,0.305,0.023,0.035,0.114,0.231,0.244
0.031,0.273,0.013,0.026,0.077,0.251,0.329
0.032,0.271,0.014,0.026,0.079,0.243,0.336
0.028,0.277,0.013,0.022,0.073,0.245,0.341
0.045,0.300,0.022,0.033,0.108,0.227,0.264
0.028,0.281,0.013,0.023,0.074,0.249,0.332
0.038,0.295,0.018,0.029,0.094,0.242,0.285
0.044,0.330,0.025,0.038,0.116,0.217,0.230
0.000,0.034,0.000,0.000,0.000,0.061,0.904
0.000,0.021,0.000,0.000,0.000,0.045,0.934
0.000,0.016,0.000,0.000,0.000,0.039,0.945
0.000,0.007,0.000,0.000,0.000,0.023,0.970
0.000,0.004,0.000,0.000,0.000,0.022,0.974
0.000,0.004,0.000,0.000,0.000,0.020,0.977
0.000,0.004,0.000,0.000,0.000,0.021,0.976
0.000,0.005,0.000,0.000,0.000,0.023,0.972
0.000,0.006,0.000,0.000,0.000,0.025,0.970
0.000,0.009,0.000,0.000,0.000,0.029,0.962
0.000,0.006,0.000,0.000,0.000,0.027,0.966
0.000,0.008,0.000,0.000,0.000,0.028,0.964
0.000,0.005,0.000,0.000,0.000,0.025,0.970
0.000,0.008,0.000,0.000,0.000,0.028,0.965
0.000,0.010,0.000,0.000,0.000,0.032,0.958
0.000,0.012,0.000,0.000,0.000,0.037,0.951
0.000,0.043,0.000,0.000,0.000,0.091,0.865
0.096,0.098,0.014,0.022,0.180,0.290,0.301
0.001,0.074,0.000,0.001,0.002,0.134,0.788
0.001,0.049,0.000,0.002,0.002,0.134,0.812
0.017,0.111,0.001,0.047,0.025,0.368,0.431
0.115,0.120,0.003,0.242,0.089,0.342,0.090
0.270,0.062,0.003,0.407,0.114,0.136,0.008
0.426,0.033,0.001,0.369,0.108,0.060,0.001
0.335,0.035,0.002,0.450,0.104,0.074,0.001
0.319,0.034,0.002,0.466,0.100,0.078,0.001
0.400,0.027,0.001,0.421,0.095,0.056,0.001
0.308,0.026,0.001,0.517,0.084,0.063,0.001
0.333,0.025,0.001,0.497,0.085,0.059,0.001
0.359,0.025,0.001,0.470,0.088,0.056,0.001
0.365,0.025,0.001,0.463,0.090,0.055,0.001
0.373,0.026,0.001,0.449,0.095,0.055,0.001
0.439,0.027,0.001,0.378,0.103,0.051,0.001
0.377,0.027,0.001,0.444,0.096,0.055,0.001
0.374,0.026,0.001,0.448,0.095,0.055,0.001
0.427,0.025,0.001,0.398,0.097,0.051,0.001
0.342,0.025,0.001,0.486,0.088,0.057,0.001
0.331,0.025,0.001,0.498,0.086,0.058,0.001
0.391,0.025,0.001,0.436,0.091,0.055,0.001
0.305,0.025,0.001,0.524,0.082,0.063,0.001
0.290,0.026,0.001,0.533,0.081,0.068,0.001
0.378,0.025,0.001,0.453,0.087,0.056,0.001
0.287,0.025,0.001,0.539,0.080,0.067,0.001
0.300,0.026,0.001,0.524,0.083,0.066,0.001
0.390,0.025,0.001,0.436,0.092,0.054,0.001
0.391,0.025,0.001,0.435,0.093,0.054,0.001
0.311,0.026,0.001,0.510,0.087,0.063,0.001
0.398,0.025,0.001,0.431,0.091,0.054,0.001
0.311,0.027,0.001,0.507,0.088,0.065,0.001
0.357,0.030,0.001,0.448,0.099,0.063,0.001
0.445,0.029,0.001,0.362,0.108,0.053,0.001
0.372,0.031,0.001,0.429,0.105,0.061,0.001
0.390,0.029,0.001,0.421,0.102,0.056,0.001
0.444,0.030,0.001,0.361,0.110,0.053,0.001
0.360,0.032,0.002,0.436,0.105,0.065,0.001
0.372,0.031,0.001,0.428,0.105,0.062,0.001
0.443,0.029,0.001,0.363,0.109,0.053,0.001
0.370,0.031,0.001,0.430,0.105,0.062,0.001
0.362,0.032,0.002,0.433,0.105,0.065,0.001
0.432,0.031,0.001,0.370,0.110,0.055,0.001
0.360,0.033,0.002,0.432,0.106,0.066,0.001
0.369,0.033,0.002,0.422,0.108,0.065,0.001
0.439,0.030,0.001,0.363,0.112,0.054,0.001
0.397,0.029,0.001,0.413,0.104,0.055,0.001
0.393,0.029,0.001,0.416,0.104,0.055,0.001
0.457,0.029,0.001,0.351,0.111,0.051,0.001
0.416,0.028,0.001,0.399,0.104,0.051,0.001
0.414,0.028,0.001,0.401,0.103,0.052,0.001
0.394,0.032,0.002,0.402,0.110,0.059,0.001
0.412,0.040,0.002,0.356,0.126,0.063,0.001
0.366,0.083,0.007,0.263,0.183,0.095,0.005
0.292,0.128,0.014,0.220,0.203,0.131,0.012
0.221,0.219,0.056,0.107,0.280,0.103,0.013
0.132,0.287,0.145,0.056,0.293,0.076,0.010
0.108,0.294,0.199,0.043,0.280,0.066,0.010
0.106,0.296,0.209,0.040,0.270,0.069,0.011
0.099,0.281,0.246,0.037,0.273,0.056,0.008
0.094,0.277,0.267,0.035,0.269,0.052,0.007
0.090,0.277,0.278,0.033,0.264,0.051,0.007
0.091,0.272,0.283,0.033,0.265,0.050,0.006
0.091,0.269,0.288,0.033,0.265,0.048,0.006
0.085,0.272,0.297,0.031,0.261,0.047,0.006
0.088,0.275,0.285,0.033,0.265,0.049,0.006
0.093,0.300,0.239,0.034,0.258,0.065,0.011
0.083,0.307,0.253,0.032,0.254,0.062,0.010
0.080,0.310,0.256,0.030,0.251,0.062,0.011
0.079,0.320,0.244,0.030,0.248,0.066,0.012
0.088,0.318,0.221,0.034,0.251,0.074,0.014
0.080,0.309,0.257,0.031,0.252,0.061,0.010
0.082,0.293,0.275,0.031,0.255,0.055,0.008
0.081,0.292,0.281,0.030,0.253,0.054,0.008
0.082,0.289,0.284,0.030,0.254,0.053,0.008
0.080,0.287,0.292,0.029,0.253,0.051,0.007
0.080,0.286,0.291,0.030,0.255,0.051,0.007
0.086,0.289,0.271,0.032,0.260,0.054,0.008
0.096,0.295,0.238,0.036,0.262,0.064,0.010
0.095,0.279,0.259,0.036,0.269,0.054,0.007
0.090,0.282,0.268,0.034,0.265,0.053,0.007
0.089,0.288,0.263,0.034,0.264,0.055,0.008
0.089,0.310,0.234,0.033,0.254,0.068,0.011
0.091,0.287,0.259,0.034,0.265,0.056,0.008
0.091,0.286,0.263,0.034,0.263,0.056,0.008
0.086,0.286,0.276,0.032,0.260,0.053,0.007
0.087,0.282,0.278,0.032,0.262,0.052,0.007
0.089,0.288,0.267,0.033,0.261,0.055,0.008
0.092,0.289,0.253,0.035,0.266,0.057,0.008
0.098,0.296,0.225,0.038,0.271,0.063,0.009
0.116,0.303,0.169,0.046,0.272,0.080,0.013
0.139,0.282,0.140,0.058,0.290,0.079,0.012
0.173,0.262,0.092,0.076,0.285,0.096,0.015
0.209,0.232,0.064,0.097,0.281,0.102,0.015
0.211,0.231,0.053,0.103,0.272,0.113,0.017
0.228,0.216,0.046,0.113,0.271,0.110,0.016
0.229,0.213,0.040,0.119,0.261,0.120,0.018
0.221,0.219,0.039,0.118,0.258,0.126,0.019
0.238,0.205,0.037,0.124,0.262,0.117,0.017
0.244,0.200,0.036,0.127,0.261,0.115,0.016
0.244,0.200,0.035,0.128,0.260,0.116,0.016
0.239,0.202,0.034,0.129,0.255,0.122,0.018
0.222,0.213,0.032,0.126,0.244,0.138,0.024
0.206,0.225,0.032,0.120,0.238,0.149,0.031
0.170,0.251,0.030,0.106,0.219,0.178,0.046
0.166,0.254,0.030,0.104,0.217,0.180,0.049
0.177,0.244,0.030,0.110,0.220,0.175,0.044
0.206,0.225,0.032,0.120,0.238,0.148,0.031
0.216,0.219,0.034,0.121,0.245,0.139,0.026
0.204,0.231,0.036,0.114,0.245,0.141,0.029
0.170,0.255,0.034,0.102,0.225,0.169,0.045
0.142,0.268,0.029,0.093,0.199,0.200,0.069
0.129,0.273,0.027,0.088,0.188,0.212,0.083
0.129,0.272,0.027,0.088,0.187,0.212,0.086
0.128,0.275,0.027,0.087,0.188,0.212,0.083
0.143,0.269,0.028,0.093,0.200,0.201,0.066
0.197,0.235,0.035,0.112,0.241,0.146,0.034
0.212,0.221,0.032,0.122,0.241,0.143,0.029
0.199,0.216,0.023,0.133,0.215,0.177,0.036
0.235,0.194,0.024,0.146,0.229,0.147,0.026
0.246,0.185,0.023,0.152,0.231,0.141,0.022
0.251,0.180,0.022,0.156,0.230,0.139,0.021
0.250,0.182,0.022,0.154,0.232,0.139,0.021
0.247,0.185,0.023,0.152,0.231,0.141,0.022
0.250,0.183,0.022,0.153,0.232,0.139,0.022
0.242,0.185,0.021,0.155,0.225,0.148,0.025
0.219,0.188,0.018,0.161,0.206,0.177,0.032
0.244,0.183,0.021,0.156,0.225,0.146,0.024
0.254,0.178,0.021,0.157,0.230,0.138,0.021
0.257,0.176,0.021,0.159,0.231,0.136,0.020
0.260,0.174,0.021,0.160,0.232,0.134,0.019
0.258,0.175,0.022,0.159,0.232,0.135,0.019
0.259,0.177,0.023,0.155,0.235,0.132,0.019
0.248,0.184,0.023,0.153,0.232,0.139,0.021
0.250,0.182,0.022,0.154,0.232,0.138,0.021
0.245,0.184,0.022,0.154,0.229,0.144,0.022
0.250,0.181,0.022,0.155,0.230,0.140,0.021
0.249,0.182,0.022,0.155,0.230,0.140,0.022
0.235,0.181,0.018,0.164,0.213,0.162,0.026
0.247,0.182,0.021,0.156,0.228,0.143,0.023
0.254,0.179,0.022,0.156,0.232,0.137,0.020
0.257,0.176,0.021,0.158,0.232,0.135,0.020
0.252,0.170,0.018,0.171,0.217,0.150,0.022
0.260,0.174,0.021,0.161,0.231,0.135,0.019
0.272,0.168,0.022,0.161,0.237,0.124,0.016
0.275,0.166,0.022,0.161,0.239,0.122,0.015
0.279,0.164,0.022,0.162,0.240,0.119,0.014
0.279,0.163,0.022,0.163,0.238,0.120,0.014
0.279,0.163,0.021,0.164,0.238,0.120,0.015
0.275,0.164,0.021,0.165,0.235,0.124,0.015
0.275,0.167,0.022,0.161,0.239,0.122,0.015
0.271,0.169,0.023,0.159,0.239,0.123,0.016
0.256,0.179,0.023,0.155,0.235,0.134,0.019
0.252,0.182,0.023,0.153,0.235,0.135,0.020
0.243,0.188,0.024,0.149,0.231,0.141,0.023
0.215,0.216,0.029,0.128,0.236,0.149,0.027
0.203,0.231,0.035,0.115,0.243,0.145,0.028
0.190,0.246,0.042,0.103,0.249,0.141,0.029
0.184,0.254,0.047,0.097,0.254,0.136,0.028
0.187,0.252,0.048,0.098,0.255,0.135,0.027
0.193,0.246,0.049,0.099,0.260,0.128,0.024
0.194,0.246,0.050,0.099,0.261,0.126,0.023
0.185,0.254,0.050,0.096,0.257,0.133,0.026
0.187,0.253,0.050,0.096,0.258,0.131,0.025
0.190,0.249,0.050,0.098,0.260,0.128,0.024
0.198,0.242,0.049,0.101,0.262,0.125,0.023
0.191,0.248,0.047,0.100,0.255,0.134,0.025
0.193,0.245,0.045,0.102,0.254,0.135,0.026
0.193,0.246,0.047,0.101,0.257,0.132,0.025
0.202,0.239,0.050,0.102,0.264,0.122,0.021
0.199,0.242,0.052,0.099,0.266,0.120,0.021
0.198,0.243,0.054,0.098,0.268,0.119,0.020
0.194,0.247,0.052,0.098,0.263,0.124,0.022
0.193,0.247,0.050,0.099,0.261,0.127,0.024
0.189,0.250,0.049,0.098,0.257,0.131,0.027
0.169,0.264,0.046,0.092,0.241,0.148,0.041
0.100,0.308,0.033,0.064,0.179,0.210,0.106
0.050,0.295,0.019,0.040,0.109,0.248,0.239
0.007,0.179,0.003,0.008,0.023,0.216,0.564
0.000,0.024,0.000,0.000,0.000,0.058,0.917
0.000,0.007,0.000,0.000,0.000,0.026,0.967
0.000,0.003,0.000,0.000,0.000,0.018,0.979
0.000,0.003,0.000,0.000,0.000,0.017,0.980
0.000,0.004,0.000,0.000,0.000,0.020,0.976
0.000,0.004,0.000,0.000,0.000,0.020,0.976
0.000,0.004,0.000,0.000,0.000,0.020,0.977
0.000,0.004,0.000,0.000,0.000,0.020,0.976
0.000,0.004,0.000,0.000,0.000,0.018,0.978
0.000,0.004,0.000,0.000,0.000,0.019,0.978
0.000,0.003,0.000,0.000,0.000,0.018,0.979
0.000,0.004,0.000,0.000,0.000,0.020,0.976
0.000,0.004,0.000,0.000,0.000,0.020,0.976
0.000,0.004,0.000,0.000,0.000,0.020,0.976
0.000,0.003,0.000,0.000,0.000,0.017,0.979
0.000,0.003,0.000,0.000,0.000,0.017,0.979
0.000,0.004,0.000,0.000,0.000,0.019,0.977
0.000,0.004,0.000,0.000,0.000,0.019,0.977
0.000,0.003,0.000,0.000,0.000,0.017,0.979
0.000,0.003,0.000,0.000,0.000,0.018,0.979
0.000,0.004,0.000,0.000,0.000,0.018,0.978
0.000,0.004,0.000,0.000,0.000,0.019,0.977
0.000,0.004,0.000,0.000,0.000,0.018,0.978
0.000,0.004,0.000,0.000,0.000,0.020,0.976
0.000,0.004,0.000,0.000,0.000,0.019,0.977
0.000,0.004,0.000,0.000,0.000,0.019,0.977
0.000,0.004,0.000,0.000,0.000,0.020,0.976
0.000,0.003,0.000,0.000,0.000,0.019,0.978
0.000,0.005,0.000,0.000,0.000,0.023,0.972
0.000,0.016,0.000,0.000,0.000,0.050,0.933
0.003,0.083,0.001,0.004,0.007,0.168,0.733
0.018,0.165,0.003,0.024,0.037,0.262,0.490
0.048,0.219,0.008,0.051,0.079,0.292,0.303
0.110,0.234,0.014,0.095,0.141,0.256,0.150
0.139,0.231,0.017,0.112,0.166,0.234,0.101
0.151,0.228,0.018,0.119,0.175,0.225,0.085
0.150,0.228,0.017,0.120,0.175,0.228,0.082
0.162,0.222,0.018,0.126,0.181,0.219,0.073
0.168,0.220,0.018,0.130,0.185,0.214,0.066
0.181,0.214,0.019,0.135,0.193,0.201,0.057
0.179,0.216,0.019,0.134,0.193,0.203,0.057
0.185,0.215,0.019,0.135,0.197,0.196,0.054
0.184,0.214,0.019,0.135,0.195,0.197,0.056
0.157,0.216,0.015,0.133,0.172,0.234,0.072
0.176,0.217,0.018,0.133,0.189,0.205,0.062
0.176,0.217,0.018,0.132,0.191,0.205,0.060
0.178,0.216,0.018,0.133,0.191,0.203,0.059
0.166,0.212,0.016,0.139,0.177,0.226,0.065
0.191,0.212,0.019,0.138,0.200,0.191,0.049
0.211,0.203,0.021,0.143,0.213,0.171,0.037
0.220,0.198,0.021,0.146,0.218,0.164,0.032
0.229,0.193,0.021,0.150,0.220,0.158,0.029
0.231,0.192,0.021,0.151,0.222,0.156,0.028
0.240,0.188,0.022,0.151,0.227,0.146,0.026
0.220,0.200,0.022,0.144,0.219,0.162,0.032
0.195,0.214,0.021,0.136,0.207,0.185,0.043
0.194,0.212,0.020,0.137,0.205,0.187,0.045
0.199,0.208,0.020,0.140,0.206,0.183,0.043
0.207,0.203,0.020,0.145,0.207,0.178,0.042
0.188,0.201,0.017,0.149,0.187,0.206,0.054
0.178,0.217,0.019,0.130,0.192,0.196,0.067
0.092,0.250,0.014,0.080,0.133,0.265,0.167
0.030,0.210,0.006,0.036,0.058,0.285,0.376
0.000,0.025,0.000,0.000,0.000,0.079,0.895
0.000,0.007,0.000,0.000,0.000,0.031,0.961
0.000,0.004,0.000,0.000,0.000,0.020,0.977
0.000,0.004,0.000,0.000,0.000,0.020,0.977
0.000,0.005,0.000,0.000,0.000,0.020,0.975
0.000,0.003,0.000,0.000,0.000,0.018,0.979
0.000,0.003,0.000,0.000,0.000,0.018,0.980
0.000,0.002,0.000,0.000,0.000,0.016,0.981
0.000,0.003,0.000,0.000,0.000,0.018,0.980
0.000,0.002,0.000,0.000,0.000,0.017,0.981
0.000,0.003,0.000,0.000,0.000,0.018,0.979
0.000,0.003,0.000,0.000,0.000,0.017,0.980
0.000,0.003,0.000,0.000,0.000,0.018,0.978
0.000,0.003,0.000,0.000,0.000,0.018,0.979
0.000,0.003,0.000,0.000,0.000,0.019,0.978
0.000,0.003,0.000,0.000,0.000,0.019,0.978
0.000,0.003,0.000,0.000,0.000,0.019,0.977
0.000,0.003,0.000,0.000,0.000,0.019,0.977
0.000,0.003,0.000,0.000,0.000,0.019,0.978
0.000,0.002,0.000,0.000,0.000,0.017,0.981
0.000,0.002,0.000,0.000,0.000,0.017,0.981
0.000,0.002,0.000,0.000,0.000,0.016,0.982
0.000,0.002,0.000,0.000,0.000,0.017,0.981
0.000,0.002,0.000,0.000,0.000,0.016,0.982
0.000,0.002,0.000,0.000,0.000,0.016,0.982
0.000,0.002,0.000,0.000,0.000,0.017,0.980
0.000,0.002,0.000,0.000,0.000,0.017,0.981
0.000,0.003,0.000,0.000,0.000,0.018,0.980
0.000,0.002,0.000,0.000,0.000,0.016,0.982
0.000,0.003,0.000,0.000,0.000,0.017,0.980
0.000,0.003,0.000,0.000,0.000,0.016,0.981
0.000,0.003,0.000,0.000,0.000,0.016,0.981
0.000,0.003,0.000,0.000,0.000,0.016,0.981
0.000,0.003,0.000,0.000,0.000,0.016,0.981
0.000,0.003,0.000,0.000,0.000,0.016,0.981
0.000,0.003,0.000,0.000,0.000,0.016,0.981
0.000,0.003,0.000,0.000,0.000,0.017,0.980
0.000,0.003,0.000,0.000,0.000,0.016,0.981
0.000,0.003,0.000,0.000,0.000,0.015,0.983
0.000,0.003,0.000,0.000,0.000,0.015,0.982
0.000,0.003,0.000,0.000,0.000,0.018,0.979
0.000,0.003,0.000,0.000,0.000,0.017,0.979
0.000,0.002,0.000,0.000,0.000,0.014,0.983
0.000,0.002,0.000,0.000,0.000,0.015,0.983
0.000,0.003,0.000,0.000,0.000,0.013,0.985
0.000,0.002,0.000,0.000,0.000,0.014,0.984
0.000,0.002,0.000,0.000,0.000,0.014,0.983
0.000,0.003,0.000,0.000,0.000,0.017,0.980
0.000,0.023,0.000,0.000,0.000,0.081,0.896
0.281,0.142,0.008,0.110,0.217,0.206,0.036
0.431,0.072,0.015,0.104,0.304,0.069,0.004
0.454,0.057,0.017,0.095,0.323,0.053,0.002
0.476,0.060,0.012,0.118,0.280,0.052,0.002
0.464,0.067,0.011,0.141,0.263,0.052,0.002
0.435,0.075,0.013,0.148,0.273,0.053,0.002
0.458,0.070,0.011,0.156,0.252,0.053,0.002
0.470,0.065,0.010,0.152,0.248,0.053,0.002
0.443,0.075,0.012,0.156,0.259,0.053,0.002
0.435,0.073,0.014,0.139,0.284,0.053,0.002
0.446,0.075,0.012,0.155,0.257,0.053,0.002
0.436,0.074,0.014,0.144,0.277,0.054,0.002
0.442,0.076,0.012,0.159,0.253,0.054,0.002
0.430,0.077,0.014,0.149,0.274,0.054,0.002
0.446,0.074,0.012,0.160,0.253,0.054,0.002
0.451,0.072,0.011,0.159,0.252,0.054,0.002
0.450,0.071,0.011,0.157,0.255,0.054,0.002
0.450,0.072,0.011,0.157,0.255,0.054,0.002
0.449,0.071,0.011,0.159,0.253,0.054,0.002
0.457,0.069,0.010,0.167,0.241,0.054,0.002
0.470,0.063,0.008,0.165,0.238,0.054,0.002
0.465,0.061,0.006,0.207,0.203,0.055,0.002
0.472,0.054,0.005,0.227,0.186,0.055,0.002
0.496,0.046,0.004,0.228,0.172,0.053,0.001
0.468,0.045,0.003,0.271,0.157,0.055,0.001
0.469,0.044,0.003,0.275,0.154,0.055,0.001
0.476,0.044,0.003,0.265,0.157,0.054,0.001
0.480,0.044,0.003,0.260,0.159,0.053,0.001
0.481,0.045,0.003,0.256,0.161,0.053,0.001
0.486,0.047,0.003,0.237,0.171,0.053,0.001
0.465,0.046,0.003,0.269,0.160,0.055,0.001
0.470,0.046,0.003,0.265,0.160,0.055,0.001
0.495,0.046,0.003,0.228,0.173,0.053,0.001
0.466,0.045,0.003,0.273,0.157,0.055,0.001
0.467,0.046,0.003,0.268,0.159,0.055,0.001
0.501,0.045,0.003,0.222,0.174,0.053,0.001
0.469,0.046,0.003,0.264,0.161,0.055,0.001
0.452,0.047,0.003,0.281,0.157,0.058,0.001
0.467,0.046,0.003,0.266,0.160,0.056,0.001
0.477,0.046,0.003,0.256,0.162,0.054,0.001
0.481,0.046,0.003,0.251,0.165,0.053,0.001
0.506,0.046,0.004,0.210,0.181,0.052,0.001
0.478,0.046,0.003,0.253,0.165,0.053,0.001
0.477,0.047,0.003,0.253,0.165,0.054,0.001
0.502,0.048,0.004,0.211,0.183,0.052,0.001
0.500,0.049,0.004,0.206,0.188,0.052,0.001
0.476,0.051,0.004,0.238,0.176,0.054,0.001
0.474,0.052,0.004,0.234,0.180,0.055,0.002
0.474,0.054,0.005,0.225,0.186,0.055,0.002
0.486,0.054,0.005,0.201,0.198,0.054,0.002
0.464,0.057,0.005,0.227,0.189,0.056,0.002
0.461,0.057,0.005,0.230,0.187,0.057,0.002
0.462,0.057,0.005,0.230,0.187,0.057,0.002
0.489,0.054,0.005,0.198,0.199,0.054,0.002
0.475,0.054,0.005,0.224,0.186,0.054,0.002
0.471,0.055,0.005,0.226,0.186,0.056,0.002
0.458,0.058,0.005,0.232,0.188,0.058,0.002
0.464,0.060,0.006,0.210,0.202,0.056,0.002
0.460,0.058,0.005,0.228,0.189,0.057,0.002
0.470,0.059,0.006,0.206,0.203,0.055,0.002
0.466,0.057,0.005,0.226,0.188,0.056,0.002
0.462,0.057,0.005,0.231,0.186,0.057,0.002
0.461,0.057,0.005,0.231,0.187,0.057,0.002
0.462,0.057,0.005,0.230,0.187,0.057,0.002
0.463,0.057,0.005,0.229,0.187,0.057,0.002
0.477,0.054,0.005,0.221,0.187,0.055,0.002
0.475,0.054,0.005,0.222,0.187,0.055,0.002
0.471,0.056,0.005,0.223,0.189,0.055,0.002
0.470,0.059,0.006,0.206,0.203,0.055,0.002
0.471,0.059,0.006,0.206,0.202,0.055,0.002
0.468,0.055,0.005,0.229,0.186,0.056,0.002
0.478,0.053,0.005,0.223,0.186,0.055,0.002
0.477,0.053,0.005,0.223,0.186,0.054,0.002
0.473,0.054,0.005,0.225,0.186,0.055,0.002
0.465,0.056,0.005,0.230,0.186,0.056,0.002
0.466,0.056,0.005,0.228,0.187,0.057,0.002
0.464,0.056,0.005,0.231,0.186,0.057,0.002
0.466,0.055,0.005,0.231,0.185,0.057,0.002
0.466,0.055,0.005,0.232,0.184,0.056,0.002
0.468,0.055,0.005,0.228,0.186,0.056,0.002
0.468,0.057,0.005,0.222,0.190,0.056,0.002
0.478,0.057,0.006,0.197,0.206,0.054,0.002
0.470,0.057,0.005,0.219,0.192,0.055,0.002
0.471,0.058,0.006,0.208,0.200,0.055,0.002
0.464,0.057,0.005,0.227,0.189,0.057,0.002
0.469,0.057,0.005,0.222,0.190,0.056,0.002
0.467,0.059,0.006,0.209,0.202,0.056,0.002
0.464,0.056,0.005,0.231,0.185,0.057,0.002
0.465,0.055,0.005,0.234,0.183,0.057,0.002
0.468,0.055,0.005,0.229,0.185,0.056,0.002
0.469,0.055,0.005,0.227,0.186,0.056,0.002
0.467,0.056,0.005,0.228,0.186,0.056,0.002
0.468,0.055,0.005,0.228,0.186,0.056,0.002
0.469,0.055,0.005,0.227,0.187,0.056,0.002
0.475,0.055,0.005,0.220,0.189,0.055,0.002
0.464,0.060,0.006,0.210,0.202,0.056,0.002
0.468,0.057,0.005,0.222,0.190,0.056,0.002
0.477,0.054,0.005,0.218,0.190,0.054,0.002
0.481,0.053,0.005,0.216,0.189,0.054,0.002
0.482,0.053,0.005,0.217,0.188,0.054,0.002
0.479,0.054,0.005,0.219,0.188,0.054,0.002
0.478,0.054,0.005,0.221,0.187,0.054,0.002
0.477,0.053,0.005,0.223,0.186,0.054,0.002
0.476,0.052,0.004,0.229,0.182,0.055,0.002
0.464,0.054,0.005,0.238,0.181,0.057,0.002
0.460,0.055,0.005,0.239,0.181,0.058,0.002
0.460,0.057,0.005,0.234,0.185,0.058,0.002
0.455,0.057,0.005,0.239,0.183,0.059,0.002
0.465,0.056,0.005,0.229,0.187,0.057,0.002
0.466,0.056,0.005,0.227,0.188,0.057,0.002
0.462,0.057,0.005,0.230,0.186,0.057,0.002
0.463,0.057,0.005,0.228,0.188,0.057,0.002
0.466,0.060,0.006,0.213,0.196,0.057,0.002
0.410,0.084,0.010,0.204,0.218,0.070,0.004
0.310,0.144,0.020,0.167,0.247,0.101,0.010
0.196,0.234,0.032,0.115,0.237,0.157,0.030
0.153,0.280,0.048,0.084,0.238,0.152,0.045
0.062,0.376,0.044,0.036,0.161,0.207,0.114
0.049,0.397,0.057,0.027,0.155,0.186,0.129
0.046,0.383,0.049,0.026,0.141,0.199,0.154
0.040,0.400,0.053,0.022,0.138,0.190,0.156
0.042,0.386,0.049,0.024,0.135,0.198,0.166
0.039,0.396,0.051,0.022,0.135,0.192,0.165
0.044,0.368,0.042,0.026,0.132,0.205,0.183
0.035,0.362,0.033,0.022,0.111,0.217,0.220
0.037,0.363,0.036,0.023,0.116,0.211,0.215
0.036,0.374,0.042,0.022,0.122,0.199,0.204
0.027,0.350,0.027,0.017,0.091,0.219,0.269
0.025,0.353,0.028,0.016,0.091,0.209,0.278
0.024,0.327,0.022,0.016,0.081,0.221,0.310
0.026,0.325,0.023,0.018,0.086,0.221,0.300
0.028,0.334,0.025,0.019,0.092,0.219,0.282
0.025,0.365,0.029,0.016,0.092,0.211,0.262
0.037,0.364,0.038,0.023,0.118,0.208,0.212
0.040,0.378,0.044,0.024,0.129,0.198,0.187
0.039,0.356,0.035,0.025,0.118,0.215,0.212
0.032,0.375,0.037,0.020,0.112,0.205,0.219
0.030,0.361,0.030,0.019,0.099,0.219,0.242
0.037,0.388,0.048,0.022,0.128,0.195,0.183
0.039,0.392,0.051,0.022,0.131,0.196,0.168
0.033,0.435,0.080,0.017,0.141,0.166,0.128
0.028,0.461,0.111,0.013,0.143,0.143,0.100
0.022,0.480,0.132,0.010,0.136,0.131,0.088
0.024,0.473,0.152,0.011,0.144,0.121,0.075
0.024,0.472,0.154,0.011,0.145,0.121,0.073
0.027,0.461,0.166,0.012,0.154,0.115,0.066
0.023,0.476,0.151,0.010,0.142,0.122,0.076
0.023,0.477,0.142,0.010,0.139,0.126,0.083
0.021,0.483,0.128,0.010,0.132,0.133,0.094
0.023,0.474,0.129,0.011,0.138,0.133,0.092
0.024,0.474,0.127,0.011,0.138,0.134,0.093
0.023,0.475,0.123,0.010,0.134,0.136,0.099
0.017,0.495,0.112,0.008,0.116,0.140,0.112
0.018,0.490,0.120,0.008,0.123,0.136,0.104
0.020,0.489,0.136,0.009,0.130,0.129,0.088
0.028,0.457,0.177,0.012,0.158,0.110,0.058
0.030,0.454,0.183,0.013,0.167,0.106,0.048
0.043,0.438,0.152,0.019,0.194,0.113,0.039
0.155,0.284,0.076,0.073,0.262,0.123,0.026
0.228,0.214,0.042,0.117,0.267,0.117,0.016
0.323,0.134,0.018,0.178,0.241,0.098,0.008
0.431,0.068,0.007,0.236,0.188,0.068,0.003
0.413,0.060,0.005,0.280,0.168,0.072,0.003
0.409,0.052,0.003,0.309,0.153,0.071,0.002
0.473,0.034,0.002,0.311,0.126,0.053,0.001
0.407,0.033,0.002,0.386,0.114,0.057,0.001
0.410,0.033,0.002,0.384,0.114,0.057,0.001
0.444,0.034,0.002,0.340,0.123,0.056,0.001
0.416,0.033,0.002,0.376,0.116,0.057,0.001
0.415,0.033,0.002,0.376,0.117,0.057,0.001
0.470,0.033,0.002,0.318,0.124,0.052,0.001
0.419,0.033,0.002,0.374,0.117,0.056,0.001
0.419,0.033,0.002,0.374,0.116,0.056,0.001
0.460,0.032,0.002,0.331,0.121,0.053,0.001
0.405,0.032,0.002,0.390,0.113,0.057,0.001
0.408,0.032,0.002,0.388,0.113,0.057,0.001
0.464,0.031,0.001,0.332,0.118,0.053,0.001
0.374,0.031,0.002,0.426,0.107,0.060,0.001
0.421,0.032,0.002,0.376,0.114,0.055,0.001
0.464,0.032,0.002,0.326,0.122,0.053,0.001
0.415,0.033,0.002,0.376,0.117,0.057,0.001
0.427,0.032,0.002,0.367,0.117,0.054,0.001
0.473,0.033,0.002,0.315,0.126,0.051,0.001
0.450,0.031,0.001,0.348,0.118,0.051,0.001
0.445,0.031,0.001,0.355,0.116,0.051,0.001
0.437,0.032,0.002,0.357,0.118,0.053,0.001
0.447,0.031,0.001,0.351,0.117,0.052,0.001
0.438,0.031,0.001,0.362,0.115,0.052,0.001
0.423,0.031,0.001,0.378,0.112,0.053,0.001
0.444,0.030,0.001,0.359,0.113,0.052,0.001
0.420,0.030,0.001,0.384,0.111,0.053,0.001
0.459,0.029,0.001,0.346,0.113,0.050,0.001
0.421,0.030,0.001,0.384,0.110,0.053,0.001
0.417,0.030,0.001,0.388,0.110,0.053,0.001
0.463,0.029,0.001,0.344,0.112,0.050,0.001
0.407,0.029,0.001,0.403,0.106,0.053,0.001
0.402,0.029,0.001,0.408,0.105,0.054,0.001
0.467,0.028,0.001,0.343,0.110,0.050,0.001
0.406,0.029,0.001,0.405,0.105,0.053,0.001
0.407,0.029,0.001,0.403,0.106,0.053,0.001
0.471,0.029,0.001,0.333,0.115,0.051,0.001
0.392,0.031,0.001,0.407,0.109,0.058,0.001
0.384,0.032,0.002,0.413,0.109,0.060,0.001
0.460,0.030,0.001,0.343,0.113,0.052,0.001
0.379,0.032,0.002,0.420,0.107,0.060,0.001
0.386,0.032,0.001,0.413,0.108,0.060,0.001
0.438,0.030,0.001,0.364,0.112,0.054,0.001
0.382,0.031,0.001,0.417,0.107,0.060,0.001
0.371,0.032,0.001,0.427,0.105,0.062,0.001
0.440,0.030,0.001,0.362,0.111,0.054,0.001
0.373,0.032,0.002,0.423,0.107,0.062,0.001
0.395,0.035,0.002,0.389,0.116,0.061,0.001
0.480,0.036,0.002,0.294,0.134,0.053,0.001
0.430,0.037,0.002,0.344,0.129,0.057,0.001
0.445,0.043,0.003,0.307,0.144,0.059,0.001
0.476,0.043,0.003,0.268,0.153,0.055,0.001
0.440,0.045,0.003,0.304,0.147,0.060,0.001
0.432,0.047,0.003,0.304,0.150,0.063,0.002
0.463,0.046,0.003,0.273,0.156,0.058,0.002
0.434,0.047,0.003,0.303,0.150,0.062,0.002
0.442,0.045,0.003,0.301,0.148,0.060,0.001
0.457,0.044,0.003,0.288,0.150,0.057,0.001
0.458,0.044,0.003,0.287,0.150,0.057,0.001
0.459,0.044,0.003,0.285,0.151,0.057,0.001
0.449,0.045,0.003,0.293,0.150,0.059,0.001
0.422,0.045,0.003,0.321,0.144,0.064,0.002
0.443,0.046,0.003,0.297,0.150,0.060,0.002
0.478,0.045,0.003,0.256,0.162,0.055,0.001
0.470,0.044,0.003,0.271,0.156,0.054,0.001
0.476,0.044,0.003,0.266,0.156,0.054,0.001
0.490,0.044,0.003,0.245,0.164,0.053,0.001
0.465,0.044,0.003,0.278,0.153,0.055,0.001
0.462,0.044,0.003,0.282,0.152,0.055,0.001
0.491,0.043,0.003,0.248,0.161,0.053,0.001
0.472,0.042,0.003,0.277,0.151,0.054,0.001
0.464,0.043,0.003,0.284,0.151,0.055,0.001
0.492,0.041,0.003,0.255,0.155,0.052,0.001
0.462,0.040,0.002,0.299,0.142,0.053,0.001
0.480,0.041,0.003,0.274,0.149,0.053,0.001
0.484,0.044,0.003,0.254,0.161,0.053,0.001
0.459,0.044,0.003,0.283,0.153,0.056,0.001
0.456,0.044,0.003,0.288,0.151,0.057,0.001
0.460,0.044,0.003,0.283,0.152,0.057,0.001
0.456,0.045,0.003,0.285,0.152,0.057,0.001
0.461,0.045,0.003,0.279,0.154,0.056,0.001
0.472,0.046,0.003,0.261,0.161,0.055,0.001
0.461,0.045,0.003,0.281,0.153,0.056,0.001
0.460,0.045,0.003,0.282,0.153,0.056,0.001
0.470,0.045,0.003,0.267,0.157,0.057,0.001
0.405,0.046,0.003,0.337,0.140,0.067,0.002
0.445,0.045,0.003,0.297,0.148,0.060,0.001
0.475,0.045,0.003,0.260,0.160,0.055,0.001
0.453,0.045,0.003,0.288,0.152,0.058,0.001
0.446,0.044,0.003,0.302,0.147,0.059,0.001
0.462,0.041,0.002,0.293,0.145,0.055,0.001
0.461,0.040,0.002,0.297,0.143,0.055,0.001
0.467,0.039,0.002,0.294,0.143,0.053,0.001
0.493,0.039,0.002,0.266,0.147,0.052,0.001
0.460,0.040,0.002,0.300,0.142,0.054,0.001
0.458,0.040,0.002,0.304,0.140,0.055,0.001
0.478,0.039,0.002,0.283,0.142,0.054,0.001
0.393,0.040,0.002,0.372,0.127,0.065,0.001
0.450,0.033,0.002,0.340,0.120,0.055,0.001
0.390,0.031,0.002,0.411,0.110,0.056,0.001
0.550,0.026,0.001,0.260,0.114,0.048,0.001
0.527,0.026,0.001,0.290,0.111,0.044,0.001
0.458,0.028,0.001,0.356,0.110,0.047,0.001
0.437,0.035,0.002,0.345,0.126,0.054,0.001
0.533,0.034,0.002,0.239,0.139,0.052,0.001
0.412,0.048,0.003,0.318,0.150,0.066,0.002
0.602,0.034,0.003,0.131,0.165,0.063,0.002
0.382,0.052,0.003,0.336,0.148,0.076,0.002
0.474,0.044,0.003,0.267,0.156,0.055,0.001
0.559,0.038,0.003,0.172,0.166,0.060,0.002
0.342,0.057,0.003,0.358,0.144,0.094,0.003
0.457,0.046,0.003,0.281,0.150,0.061,0.002
0.401,0.050,0.003,0.324,0.148,0.071,0.002
0.475,0.043,0.003,0.268,0.152,0.057,0.001
0.414,0.049,0.003,0.315,0.150,0.067,0.002
0.471,0.044,0.003,0.271,0.152,0.058,0.002
0.389,0.052,0.003,0.332,0.147,0.075,0.002
0.468,0.044,0.003,0.273,0.152,0.058,0.002
0.412,0.050,0.003,0.313,0.151,0.068,0.002
0.470,0.044,0.003,0.271,0.153,0.058,0.002
0.399,0.052,0.003,0.320,0.151,0.073,0.002
0.464,0.045,0.003,0.275,0.153,0.058,0.002
0.409,0.052,0.003,0.310,0.154,0.069,0.002
0.533,0.041,0.003,0.203,0.164,0.055,0.001
0.446,0.052,0.004,0.271,0.167,0.060,0.002
0.478,0.047,0.003,0.248,0.167,0.055,0.001
0.479,0.046,0.003,0.251,0.165,0.054,0.001
0.447,0.050,0.004,0.278,0.160,0.060,0.002
0.460,0.051,0.004,0.254,0.169,0.059,0.002
0.415,0.058,0.004,0.284,0.167,0.070,0.002
0.466,0.051,0.004,0.250,0.169,0.059,0.002
0.423,0.055,0.004,0.285,0.164,0.067,0.002
0.425,0.055,0.004,0.283,0.163,0.067,0.002
0.431,0.055,0.004,0.278,0.166,0.065,0.002
0.484,0.050,0.004,0.225,0.179,0.056,0.002
0.443,0.053,0.004,0.269,0.168,0.061,0.002
0.455,0.053,0.004,0.256,0.171,0.059,0.002
0.443,0.053,0.004,0.268,0.168,0.061,0.002
0.471,0.050,0.004,0.245,0.172,0.057,0.002
0.449,0.053,0.004,0.263,0.169,0.060,0.002
0.467,0.051,0.004,0.248,0.172,0.057,0.002
0.444,0.053,0.004,0.268,0.168,0.061,0.002
0.464,0.051,0.004,0.250,0.171,0.058,0.002
0.435,0.055,0.004,0.274,0.167,0.064,0.002
0.441,0.053,0.004,0.271,0.167,0.062,0.002
0.464,0.051,0.004,0.250,0.171,0.058,0.002
0.447,0.053,0.004,0.266,0.168,0.060,0.002
0.464,0.052,0.004,0.249,0.172,0.057,0.002
0.462,0.052,0.004,0.250,0.172,0.058,0.002
0.442,0.054,0.004,0.267,0.169,0.062,0.002
0.457,0.053,0.004,0.252,0.173,0.059,0.002
0.437,0.055,0.004,0.270,0.169,0.063,0.002
0.468,0.051,0.004,0.246,0.172,0.058,0.002
0.430,0.055,0.004,0.278,0.165,0.065,0.002
0.431,0.054,0.004,0.281,0.163,0.065,0.002
0.436,0.053,0.004,0.278,0.164,0.063,0.002
0.462,0.051,0.004,0.252,0.170,0.058,0.002
0.438,0.054,0.004,0.273,0.167,0.063,0.002
0.461,0.052,0.004,0.249,0.173,0.058,0.002
0.474,0.051,0.004,0.238,0.175,0.056,0.002
0.453,0.055,0.004,0.252,0.175,0.059,0.002
0.502,0.057,0.006,0.137,0.217,0.077,0.004
0.207,0.157,0.007,0.202,0.172,0.229,0.026
0.456,0.065,0.005,0.215,0.185,0.070,0.003
0.468,0.063,0.007,0.176,0.230,0.054,0.002
0.540,0.046,0.005,0.151,0.203,0.054,0.002
0.475,0.053,0.005,0.230,0.184,0.052,0.001
0.612,0.033,0.006,0.078,0.216,0.053,0.002
0.535,0.046,0.004,0.166,0.199,0.048,0.001
0.509,0.050,0.005,0.191,0.195,0.049,0.001
0.526,0.047,0.005,0.156,0.212,0.053,0.001
0.484,0.053,0.005,0.214,0.190,0.052,0.001
0.480,0.055,0.005,0.214,0.191,0.053,0.002
0.524,0.048,0.005,0.150,0.216,0.055,0.002
0.469,0.063,0.007,0.200,0.203,0.056,0.002
0.368,0.112,0.018,0.172,0.253,0.074,0.004
0.263,0.185,0.037,0.129,0.277,0.098,0.010
0.201,0.240,0.053,0.099,0.274,0.114,0.019
0.127,0.312,0.049,0.070,0.224,0.171,0.047
0.143,0.295,0.059,0.074,0.243,0.143,0.042
0.121,0.311,0.052,0.067,0.219,0.165,0.064
0.058,0.344,0.029,0.038,0.134,0.239,0.159
0.062,0.344,0.036,0.039,0.149,0.214,0.156
0.056,0.355,0.037,0.034,0.142,0.218,0.159
0.068,0.360,0.050,0.039,0.169,0.192,0.122
0.067,0.364,0.050,0.038,0.169,0.194,0.117
0.071,0.363,0.053,0.040,0.176,0.188,0.109
0.072,0.359,0.051,0.041,0.175,0.192,0.111
0.072,0.358,0.050,0.041,0.174,0.193,0.112
0.069,0.362,0.049,0.040,0.171,0.195,0.114
0.074,0.359,0.053,0.042,0.179,0.188,0.106
0.075,0.357,0.052,0.043,0.179,0.189,0.106
0.075,0.353,0.049,0.043,0.175,0.193,0.112
0.067,0.357,0.046,0.039,0.165,0.200,0.125
0.063,0.360,0.045,0.037,0.160,0.201,0.133
0.058,0.372,0.048,0.034,0.157,0.198,0.134
0.063,0.361,0.047,0.037,0.161,0.199,0.133
0.062,0.362,0.045,0.036,0.158,0.203,0.135
0.066,0.362,0.048,0.038,0.165,0.196,0.125
0.069,0.360,0.049,0.039,0.170,0.194,0.119
0.072,0.352,0.049,0.042,0.172,0.192,0.121
0.055,0.352,0.038,0.034,0.142,0.212,0.166
0.038,0.344,0.026,0.025,0.107,0.232,0.227
0.045,0.349,0.033,0.029,0.125,0.216,0.204
0.045,0.351,0.034,0.029,0.125,0.216,0.200
0.044,0.351,0.032,0.028,0.121,0.222,0.202
0.056,0.349,0.037,0.035,0.142,0.213,0.169
0.062,0.352,0.042,0.037,0.153,0.205,0.149
0.061,0.352,0.042,0.037,0.153,0.205,0.149
0.052,0.355,0.037,0.032,0.137,0.214,0.173
0.044,0.353,0.030,0.028,0.119,0.230,0.196
0.067,0.359,0.049,0.039,0.167,0.193,0.127
0.073,0.361,0.052,0.041,0.177,0.189,0.107
0.082,0.355,0.055,0.046,0.190,0.181,0.090
0.096,0.338,0.050,0.054,0.197,0.185,0.080
0.116,0.321,0.047,0.065,0.218,0.175,0.057
0.209,0.225,0.033,0.117,0.247,0.143,0.026
0.335,0.129,0.019,0.174,0.244,0.091,0.008
0.427,0.080,0.010,0.191,0.223,0.065,0.003
0.395,0.087,0.010,0.215,0.216,0.074,0.004
0.428,0.070,0.007,0.229,0.198,0.066,0.003
0.448,0.065,0.006,0.217,0.200,0.062,0.002
0.392,0.073,0.006,0.261,0.184,0.080,0.003
0.415,0.070,0.006,0.247,0.188,0.071,0.003
0.427,0.068,0.006,0.238,0.192,0.067,0.003
0.431,0.067,0.006,0.236,0.192,0.065,0.002
0.438,0.064,0.006,0.234,0.192,0.063,0.002
0.463,0.060,0.006,0.213,0.199,0.058,0.002
0.439,0.064,0.006,0.235,0.192,0.063,0.002
0.440,0.064,0.006,0.233,0.192,0.063,0.002
0.442,0.064,0.006,0.231,0.192,0.062,0.002
0.433,0.066,0.006,0.235,0.193,0.064,0.002
0.439,0.065,0.006,0.232,0.193,0.063,0.002
0.430,0.065,0.006,0.242,0.188,0.066,0.003
0.399,0.069,0.006,0.267,0.179,0.077,0.003
0.431,0.066,0.006,0.238,0.190,0.066,0.003
0.430,0.070,0.007,0.224,0.202,0.065,0.003
0.426,0.070,0.007,0.233,0.196,0.067,0.003
0.424,0.071,0.007,0.231,0.198,0.067,0.003
0.430,0.069,0.007,0.229,0.198,0.065,0.003
0.433,0.068,0.006,0.230,0.196,0.064,0.002
0.443,0.065,0.006,0.225,0.197,0.061,0.002
0.457,0.064,0.007,0.206,0.207,0.058,0.002
0.433,0.068,0.007,0.229,0.197,0.064,0.002
0.435,0.067,0.006,0.230,0.196,0.064,0.002
0.447,0.064,0.006,0.220,0.199,0.061,0.002
0.402,0.067,0.005,0.269,0.178,0.076,0.003
0.424,0.062,0.005,0.260,0.178,0.068,0.002
0.456,0.058,0.005,0.232,0.187,0.060,0.002
0.447,0.056,0.005,0.254,0.176,0.061,0.002
0.453,0.055,0.004,0.250,0.176,0.060,0.002
0.461,0.056,0.005,0.236,0.183,0.058,0.002
0.455,0.054,0.004,0.251,0.175,0.059,0.002
0.468,0.052,0.004,0.241,0.177,0.056,0.002
0.485,0.052,0.005,0.213,0.189,0.054,0.002
0.458,0.055,0.004,0.245,0.178,0.058,0.002
0.455,0.055,0.004,0.247,0.177,0.059,0.002
0.475,0.054,0.005,0.222,0.187,0.056,0.002
0.431,0.055,0.004,0.279,0.165,0.064,0.002
0.446,0.055,0.004,0.257,0.173,0.062,0.002
0.450,0.056,0.005,0.250,0.177,0.060,0.002
0.460,0.055,0.004,0.243,0.179,0.058,0.002
0.456,0.055,0.004,0.245,0.178,0.059,0.002
0.444,0.056,0.005,0.256,0.175,0.062,0.002
0.453,0.055,0.004,0.250,0.176,0.060,0.002
0.451,0.055,0.004,0.254,0.174,0.060,0.002
0.450,0.055,0.004,0.254,0.174,0.060,0.002
0.448,0.056,0.004,0.255,0.175,0.061,0.002
0.450,0.056,0.004,0.252,0.176,0.061,0.002
0.451,0.055,0.004,0.253,0.175,0.061,0.002
0.428,0.056,0.004,0.278,0.166,0.066,0.002
0.440,0.057,0.004,0.261,0.173,0.063,0.002
0.447,0.057,0.005,0.252,0.177,0.061,0.002
0.450,0.057,0.005,0.249,0.178,0.061,0.002
0.447,0.058,0.005,0.246,0.181,0.061,0.002
0.442,0.060,0.005,0.245,0.183,0.062,0.002
0.442,0.062,0.005,0.240,0.187,0.062,0.002
0.455,0.062,0.006,0.220,0.196,0.058,0.002
0.469,0.061,0.006,0.197,0.210,0.056,0.002
0.456,0.062,0.006,0.219,0.197,0.058,0.002
0.453,0.062,0.006,0.223,0.195,0.059,0.002
0.454,0.062,0.006,0.222,0.196,0.059,0.002
0.451,0.062,0.006,0.225,0.195,0.060,0.002
0.431,0.064,0.006,0.246,0.186,0.065,0.002
0.461,0.061,0.006,0.207,0.205,0.058,0.002
0.437,0.062,0.006,0.244,0.186,0.063,0.002
0.457,0.060,0.006,0.224,0.193,0.058,0.002
0.470,0.058,0.006,0.216,0.195,0.054,0.002
0.593,0.030,0.009,0.059,0.258,0.048,0.002
0.552,0.044,0.006,0.115,0.233,0.048,0.001
0.604,0.036,0.005,0.095,0.207,0.052,0.001
0.535,0.043,0.003,0.192,0.178,0.048,0.001
0.479,0.048,0.004,0.244,0.169,0.054,0.001
0.423,0.058,0.004,0.277,0.168,0.068,0.002
0.411,0.065,0.005,0.269,0.174,0.073,0.003
0.368,0.098,0.010,0.219,0.209,0.089,0.006
0.268,0.167,0.020,0.163,0.232,0.131,0.019
0.152,0.261,0.029,0.098,0.208,0.193,0.060
0.066,0.340,0.033,0.042,0.149,0.227,0.144
0.025,0.409,0.045,0.015,0.109,0.191,0.206
0.008,0.348,0.020,0.006,0.050,0.191,0.378
0.002,0.168,0.002,0.001,0.009,0.146,0.671
0.001,0.133,0.001,0.001,0.007,0.129,0.727
0.003,0.196,0.004,0.003,0.018,0.164,0.612
0.008,0.270,0.010,0.006,0.037,0.193,0.476
0.015,0.347,0.015,0.010,0.061,0.227,0.325
0.126,0.276,0.036,0.074,0.204,0.180,0.104
0.016,0.381,0.020,0.010,0.070,0.223,0.279
0.013,0.373,0.027,0.008,0.068,0.192,0.319
0.010,0.341,0.022,0.007,0.055,0.188,0.376
0.005,0.269,0.008,0.003,0.026,0.178,0.510
0.006,0.304,0.013,0.004,0.036,0.181,0.456
0.008,0.365,0.023,0.005,0.053,0.183,0.362
0.010,0.385,0.017,0.006,0.052,0.214,0.315
0.083,0.191,0.074,0.043,0.358,0.165,0.087
0.004,0.294,0.006,0.002,0.021,0.198,0.475
0.002,0.213,0.004,0.002,0.016,0.154,0.608
0.001,0.146,0.002,0.001,0.007,0.127,0.716
0.003,0.187,0.004,0.002,0.016,0.152,0.636
0.004,0.194,0.005,0.003,0.019,0.161,0.614
0.003,0.202,0.005,0.003,0.019,0.157,0.610
0.001,0.125,0.001,0.000,0.004,0.106,0.764
0.001,0.146,0.002,0.001,0.008,0.124,0.717
0.001,0.147,0.002,0.001,0.007,0.122,0.719
0.001,0.136,0.001,0.001,0.005,0.118,0.739
0.007,0.220,0.004,0.007,0.027,0.226,0.508
0.106,0.254,0.017,0.084,0.148,0.245,0.145
0.127,0.284,0.022,0.084,0.195,0.219,0.068
0.399,0.096,0.010,0.180,0.224,0.084,0.006
0.443,0.067,0.007,0.218,0.198,0.064,0.003
0.404,0.070,0.006,0.259,0.183,0.075,0.003
0.436,0.066,0.006,0.233,0.193,0.064,0.002
0.459,0.060,0.006,0.222,0.193,0.058,0.002
0.452,0.061,0.006,0.228,0.193,0.059,0.002
0.473,0.058,0.006,0.202,0.203,0.056,0.002
0.454,0.060,0.006,0.229,0.191,0.059,0.002
0.449,0.061,0.005,0.233,0.189,0.060,0.002
0.443,0.061,0.005,0.239,0.187,0.062,0.002
0.421,0.063,0.005,0.263,0.178,0.069,0.002
0.453,0.058,0.005,0.237,0.185,0.060,0.002
0.461,0.057,0.005,0.232,0.185,0.058,0.002
0.445,0.057,0.005,0.252,0.178,0.061,0.002
0.461,0.057,0.005,0.229,0.188,0.058,0.002
0.457,0.058,0.005,0.230,0.188,0.059,0.002
0.445,0.058,0.005,0.250,0.179,0.061,0.002
0.457,0.059,0.005,0.227,0.191,0.058,0.002
0.459,0.059,0.005,0.223,0.193,0.058,0.002
0.460,0.059,0.005,0.223,0.192,0.057,0.002
0.460,0.058,0.005,0.227,0.190,0.058,0.002
0.456,0.058,0.005,0.231,0.188,0.059,0.002
0.446,0.057,0.005,0.252,0.177,0.061,0.002
0.466,0.056,0.005,0.228,0.186,0.057,0.002
0.475,0.057,0.005,0.209,0.198,0.055,0.002
0.464,0.057,0.005,0.230,0.187,0.056,0.002
0.478,0.054,0.005,0.219,0.188,0.054,0.002
0.494,0.052,0.005,0.188,0.204,0.055,0.002
0.431,0.056,0.004,0.273,0.170,0.064,0.002
0.461,0.056,0.005,0.235,0.184,0.058,0.002
0.482,0.055,0.005,0.203,0.199,0.055,0.002
0.440,0.058,0.005,0.255,0.178,0.063,0.002
0.435,0.055,0.004,0.271,0.168,0.064,0.002
0.463,0.052,0.004,0.248,0.174,0.058,0.002
0.454,0.050,0.004,0.268,0.164,0.059,0.002
0.453,0.050,0.004,0.270,0.164,0.059,0.002
0.494,0.046,0.003,0.228,0.172,0.055,0.002
0.402,0.049,0.003,0.328,0.146,0.069,0.002
0.442,0.048,0.003,0.290,0.153,0.062,0.002
0.440,0.049,0.003,0.287,0.156,0.063,0.002
0.384,0.053,0.003,0.334,0.146,0.077,0.002
0.436,0.050,0.003,0.290,0.156,0.064,0.002
0.441,0.050,0.003,0.285,0.158,0.062,0.002
0.455,0.048,0.003,0.273,0.159,0.059,0.002
0.445,0.050,0.003,0.279,0.160,0.061,0.002
0.445,0.050,0.003,0.279,0.160,0.061,0.002
0.416,0.051,0.003,0.309,0.152,0.067,0.002
0.453,0.050,0.004,0.268,0.164,0.059,0.002
0.476,0.050,0.004,0.239,0.174,0.056,0.002
0.447,0.051,0.004,0.273,0.163,0.060,0.002
0.447,0.050,0.004,0.276,0.162,0.060,0.002
0.454,0.052,0.004,0.261,0.167,0.061,0.002
0.391,0.051,0.003,0.334,0.145,0.074,0.002
0.427,0.050,0.003,0.298,0.153,0.066,0.002
0.433,0.051,0.003,0.290,0.157,0.064,0.002
0.435,0.051,0.003,0.288,0.157,0.064,0.002
0.431,0.052,0.004,0.287,0.159,0.064,0.002
0.447,0.056,0.004,0.253,0.175,0.062,0.002
0.415,0.064,0.005,0.268,0.174,0.071,0.003
0.376,0.094,0.010,0.221,0.209,0.085,0.005
0.292,0.158,0.024,0.158,0.253,0.105,0.010
0.226,0.216,0.041,0.117,0.266,0.118,0.016
0.208,0.234,0.061,0.097,0.285,0.101,0.013
0.221,0.221,0.068,0.092,0.304,0.085,0.009
0.371,0.031,0.079,0.023,0.452,0.040,0.003
0.230,0.210,0.072,0.093,0.311,0.077,0.007
0.211,0.231,0.062,0.098,0.281,0.103,0.014
0.205,0.235,0.070,0.093,0.288,0.096,0.013
0.204,0.236,0.074,0.091,0.290,0.094,0.012
0.199,0.238,0.077,0.089,0.293,0.092,0.012
0.197,0.242,0.073,0.090,0.288,0.097,0.014
0.191,0.250,0.061,0.092,0.268,0.117,0.020
0.178,0.263,0.067,0.085,0.273,0.114,0.020
0.170,0.271,0.067,0.082,0.269,0.118,0.022
0.183,0.257,0.057,0.091,0.262,0.125,0.024
0.183,0.257,0.055,0.092,0.261,0.127,0.025
0.180,0.260,0.057,0.090,0.261,0.127,0.024
0.168,0.273,0.066,0.082,0.268,0.120,0.023
0.177,0.264,0.059,0.088,0.261,0.128,0.024
0.189,0.252,0.066,0.090,0.277,0.108,0.019
0.181,0.260,0.060,0.089,0.262,0.126,0.022
0.187,0.253,0.073,0.086,0.283,0.103,0.017
0.181,0.258,0.074,0.084,0.281,0.105,0.017
0.169,0.272,0.063,0.084,0.260,0.128,0.024
0.176,0.264,0.069,0.084,0.273,0.113,0.021
0.173,0.268,0.068,0.083,0.271,0.116,0.021
0.173,0.268,0.060,0.086,0.262,0.126,0.025
0.174,0.265,0.051,0.091,0.254,0.138,0.028
0.211,0.229,0.044,0.109,0.260,0.125,0.021
0.242,0.204,0.044,0.118,0.274,0.104,0.014
0.248,0.198,0.042,0.121,0.275,0.102,0.012
0.264,0.185,0.037,0.131,0.270,0.102,0.012
0.277,0.174,0.034,0.137,0.270,0.097,0.010
0.284,0.170,0.033,0.139,0.271,0.094,0.009
0.290,0.165,0.032,0.141,0.271,0.092,0.009
0.273,0.176,0.030,0.143,0.260,0.107,0.012
0.284,0.169,0.032,0.141,0.268,0.096,0.010
0.276,0.174,0.032,0.140,0.264,0.101,0.012
0.238,0.198,0.028,0.137,0.244,0.134,0.021
0.209,0.213,0.025,0.134,0.224,0.164,0.031
0.213,0.211,0.025,0.135,0.226,0.161,0.029
0.263,0.183,0.031,0.138,0.259,0.110,0.015
0.271,0.178,0.031,0.140,0.261,0.106,0.013
0.267,0.182,0.033,0.137,0.264,0.106,0.012
0.261,0.185,0.032,0.137,0.259,0.112,0.014
0.261,0.186,0.033,0.135,0.264,0.108,0.013
0.262,0.185,0.033,0.136,0.263,0.108,0.013
0.276,0.175,0.032,0.140,0.263,0.102,0.012
0.257,0.190,0.036,0.130,0.269,0.105,0.012
0.269,0.181,0.036,0.133,0.270,0.100,0.011
0.269,0.181,0.038,0.132,0.271,0.099,0.011
0.260,0.189,0.047,0.122,0.278,0.094,0.010
0.224,0.213,0.087,0.091,0.296,0.080,0.008
0.113,0.227,0.267,0.041,0.311,0.039,0.003
0.063,0.192,0.442,0.021,0.258,0.022,0.002
0.036,0.148,0.577,0.012,0.213,0.013,0.001
0.028,0.130,0.635,0.009,0.187,0.010,0.001
0.025,0.119,0.667,0.007,0.174,0.008,0.001
0.016,0.103,0.724,0.005,0.146,0.006,0.000
0.012,0.099,0.755,0.004,0.124,0.005,0.000
0.012,0.104,0.761,0.004,0.115,0.005,0.000
0.014,0.104,0.738,0.004,0.133,0.006,0.000
0.021,0.118,0.694,0.006,0.154,0.007,0.000
0.023,0.120,0.677,0.007,0.164,0.008,0.001
0.025,0.125,0.666,0.007,0.168,0.009,0.001
0.025,0.119,0.664,0.008,0.175,0.008,0.001
0.021,0.104,0.679,0.007,0.181,0.007,0.000
0.024,0.111,0.667,0.008,0.182,0.008,0.000
0.028,0.133,0.646,0.008,0.175,0.010,0.001
0.027,0.135,0.647,0.008,0.172,0.010,0.001
0.031,0.130,0.624,0.010,0.195,0.010,0.001
0.035,0.132,0.604,0.011,0.206,0.011,0.001
0.036,0.134,0.599,0.011,0.208,0.011,0.001
0.036,0.134,0.591,0.012,0.214,0.012,0.001
0.040,0.135,0.560,0.014,0.238,0.013,0.001
0.058,0.159,0.451,0.022,0.291,0.018,0.001
0.152,0.214,0.225,0.049,0.314,0.043,0.004
0.194,0.207,0.145,0.071,0.324,0.055,0.004
0.224,0.192,0.111,0.084,0.328,0.058,0.005
0.231,0.188,0.102,0.087,0.329,0.058,0.004
0.220,0.191,0.110,0.084,0.335,0.056,0.004
0.218,0.193,0.112,0.083,0.334,0.056,0.004
0.222,0.189,0.111,0.084,0.335,0.056,0.004
0.226,0.186,0.108,0.085,0.337,0.055,0.004
0.232,0.181,0.104,0.086,0.337,0.055,0.004
0.230,0.184,0.104,0.086,0.336,0.056,0.004
0.223,0.188,0.108,0.084,0.336,0.056,0.004
0.222,0.189,0.109,0.084,0.335,0.056,0.004
0.224,0.192,0.106,0.085,0.330,0.058,0.004
0.221,0.192,0.109,0.084,0.333,0.057,0.004
0.216,0.193,0.114,0.082,0.334,0.056,0.004
0.211,0.198,0.117,0.080,0.332,0.057,0.004
0.213,0.195,0.114,0.082,0.335,0.056,0.004
0.222,0.201,0.100,0.087,0.321,0.063,0.005
0.229,0.197,0.093,0.090,0.321,0.064,0.005
0.234,0.193,0.089,0.092,0.322,0.064,0.005
0.236,0.192,0.089,0.092,0.321,0.064,0.005
0.229,0.189,0.098,0.089,0.332,0.059,0.004
0.233,0.184,0.097,0.089,0.336,0.057,0.004
0.248,0.178,0.087,0.094,0.330,0.059,0.004
0.247,0.179,0.084,0.096,0.329,0.060,0.004
0.252,0.178,0.079,0.099,0.327,0.061,0.004
0.262,0.174,0.068,0.105,0.322,0.064,0.005
0.284,0.167,0.051,0.120,0.300,0.073,0.006
0.300,0.155,0.045,0.125,0.300,0.070,0.005
0.306,0.151,0.044,0.125,0.303,0.067,0.005
0.309,0.142,0.047,0.121,0.316,0.061,0.004
0.312,0.141,0.046,0.121,0.315,0.061,0.004
0.311,0.142,0.046,0.122,0.315,0.061,0.004
0.312,0.142,0.045,0.122,0.313,0.061,0.004
0.312,0.143,0.045,0.123,0.312,0.062,0.004
0.304,0.151,0.045,0.124,0.306,0.066,0.004
0.302,0.152,0.046,0.124,0.305,0.066,0.005
0.303,0.151,0.045,0.124,0.305,0.066,0.004
0.307,0.147,0.044,0.125,0.306,0.066,0.004
0.302,0.156,0.038,0.133,0.288,0.076,0.006
0.298,0.159,0.036,0.136,0.282,0.081,0.007
0.312,0.147,0.035,0.137,0.291,0.073,0.005
0.342,0.128,0.024,0.157,0.270,0.074,0.005
0.386,0.096,0.013,0.191,0.241,0.070,0.003
0.454,0.042,0.003,0.303,0.141,0.056,0.001
0.440,0.029,0.001,0.369,0.110,0.050,0.001
0.411,0.025,0.001,0.417,0.096,0.049,0.001
0.394,0.024,0.001,0.437,0.093,0.050,0.001
0.381,0.025,0.001,0.450,0.092,0.052,0.001
0.411,0.024,0.001,0.421,0.094,0.049,0.001
0.418,0.024,0.001,0.413,0.095,0.048,0.000
0.434,0.024,0.001,0.397,0.097,0.046,0.000
0.491,0.023,0.001,0.344,0.095,0.046,0.000
0.368,0.026,0.001,0.455,0.096,0.054,0.001
0.448,0.023,0.001,0.389,0.092,0.047,0.000
0.372,0.024,0.001,0.461,0.090,0.051,0.001
0.369,0.024,0.001,0.466,0.088,0.052,0.001
0.406,0.024,0.001,0.428,0.092,0.049,0.000
0.419,0.024,0.001,0.412,0.095,0.048,0.000
0.429,0.024,0.001,0.402,0.097,0.047,0.000
0.438,0.025,0.001,0.391,0.099,0.046,0.000
0.505,0.024,0.001,0.325,0.099,0.047,0.000
0.367,0.027,0.001,0.451,0.099,0.054,0.001
0.489,0.023,0.001,0.343,0.095,0.048,0.001
0.357,0.027,0.001,0.463,0.094,0.057,0.001
0.343,0.026,0.001,0.479,0.090,0.060,0.001
0.352,0.028,0.001,0.464,0.095,0.059,0.001
0.437,0.039,0.002,0.333,0.130,0.058,0.001
0.413,0.079,0.009,0.215,0.213,0.068,0.003
0.365,0.118,0.029,0.153,0.264,0.066,0.004
0.168,0.190,0.192,0.049,0.361,0.038,0.002
0.019,0.128,0.629,0.008,0.207,0.008,0.000
0.008,0.082,0.788,0.003,0.115,0.003,0.000
0.004,0.055,0.840,0.002,0.098,0.002,0.000
0.003,0.055,0.866,0.001,0.073,0.001,0.000
0.003,0.053,0.871,0.001,0.070,0.001,0.000
0.003,0.055,0.866,0.001,0.073,0.001,0.000
0.005,0.060,0.839,0.001,0.093,0.002,0.000
0.004,0.048,0.851,0.001,0.095,0.002,0.000
0.003,0.043,0.868,0.001,0.084,0.001,0.000
0.002,0.039,0.890,0.001,0.067,0.001,0.000
0.002,0.039,0.897,0.001,0.061,0.001,0.000
0.001,0.032,0.901,0.000,0.065,0.001,0.000
0.001,0.027,0.902,0.000,0.069,0.001,0.000
0.001,0.027,0.900,0.001,0.071,0.001,0.000
0.002,0.021,0.863,0.001,0.113,0.001,0.000
0.004,0.032,0.788,0.002,0.172,0.002,0.000
0.040,0.120,0.525,0.013,0.291,0.011,0.000
0.167,0.164,0.202,0.049,0.381,0.034,0.002
0.346,0.125,0.046,0.118,0.307,0.055,0.003
0.404,0.095,0.018,0.163,0.257,0.060,0.003
0.415,0.087,0.013,0.178,0.242,0.062,0.003
0.403,0.092,0.014,0.179,0.246,0.064,0.003
0.399,0.093,0.014,0.182,0.243,0.066,0.003
0.395,0.095,0.013,0.187,0.238,0.068,0.004
0.385,0.099,0.014,0.190,0.237,0.072,0.004
0.387,0.098,0.013,0.191,0.236,0.072,0.004
0.400,0.092,0.013,0.186,0.239,0.067,0.003
0.408,0.089,0.013,0.185,0.238,0.065,0.003
0.396,0.094,0.013,0.189,0.236,0.069,0.003
0.387,0.097,0.013,0.191,0.235,0.072,0.004
0.388,0.097,0.013,0.191,0.235,0.072,0.004
0.388,0.098,0.014,0.187,0.239,0.071,0.004
0.378,0.103,0.014,0.189,0.238,0.075,0.004
0.373,0.104,0.014,0.192,0.235,0.078,0.004
0.392,0.095,0.013,0.191,0.235,0.071,0.004
0.402,0.090,0.012,0.194,0.231,0.068,0.003
0.415,0.085,0.012,0.188,0.234,0.064,0.003
0.406,0.090,0.013,0.184,0.240,0.064,0.003
0.407,0.090,0.014,0.171,0.253,0.061,0.003
0.409,0.090,0.015,0.166,0.257,0.059,0.003
0.414,0.090,0.017,0.153,0.269,0.054,0.002
0.487,0.029,0.028,0.039,0.376,0.040,0.002
0.430,0.060,0.023,0.087,0.352,0.047,0.002
0.438,0.055,0.022,0.084,0.349,0.050,0.002
0.426,0.079,0.017,0.134,0.291,0.051,0.002
0.453,0.069,0.013,0.135,0.274,0.053,0.002
0.454,0.068,0.012,0.139,0.270,0.054,0.002
0.424,0.083,0.013,0.167,0.255,0.056,0.002
0.482,0.062,0.010,0.143,0.246,0.055,0.002
0.424,0.083,0.013,0.170,0.251,0.057,0.002
0.413,0.088,0.014,0.172,0.251,0.060,0.003
0.397,0.096,0.016,0.171,0.254,0.063,0.003
0.388,0.101,0.018,0.166,0.260,0.064,0.003
0.377,0.107,0.021,0.157,0.273,0.063,0.003
0.375,0.108,0.022,0.155,0.275,0.062,0.003
0.376,0.108,0.021,0.155,0.275,0.062,0.003
0.382,0.104,0.020,0.158,0.273,0.061,0.003
0.424,0.084,0.014,0.161,0.259,0.057,0.002
0.437,0.077,0.012,0.167,0.249,0.056,0.002
0.440,0.075,0.011,0.171,0.243,0.056,0.002
0.433,0.078,0.011,0.182,0.236,0.058,0.002
0.436,0.077,0.011,0.173,0.243,0.057,0.002
0.430,0.079,0.012,0.175,0.244,0.058,0.002
0.422,0.082,0.011,0.185,0.236,0.060,0.003
0.430,0.079,0.011,0.177,0.242,0.058,0.002
0.431,0.078,0.011,0.183,0.235,0.059,0.002
0.434,0.077,0.010,0.186,0.231,0.059,0.002
0.432,0.078,0.010,0.186,0.232,0.059,0.002
0.428,0.079,0.011,0.185,0.235,0.060,0.002
0.431,0.079,0.011,0.183,0.236,0.059,0.002
0.431,0.078,0.010,0.185,0.235,0.059,0.002
0.448,0.071,0.009,0.185,0.226,0.058,0.002
0.423,0.080,0.010,0.196,0.227,0.062,0.003
0.425,0.079,0.010,0.196,0.225,0.062,0.003
0.429,0.077,0.010,0.196,0.225,0.061,0.003
0.433,0.075,0.009,0.196,0.224,0.060,0.002
0.445,0.070,0.008,0.199,0.218,0.059,0.002
0.461,0.060,0.006,0.216,0.198,0.057,0.002
0.483,0.048,0.004,0.238,0.173,0.054,0.001
0.502,0.034,0.002,0.277,0.136,0.048,0.001
0.492,0.030,0.001,0.307,0.122,0.047,0.001
0.482,0.028,0.001,0.328,0.113,0.048,0.001
0.385,0.024,0.001,0.451,0.091,0.048,0.000
0.425,0.023,0.001,0.414,0.091,0.046,0.000
0.424,0.022,0.001,0.416,0.090,0.046,0.000
0.385,0.022,0.001,0.460,0.085,0.047,0.000
0.395,0.021,0.001,0.452,0.085,0.046,0.000
0.408,0.022,0.001,0.436,0.088,0.045,0.000
0.469,0.022,0.001,0.370,0.094,0.044,0.000
0.473,0.023,0.001,0.364,0.096,0.043,0.000
0.488,0.023,0.001,0.347,0.098,0.043,0.000
0.486,0.023,0.001,0.348,0.099,0.043,0.000
0.468,0.023,0.001,0.365,0.100,0.043,0.000
0.540,0.022,0.001,0.297,0.097,0.043,0.000
0.536,0.023,0.001,0.299,0.097,0.044,0.000
0.410,0.030,0.001,0.394,0.111,0.053,0.001
0.458,0.030,0.001,0.344,0.115,0.050,0.001
0.458,0.031,0.001,0.341,0.118,0.050,0.001
0.460,0.030,0.001,0.340,0.118,0.049,0.001
0.500,0.030,0.001,0.298,0.123,0.047,0.001
0.501,0.030,0.001,0.297,0.123,0.047,0.001
0.474,0.030,0.001,0.325,0.121,0.048,0.001
0.467,0.031,0.001,0.332,0.119,0.049,0.001
0.462,0.031,0.001,0.337,0.118,0.050,0.001
0.451,0.031,0.001,0.348,0.117,0.051,0.001
0.454,0.031,0.001,0.344,0.119,0.050,0.001
0.497,0.030,0.001,0.300,0.124,0.047,0.001
0.521,0.030,0.001,0.273,0.128,0.046,0.001
0.521,0.030,0.001,0.272,0.128,0.046,0.001
0.486,0.032,0.002,0.303,0.129,0.047,0.001
0.559,0.032,0.002,0.221,0.139,0.047,0.001
0.564,0.032,0.002,0.212,0.143,0.046,0.001
0.574,0.033,0.002,0.196,0.147,0.047,0.001
0.572,0.033,0.002,0.196,0.149,0.047,0.001
0.524,0.040,0.003,0.221,0.164,0.048,0.001
0.519,0.041,0.003,0.224,0.164,0.049,0.001
0.519,0.041,0.003,0.224,0.164,0.049,0.001
0.518,0.040,0.003,0.226,0.163,0.049,0.001
0.518,0.040,0.003,0.227,0.163,0.049,0.001
0.531,0.039,0.003,0.215,0.163,0.048,0.001
0.537,0.039,0.003,0.207,0.165,0.048,0.001
0.537,0.039,0.003,0.207,0.165,0.049,0.001
0.512,0.040,0.003,0.236,0.159,0.049,0.001
0.500,0.040,0.003,0.250,0.156,0.050,0.001
0.500,0.040,0.003,0.251,0.156,0.050,0.001
0.511,0.039,0.003,0.241,0.156,0.049,0.001
0.514,0.039,0.003,0.237,0.158,0.049,0.001
0.528,0.039,0.002,0.223,0.159,0.048,0.001
0.526,0.039,0.003,0.223,0.160,0.048,0.001
0.530,0.039,0.003,0.217,0.163,0.048,0.001
0.526,0.040,0.003,0.221,0.162,0.048,0.001
0.535,0.039,0.003,0.211,0.164,0.048,0.001
0.526,0.040,0.003,0.217,0.165,0.048,0.001
0.523,0.042,0.003,0.211,0.171,0.049,0.001
0.523,0.043,0.003,0.206,0.175,0.049,0.001
0.528,0.043,0.003,0.198,0.177,0.049,0.001
0.528,0.043,0.003,0.198,0.178,0.049,0.001
0.519,0.044,0.003,0.207,0.176,0.049,0.001
0.511,0.044,0.003,0.217,0.173,0.050,0.001
0.513,0.043,0.003,0.218,0.171,0.050,0.001
0.513,0.043,0.003,0.220,0.170,0.050,0.001
0.509,0.043,0.003,0.224,0.169,0.050,0.001
0.504,0.044,0.003,0.228,0.169,0.050,0.001
0.506,0.044,0.003,0.226,0.170,0.050,0.001
0.516,0.043,0.003,0.215,0.172,0.050,0.001
0.516,0.043,0.003,0.215,0.172,0.049,0.001
0.526,0.042,0.003,0.207,0.172,0.049,0.001
0.528,0.042,0.003,0.204,0.173,0.049,0.001
0.534,0.042,0.003,0.197,0.175,0.049,0.001
0.523,0.043,0.003,0.206,0.175,0.049,0.001
0.531,0.042,0.003,0.200,0.174,0.049,0.001
0.533,0.042,0.003,0.200,0.173,0.048,0.001
0.542,0.040,0.003,0.191,0.174,0.049,0.001
0.537,0.040,0.003,0.202,0.169,0.048,0.001
0.536,0.038,0.002,0.217,0.159,0.048,0.001
0.539,0.033,0.002,0.239,0.141,0.046,0.001
0.543,0.033,0.002,0.232,0.143,0.046,0.001
0.540,0.034,0.002,0.229,0.147,0.047,0.001
0.532,0.037,0.002,0.227,0.154,0.047,0.001
0.532,0.038,0.002,0.221,0.158,0.048,0.001
0.532,0.038,0.002,0.220,0.158,0.048,0.001
0.542,0.036,0.002,0.216,0.155,0.047,0.001
0.533,0.036,0.002,0.229,0.151,0.047,0.001
0.532,0.036,0.002,0.231,0.151,0.047,0.001
0.525,0.037,0.002,0.235,0.152,0.047,0.001
0.531,0.037,0.002,0.227,0.154,0.048,0.001
0.531,0.037,0.002,0.227,0.154,0.047,0.001
0.536,0.036,0.002,0.224,0.154,0.047,0.001
0.538,0.036,0.002,0.223,0.153,0.047,0.001
0.538,0.036,0.002,0.223,0.153,0.047,0.001
0.535,0.036,0.002,0.225,0.153,0.047,0.001
0.538,0.036,0.002,0.221,0.154,0.047,0.001
0.538,0.036,0.002,0.223,0.153,0.047,0.001
0.528,0.035,0.002,0.243,0.145,0.047,0.001
0.529,0.035,0.002,0.241,0.146,0.046,0.001
0.563,0.036,0.002,0.195,0.155,0.049,0.001
0.514,0.047,0.004,0.203,0.180,0.052,0.001
0.414,0.082,0.009,0.207,0.215,0.070,0.004
0.303,0.147,0.018,0.159,0.248,0.110,0.015
0.083,0.247,0.010,0.079,0.120,0.294,0.167
0.010,0.148,0.002,0.014,0.021,0.257,0.548
0.003,0.087,0.001,0.006,0.009,0.176,0.718
0.002,0.061,0.000,0.003,0.004,0.142,0.787
0.002,0.068,0.000,0.004,0.006,0.157,0.762
0.010,0.110,0.002,0.017,0.021,0.228,0.612
0.008,0.109,0.001,0.012,0.017,0.208,0.644
0.004,0.082,0.001,0.007,0.009,0.177,0.720
0.001,0.036,0.000,0.001,0.001,0.113,0.847
0.002,0.062,0.000,0.004,0.005,0.144,0.783
0.002,0.065,0.000,0.005,0.006,0.157,0.764
0.001,0.051,0.000,0.003,0.004,0.139,0.801
0.001,0.051,0.000,0.003,0.004,0.138,0.802
0.001,0.049,0.000,0.003,0.003,0.135,0.807
0.001,0.048,0.000,0.003,0.003,0.131,0.814
0.001,0.052,0.000,0.003,0.004,0.136,0.804
0.002,0.054,0.000,0.003,0.004,0.141,0.796
0.002,0.061,0.000,0.004,0.005,0.154,0.773
0.004,0.086,0.001,0.007,0.010,0.181,0.710
0.005,0.092,0.001,0.008,0.012,0.188,0.694
0.005,0.089,0.001,0.010,0.012,0.194,0.689
0.003,0.060,0.000,0.007,0.006,0.176,0.748
0.002,0.049,0.000,0.006,0.004,0.173,0.765
0.002,0.044,0.000,0.008,0.004,0.190,0.751
0.001,0.030,0.000,0.006,0.002,0.180,0.780
0.001,0.026,0.000,0.006,0.002,0.182,0.783
0.001,0.031,0.000,0.008,0.003,0.194,0.762
0.001,0.021,0.000,0.005,0.001,0.175,0.797
0.001,0.021,0.000,0.006,0.001,0.186,0.785
0.001,0.024,0.000,0.007,0.002,0.197,0.769
0.001,0.024,0.000,0.007,0.002,0.197,0.770
0.001,0.023,0.000,0.006,0.001,0.185,0.783
0.001,0.022,0.000,0.006,0.001,0.186,0.783
0.001,0.023,0.000,0.006,0.001,0.189,0.779
0.001,0.029,0.000,0.009,0.002,0.226,0.732
0.006,0.070,0.001,0.028,0.010,0.345,0.540
