4859844,1
4859852,1
4859861,1
4859869,1
4859877,1
4859886,1
4859894,1
4859902,1
4859911,1
4859919,1
4859927,1
4859936,1
4859944,1
4859952,1
4859961,1
4859969,1
4859977,3
4859986,3
4859994,1
4860002,5
4860011,1
4860019,1
4860027,1
4860036,1
4860044,1
4860052,1
4860061,1
4860069,5
4860077,5
4860086,5
4860094,5
4860102,5
4860111,5
4860119,5
4860127,1
4860136,1
4860144,3
4860152,5
4860161,5
4860169,5
4860177,5
4860186,4
4860202,4
4860211,4
4860219,4
4860227,1
4860236,1
4860244,5
4860252,5
4860261,5
4860269,5
4860277,5
4860286,5
4860294,5
4860302,5
4860311,5
4860319,5
4860327,5
4860336,5
4860344,5
4860352,5
4860361,5
4860369,5
4860386,5
4860394,5
4860411,5
4860419,5
4860427,5
4860436,4
4860444,4
4860452,4
4860461,4
4860469,4
4860477,4
4860486,4
4860494,4
4860502,4
4860511,4
4860519,0
4860527,0
4860544,0
4860552,0
4860561,0
4860569,0
4860577,0
4860585,0
4860594,0
4860602,0
4860611,0
4860619,0
4860627,0
4860636,0
4860644,0
4860652,0
4860661,0
4860669,0
4860677,0
4860686,0
4860694,0
4860702,4
4860711,4
4860719,4
4860727,4
4860736,4
4860744,5
4860752,5
4860761,1
4860785,1
4860794,1
4860811,1
4860985,1
4861011,5
4861027,5
4861035,1
4861060,1
4861069,1
4861077,1
4861086,1
4861094,1
4861102,1
4861111,1
4861119,1
4861127,1
4861136,1
4861144,1
4861152,1
4861161,1
4861169,1
4861177,1
4861185,1
4861194,1
4861202,1
4861210,1
4861219,1
4861227,1
4861236,1
4861244,1
4861252,1
4861260,1
4861269,1
4861277,1
4861285,1
4861294,1
4861302,1
4861310,1
4861319,1
4861327,1
4861335,1
4861344,1
4861352,1
4861361,1
4861369,1
4861377,1
4861385,1
4861394,1
4861402,1
4861410,1
4861419,5
4861427,5
4861435,5
4861444,5
4861452,5
4861461,5
4861469,5
4861477,5
4861486,5
4861494,5
4861502,5
4861511,5
4861519,5
4861528,5
4861535,5
4861544,5
4861552,1
4861561,1
4861569,1
4861577,5
4861585,5
4861594,5
4861602,5
4861611,5
4861619,5
4861627,5
4861635,5
4861644,5
4861652,5
4861660,5
4861669,5
4861677,5
4861685,5
4861694,5
4861702,5
4861710,5
4861719,5
4861727,5
4861735,5
4861744,5
4861752,5
4861761,5
4861769,5
4861777,5
4861785,5
4861794,5
4861802,5
4861810,5
4861819,5
4861827,5
4861835,5
4861844,5
4861852,5
4861860,5
4861869,5
4861877,5
4861886,5
4861894,5
4861902,5
4861911,5
4861919,5
4861927,5
4861935,5
4861944,5
4861952,5
4861960,5
4861969,5
4861977,5
4861985,5
4861994,5
4862002,5
4862010,5
4862019,5
4862027,5
4862036,5
4862044,5
4862052,5
4862060,5
4862069,5
4862077,5
4862085,5
4862094,5
4862102,5
4862110,5
4862119,5
4862127,5
4862135,5
4862144,5
4862152,5
4862160,5
4862169,5
4862177,5
4862185,5
4862194,5
4862202,5
4862210,5
4862219,5
4862227,5
4862235,5
4862244,5
4862252,5
4862261,5
4862269,5
4862277,5
4862285,5
4862294,5
4862302,5
4862310,5
4862319,5
4862327,5
4862335,5
4862344,5
4862352,5
4862360,5
4862369,5
4862377,5
4862385,5
4862394,5
4862402,5
4862410,5
4862419,5
4862427,5
4862435,5
4862444,5
4862452,5
4862460,5
4862469,5
4862477,5
4862485,5
4862494,5
4862502,5
4862510,5
4862519,5
4862527,5
4862535,5
4862544,5
4862552,5
4862560,5
4862569,5
4862577,5
4862585,1
4862594,1
4862602,1
4862610,1
4862619,1
4862627,1
4862635,1
4862644,1
4862652,1
4862660,1
4862669,1
4862677,1
4862685,1
4862694,1
4862702,1
4862710,1
4862719,1
4862727,1
4862735,1
4862744,1
4862752,1
4862760,1
4862769,1
4862777,1
4862785,1
4862794,1
4862802,1
4862810,5
4862819,5
4862827,5
4862835,5
4862844,5
4862852,5
4862860,5
4862869,5
4862877,5
4862885,5
4862894,5
4862902,5
4862910,5
4862919,5
4862927,5
4862935,5
4862944,5
4862952,5
4862960,5
4862969,5
4862977,1
4862985,1
4862994,1
4863002,1
4863010,1
4863019,1
4863027,1
4863035,1
4863044,1
4863052,1
4863060,1
4863069,1
4863077,1
4863085,1
4863094,1
4863102,1
4863110,1
4863119,1
4863127,1
4863135,1
4863144,1
4863152,1
4863160,1
4863169,1
4863177,1
4863185,1
4863194,1
4863202,1
4863210,1
4863219,1
4863227,1
4863235,1
4863244,1
4863252,1
4863260,1
4863269,1
4863277,1
4863285,1
4863294,1
4863302,1
4863310,1
4863319,2
4863327,2
4863335,2
4863344,2
4863352,2
4863360,2
4863369,2
4863377,1
4863385,1
4863394,1
4863402,1
4863410,1
4863419,1
4863427,1
4863435,1
4863444,1
4863452,1
4863461,1
4863469,1
4863477,1
4863485,1
4863494,2
4863502,2
4863510,2
4863519,2
4863527,2
4863535,2
4863544,2
4863552,2
4863560,2
4863569,2
4863577,2
4863585,2
4863594,2
4863602,2
4863610,2
4863619,2
4863627,2
4863635,2
4863644,2
4863652,2
4863660,2
4863669,2
4863677,2
4863685,2
4863694,2
4863702,2
4863710,2
4863719,2
4863727,2
4863735,2
4863744,2
4863752,2
4863760,2
4863769,2
4863777,2
4863785,2
4863794,2
4863802,2
4863810,2
4863819,2
4863827,2
4863836,2
4863844,2
4863860,2
4863869,2
4863877,2
4863885,2
4863894,2
4863902,2
4863910,2
4863919,2
4863927,3
4863935,3
4863952,3
4863960,3
4863969,3
4863977,3
4863985,1
4863994,1
4864002,1
4864010,1
4864019,1
4864027,1
4864035,1
4864044,1
4864052,1
4864060,1
4864069,1
4864077,1
4864085,1
4864094,1
4864102,1
4864110,1
4864119,1
4864127,1
4864135,1
4864144,1
4864152,1
4864160,1
4864169,3
4864177,3
4864185,3
4864194,3
4864202,3
4864210,3
4864219,3
4864227,3
4864235,3
4864244,3
4864252,3
4864260,3
4864269,3
4864277,3
4864285,3
4864294,3
4864302,3
4864310,3
4864319,3
4864327,3
4864335,3
4864344,3
4864352,3
4864360,3
4864369,3
4864377,3
4864385,3
4864394,3
4864402,3
4864410,3
4864419,3
4864427,3
4864435,3
4864444,3
4864460,3
4864469,3
4864485,3
4864494,3
4864510,3
4864518,3
4864527,3
4864535,3
4864544,3
4864560,3
4864569,3
4864577,3
4864585,3
4864594,3
4864602,3
4864610,3
4864619,3
4864627,3
4864635,3
4864643,5
4864669,5
4864677,5
4864694,5
4864719,5
4864735,3
4864744,3
4864760,3
4864768,3
4864777,3
4864785,3
4864794,3
4864802,3
4864810,3
4864819,3
4864827,4
4864835,4
4864844,4
4864860,4
4864869,3
4864885,3
4864894,3
4864902,3
4864918,3
4864927,4
4864935,4
4864943,4
4864952,4
4864960,4
4864969,4
4864977,4
4864993,4
4865002,4
4865010,2
4865018,2
4865027,2
4865035,2
4865043,2
4865052,2
4865060,2
4865068,2
4865077,2
4865085,2
4865093,2
4865102,2
4865110,2
4865119,2
4865127,2
4865143,2
4865152,2
4865160,2
4865169,2
4865177,2
4865185,2
4865193,2
4865202,2
4865210,2
4865218,2
4865227,2
4865235,2
4865243,2
4865252,2
4865260,2
4865269,2
4865277,2
4865285,2
4865293,2
4865302,2
4865310,2
4865318,2
4865327,2
4865335,2
4865343,2
4865352,2
4865360,2
4865368,2
4865377,2
4865393,2
4865418,2
4865427,2
4865435,2
4865443,2
4865469,2
4865477,2
4865493,2
4865510,2
4865518,2
4865527,2
4865535,2
4865543,2
4865552,2
4865568,2
4865577,2
4865585,2
4865593,2
4865610,2
4865618,2
4865627,2
4865635,2
4865643,2
4865652,2
4865660,2
4865668,2
4865677,2
4865685,2
4865693,2
4865702,2
4865710,2
4865718,2
4865727,2
4865735,2
4865743,2
4865752,2
4865760,2
4865768,2
4865777,2
4865785,2
4865793,2
4865802,2
4865810,2
4865818,2
4865827,2
4865835,2
4865843,2
4865852,2
4865860,2
4865868,2
4865877,2
4865885,2
4865893,2
4865902,2
4865910,2
4865918,2
4865927,2
4865935,2
4865952,2
4865960,2
4865969,2
4865977,2
4865985,2
4865993,2
4866002,2
4866010,2
4866018,2
4866027,2
4866035,2
4866043,2
4866052,2
4866060,2
4866068,3
4866077,3
4866085,3
4866093,3
4866102,3
4866110,3
4866118,3
4866127,3
4866135,3
4866143,3
4866152,3
4866160,3
4866168,3
4866177,3
4866185,3
4866193,3
4866202,3
4866210,3
4866218,3
4866227,3
4866235,3
4866243,3
4866252,3
4866268,3
4866277,3
4866285,3
4866293,3
4866302,3
4866310,3
4866318,3
4866327,4
4866343,4
4866352,2
4866368,2
4866377,2
4866385,2
4866393,2
4866402,2
4866410,2
4866418,2
4866427,2
4866435,2
4866443,2
4866452,2
4866460,2
4866468,2
4866477,2
4866485,2
4866493,2
4866502,2
4866510,2
4866518,2
4866527,2
4866535,2
4866543,2
4866552,2
4866568,2
4866577,2
4866593,2
4866602,2
4866610,2
4866618,2
4866627,2
4866635,2
4866643,2
4866652,2
4866668,2
4866677,2
4866685,2
4866693,2
4866702,2
4866710,2
4866718,2
4866727,2
4866735,2
4866743,2
4866752,2
4866760,2
4866768,2
4866777,2
4866785,2
4866793,2
4866802,2
4866810,2
4866818,2
4866827,2
4866835,2
4866843,2
4866852,2
4866868,2
4866877,2
4866885,2
4866893,2
4866902,2
4866910,1
4866918,1
4866927,1
4866935,1
4866943,1
4866952,1
4866960,1
4866968,1
4866977,1
4866985,1
4866994,1
4867002,1
4867010,1
4867018,1
4867027,1
4867035,1
4867043,1
4867052,1
4867060,1
4867068,1
4867077,1
4867085,1
4867093,1
4867102,1
4867110,1
4867118,1
4867127,1
4867135,1
4867143,1
4867152,1
4867160,1
4867168,1
4867177,1
4867185,1
4867193,1
4867202,1
4867210,1
4867218,2
4867227,2
4867235,2
4867243,2
4867252,2
4867260,2
4867268,2
4867277,2
4867285,2
4867293,2
4867302,2
4867310,2
4867318,2
4867327,2
4867335,2
4867343,2
4867360,2
4867368,2
4867377,2
4867385,2
4867393,2
4867402,2
4867418,2
4867427,2
4867435,2
4867443,2
4867452,2
4867460,1
4867485,1
4867502,1
4867510,1
4867527,1
4867535,1
4867552,1
4867577,1
4867602,1
4867610,1
4867627,1
4867635,1
4867652,1
4867660,1
4867677,1
4867685,1
4867710,1
4867727,1
4867735,1
4867760,1
4867768,5
4867785,5
4867794,5
4867802,5
4867810,2
4867818,2
4867827,2
4867835,2
4867843,2
4867852,2
4867860,2
4867868,2
4867877,2
4867885,2
4867893,2
4867902,2
4867918,2
4867926,2
4867935,2
4867943,2
4867952,2
4867960,2
4867968,2
4867977,2
4867993,2
4868018,2
4868027,2
4868035,2
4868043,2
4868060,2
4868068,2
4868093,2
4868118,2
4868168,2
4868193,2
4868210,2
4868243,2
4868268,2
4868293,2
4868343,2
4868490,2
4868515,2
4868532,2
4868540,2
4868565,2
4868582,2
4868607,2
4868632,2
4868640,2
4868657,2
4868665,2
4868682,2
4868690,2
4868707,2
4868715,2
4868732,2
4868757,2
4868765,2
4868782,2
4868790,2
4868807,2
4868832,2
4868865,2
4868873,2
4868890,2
4868898,2
4868932,2
4868990,2
4869015,2
4869032,2
4869040,2
4869056,5
4869081,5
4869115,5
4869140,5
4869165,5
4869181,5
4869190,5
4869206,5
4869215,5
4869231,0
4869240,0
4869256,0
4869265,0
4869281,0
4869290,0
4869306,0
4869315,0
4869332,0
4869340,0
4869356,0
4869365,0
4869381,0
4869390,0
4869407,0
4869415,0
4869431,0
4869440,0
4869456,0
4869465,0
4869481,0
4869490,0
4869506,0
4869515,0
4869531,0
4869637,0
4869645,1
4869670,1
4869678,1
4869695,0
4869712,0
4869720,0
4869737,0
4869745,0
4869762,0
4869770,0
4869778,0
4869787,0
4869795,0
4869803,0
4869812,0
4869820,0
4869828,0
4869836,0
4869845,0
4869853,0
4869862,0
4869870,0
4869878,0
4869886,0
4869895,0
4869903,0
4869911,0
4869920,0
4869928,0
4869936,0
4869945,0
4869953,0
4869961,0
4869970,0
4869986,0
4869995,0
4870012,5
4870020,2
4870036,2
4870045,2
4870061,2
4870070,2
4870078,2
4870086,2
4870095,2
4870111,2
4870120,2
4870136,2
4870145,2
4870170,2
4870186,2
4870195,2
4870211,2
4870220,2
4870236,2
4870245,2
4870262,2
4870270,2
4870287,2
4870295,2
4870312,2
4870320,2
4870336,2
4870345,2
4870361,2
4870370,2
4870386,2
4870395,2
4870412,2
4870420,2
4870436,2
4870445,2
4870461,2
4870470,2
4870486,2
4870495,2
4870511,2
4870520,2
4870536,2
4870545,2
4870561,2
4870570,2
4870578,2
4870586,2
4870595,2
4870611,2
4870620,2
4870636,2
4870645,2
4870661,2
4870670,2
4870678,2
4870686,2
4870695,2
4870720,2
4870736,4
4870745,4
4870753,4
4870770,0
4870778,0
4870786,0
4870795,0
4870812,0
4870820,0
4870828,0
4870836,0
4870845,0
4870853,0
4870861,0
4870870,0
4870878,0
4870886,0
4870895,0
4870903,0
4870911,0
4870920,0
4870928,0
4870936,0
4870945,0
4870953,0
4870961,0
4870970,0
4870986,0
4871003,0
4871011,0
4871028,0
4871036,0
4871061,0
4871078,0
4871145,0
4871211,0
4871236,0
4871261,0
4871278,4
4871311,4
4871378,0
4871386,0
4871428,0
4871436,0
4871445,0
4871453,0
4871461,0
4871486,0
4871536,0
4871553,0
4871561,0
4871578,0
4871678,0
4871686,0
4871711,1
4871728,1
4871753,1
4871762,3
4871778,3
4871786,3
4871803,3
4871836,3
4871845,3
4871861,3
4871886,2
4871999,2
4872024,2
4872032,2
4872049,2
4872074,2
4872082,2
4872099,2
4872107,2
4872132,2
4872149,2
4872157,2
4872174,2
4872182,2
4872207,2
4872232,2
4872249,2
4872257,2
4872274,2
4872766,2
4872791,2
4872891,2
4872916,2
4872924,2
4872941,2
4872957,2
4873070,2
4873078,2
4873103,2
4873128,2
4873153,2
4873178,2
4873203,2
4873295,2
4873303,2
4873328,2
4873458,4
4873466,4
4873475,4
4873533,5
4873583,5
4873600,5
4873625,5
4873650,5
4873666,5
4873700,5
4873725,5
4873750,5
4873766,5
4873800,5
4873825,5
4873850,4
4873900,5
4873925,5
4873950,5
4873966,5
4873991,5
4874050,5
4874066,5
4874075,5
4874091,1
4874100,1
4874116,1
4874125,1
4874150,4
4874175,4
4874183,4
4874200,2
4874216,2
4874241,2
4874275,4
4874300,4
4874308,4
4874316,4
4874325,4
4874341,4
4874350,4
4874375,4
4874400,4
4874408,4
4874416,4
4874425,4
4874441,4
4874466,4
4874475,4
4874483,4
4874571,4
4874596,4
4874621,5
4874654,5
4874696,5
4874721,5
4874746,5
4874762,5
4874771,5
4874796,5
4874821,5
4874871,5
4874896,5
4874921,5
4874946,4
4874971,5
4874996,5
4875021,5
4875046,4
4875096,5
4875121,5
4875146,5
4875179,5
4875196,5
4875221,5
4875296,4
4875321,4
4875346,4
4875379,4
4875396,5
4875421,5
4875496,5
4875521,5
4875546,4
4875667,5
4875675,5
4875692,5
4875792,5
4875867,5
4875892,5
4875967,5
4875992,5
4876017,4
4876042,4
4876058,2
4876067,2
4876092,2
4876133,2
4876158,2
4876167,2
4876217,4
4876242,4
4876267,4
4876275,4
4876292,4
4876317,4
4876350,4
4876467,5
4876492,5
4876567,5
4876592,5
4877113,4
4877313,4
4877471,4
4877496,4
4877613,4
4877942,4
4877984,4
4878117,4
4878142,4
4879760,4
4879918,4
4879934,4
4879960,4
4879985,4
4880010,4
4880034,4
4880085,4
4880109,4
4880143,4
4880160,4
4880184,4
4880210,5
4880234,5
4880243,5
4880259,5
4880284,4
4880309,4
4880335,5
4880359,5
4880384,0
4880418,0
4880451,0
4880459,0
4880509,0
4880609,0
4880684,2
4880709,2
4880865,2
4880890,2
4880931,2
4880940,4
4880948,4
4880964,4
4880973,4
4880989,4
4881031,2
4881039,2
4881048,2
4881056,2
4881064,2
4881090,2
4881131,2
4881139,2
4881189,2
4881231,2
4881239,4
4881248,4
4881265,4
4881289,4
4881331,4
4881356,4
4881364,4
4881389,4
4881414,4
4881431,4
4881439,4
4881465,1
4881489,1
4881506,1
4881531,1
4881556,3
4881890,3
4881906,5
4882012,5
4882036,5
4882061,5
4882086,4
4882111,4
4882119,4
4882286,4
4882644,4
4882678,4
4882686,4
4882711,4
4882778,4
4882928,4
4882936,4
4883319,4
4883419,4
4883444,4
4883519,4
4883553,4
4883578,1
4883603,1
4883628,1
4883653,1
4883678,1
4883703,1
4883719,4
4883728,4
4883869,2
4883894,2
4883919,2
4884094,2
4884169,2
4884194,3
4884211,3
4884219,3
4884228,3
4884244,3
4884253,3
4884269,3
4884286,3
4884294,3
4884311,3
4884319,3
4884328,3
4884344,3
4884361,3
4884386,3
4884411,3
4884419,3
4884436,3
4884444,3
4884461,3
4884469,3
4884494,3
4884511,3
4884544,3
4884561,3
4884569,3
4884586,3
4884594,3
4884636,3
4884644,3
4884661,3
4884669,3
4884694,3
4884719,3
4884736,3
4884833,3
4884841,5
4884849,5
4884857,5
4884866,5
4884874,5
4884882,5
4884891,5
4884899,5
4884907,5
4884924,5
4884932,5
4884941,5
4884949,5
4884957,5
4884974,5
4884982,5
4884999,5
4885007,5
4885016,5
4885024,5
4885032,3
4885049,3
4885057,3
4885074,3
4885082,3
4885099,3
4885107,3
4885124,3
4885133,3
4885141,4
4885157,4
4885174,4
4885182,4
4885207,2
4885232,2
4885257,2
4885307,2
4885332,2
4885357,2
4885382,2
4885407,2
4885432,2
4885457,2
4885782,4
4886453,4
4886917,4
4887092,4
4887100,3
4887117,3
4887125,3
4887175,3
4887183,3
4887192,3
4887200,3
4887217,3
4887225,3
4887242,3
4887250,3
4887258,3
4887267,3
4887275,3
4887283,3
4887308,3
4887325,3
4887342,3
4887350,3
4887358,3
4887367,3
4887375,3
4887400,3
4887408,3
4887442,3
4887450,3
4887467,3
4887475,3
4887500,3
4887525,3
4887533,3
4887550,3
4887575,3
4887600,3
4887617,3
4887642,3
4887650,3
4887667,3
4887675,3
4887692,3
4887700,3
4887708,3
4887717,3
4887839,1
4887855,1
4887863,1
4887888,4
4887913,4
4887938,2
4887963,2
4887972,2
4888022,2
4888038,2
4888063,2
4888138,2
4888163,2
4888238,2
4888263,2
