4979841,5
4979850,5
4979858,5
4979866,5
4979875,5
4979883,5
4979891,5
4979900,5
4979908,5
4979916,5
4979925,5
4979933,5
4979942,5
4979950,5
4979958,5
4979966,5
4979975,5
4979983,5
4979991,5
4980000,5
4980008,5
4980016,5
4980025,5
4980033,5
4980050,5
4980058,5
4980066,5
4980075,5
4980083,5
4980091,5
4980100,5
4980108,5
4980117,5
4980125,5
4980133,5
4980141,5
4980150,5
4980158,5
4980166,5
4980175,5
4980183,5
4980191,5
4980200,5
4980208,5
4980225,5
4980233,5
4980241,5
4980250,5
4980258,5
4980266,5
4980275,5
4980283,5
4980291,5
4980300,5
4980308,5
4980316,5
4980325,5
4980333,5
4980341,5
4980350,5
4980358,5
4980366,5
4980375,5
4980383,5
4980391,5
4980400,5
4980408,5
4980416,5
4980425,5
4980433,5
4980441,5
4980450,5
4980458,5
4980466,5
4980475,5
4980483,5
4980492,5
4980500,5
4980508,5
4980516,5
4980525,5
4980533,5
4980541,5
4980550,5
4980558,5
4980566,5
4980575,5
4980583,5
4980591,5
4980600,5
4980617,5
4980625,5
4980633,5
4980641,5
4980650,5
4980658,5
4980666,5
4980675,5
4980683,5
4980691,5
4980700,5
4980708,5
4980717,5
4980725,5
4980733,5
4980742,5
4980750,5
4980758,5
4980766,5
4980775,5
4980783,5
4980791,5
4980800,5
4980808,5
4980816,5
4980825,5
4980833,5
4980841,5
4980850,5
4980858,5
4980866,5
4980875,5
4980883,5
4980891,5
4980900,5
4980908,5
4980916,5
4980925,5
4980933,5
4980941,5
4980950,5
4980966,5
4980975,5
4980983,5
4980991,5
4981000,5
4981008,5
4981016,5
4981025,5
4981033,5
4981041,5
4981050,5
4981058,5
4981066,5
4981075,5
4981083,5
4981091,5
4981100,5
4981108,5
4981116,5
4981125,5
4981133,5
4981150,5
4981158,5
4981166,5
4981175,5
4981183,5
4981191,5
4981200,5
4981208,5
4981216,5
4981225,5
4981233,5
4981241,5
4981250,5
4981258,5
4981266,5
4981283,5
4981291,5
4981300,5
4981308,5
4981316,5
4981325,5
4981333,5
4981341,5
4981350,5
4981358,5
4981366,5
4981375,5
4981391,5
4981400,5
4981408,5
4981417,5
4981425,5
4981433,5
4981441,5
4981450,5
4981458,5
4981466,5
4981475,5
4981491,5
4981500,5
4981508,5
4981516,5
4981525,5
4981533,5
4981550,5
4981558,5
4981566,5
4981575,5
4981583,5
4981591,5
4981600,5
4981608,5
4981616,5
4981625,5
4981633,5
4981641,5
4981650,5
4981658,5
4981666,5
4981675,5
4981683,5
4981691,5
4981700,5
4981708,5
4981716,5
4981725,5
4981733,5
4981741,5
4981750,5
4981758,5
4981766,5
4981775,5
4981783,5
4981791,5
4981800,5
4981808,5
4981816,5
4981825,5
4981833,5
4981841,5
4981850,5
4981858,5
4981866,5
4981875,5
4981883,5
4981891,5
4981900,5
4981908,5
4981916,5
4981925,5
4981933,5
4981942,5
4981950,5
4981958,5
4981966,5
4981975,5
4981983,5
4981991,5
4982000,5
4982008,5
4982016,5
4982025,5
4982033,5
4982041,5
4982050,5
4982058,5
4982066,5
4982075,5
4982083,5
4982091,5
4982100,5
4982108,5
4982116,5
4982125,5
4982133,5
4982141,5
4982150,5
4982158,5
4982166,5
4982175,5
4982183,5
4982200,5
4982208,5
4982216,5
4982225,5
4982233,5
4982241,5
4982250,5
4982258,5
4982266,5
4982275,1
4982283,1
4982500,1
4982508,1
4982516,1
4982525,1
4982533,1
4982550,1
4982558,1
4982566,1
4982575,1
4982583,1
4982591,1
4982600,1
4982608,1
4982616,1
4982625,1
4982633,1
4982641,1
4982650,1
4982658,1
4982666,1
4982675,1
4982683,1
4982691,1
4982700,1
4982708,1
4982716,1
4982725,1
4982733,1
4982742,1
4982750,1
4982758,1
4982766,1
4982775,1
4982783,1
4982791,1
4982800,1
4982808,1
4982816,1
4982825,1
4982833,1
4982841,1
4982850,1
4982858,1
4982866,1
4982875,1
4982883,1
4982891,1
4982900,1
4982908,1
4982917,1
4982925,1
4982933,1
4982941,1
4982950,1
4982958,1
4982966,1
4982975,1
4982983,1
4982991,1
4983000,1
4983008,1
4983016,1
4983025,1
4983033,1
4983041,1
4983050,1
4983058,1
4983066,1
4983075,1
4983083,1
4983091,1
4983100,1
4983108,1
4983116,1
4983125,1
4983133,1
4983141,1
4983150,1
4983158,1
4983166,5
4983175,5
4983183,5
4983191,5
4983200,5
4983208,5
4983216,5
4983224,5
4983233,1
4983241,1
4983249,1
4983258,1
4983266,1
4983275,1
4983283,1
4983291,1
4983300,1
4983308,1
4983316,1
4983325,1
4983333,1
4983341,1
4983350,1
4983358,1
4983366,1
4983374,1
4983383,1
4983391,1
4983399,1
4983408,1
4983416,1
4983424,1
4983433,1
4983441,1
4983450,1
4983458,1
4983466,1
4983475,1
4983483,1
4983491,1
4983499,1
4983508,1
4983516,1
4983524,1
4983533,1
4983541,1
4983549,1
4983558,1
4983566,1
4983575,1
4983583,1
4983591,1
4983600,1
4983608,1
4983616,1
4983624,1
4983633,1
4983641,1
4983649,1
4983658,1
4983666,1
4983674,1
4983683,1
4983691,1
4983699,1
4983708,1
4983716,1
4983724,1
4983733,1
4983741,1
4983749,1
4983758,1
4983766,1
4983774,1
4983783,1
4983791,1
4983799,1
4983808,1
4983816,1
4983824,1
4983833,1
4983841,1
4983849,1
4983858,1
4983866,1
4983875,1
4983883,1
4983891,1
4983899,1
4983908,1
4983916,1
4983924,1
4983933,1
4983941,1
4983949,1
4983958,5
4983966,5
4983974,5
4983983,5
4983991,5
4983999,5
4984008,5
4984016,5
4984025,5
4984033,5
4984041,5
4984049,5
4984058,5
4984066,5
4984074,5
4984083,5
4984091,5
4984099,5
4984108,1
4984116,1
4984124,1
4984133,1
4984141,1
4984149,1
4984158,1
4984166,1
4984174,1
4984183,1
4984191,1
4984199,1
4984208,1
4984216,1
4984224,1
4984233,1
4984241,1
4984249,1
4984258,1
4984266,1
4984275,1
4984283,1
4984291,1
4984299,1
4984308,1
4984316,1
4984324,1
4984333,1
4984341,1
4984349,1
4984358,1
4984366,1
4984374,1
4984383,1
4984391,1
4984399,1
4984408,1
4984416,1
4984424,1
4984433,1
4984441,1
4984449,1
4984458,1
4984466,1
4984474,1
4984483,1
4984491,1
4984499,1
4984508,1
4984516,1
4984524,1
4984533,1
4984541,1
4984549,1
4984558,1
4984566,1
4984574,1
4984583,1
4984591,1
4984599,1
4984608,1
4984616,1
4984624,1
4984633,1
4984641,1
4984649,1
4984658,1
4984666,1
4984674,1
4984683,1
4984691,1
4984699,1
4984708,1
4984716,1
4984724,1
4984733,1
4984741,1
4984749,1
4984758,1
4984766,1
4984774,1
4984783,1
4984791,1
4984799,1
4984808,1
4984816,1
4984824,1
4984833,1
4984841,1
4984849,1
4984858,1
4984866,1
4984874,1
4984883,1
4984891,1
4984899,1
4984908,1
4984916,1
4984924,1
4984933,1
4984941,1
4984949,1
4984958,1
4984966,1
4984974,1
4984983,1
4984991,1
4984999,1
4985008,1
4985016,1
4985024,1
4985033,1
4985041,1
4985049,1
4985058,1
4985066,1
4985074,1
4985083,1
4985091,1
4985099,1
4985108,1
4985116,1
4985124,1
4985133,1
4985141,1
4985149,1
4985158,1
4985166,1
4985174,1
4985183,1
4985191,1
4985199,1
4985208,1
4985216,1
4985224,1
4985233,1
4985241,1
4985249,1
4985258,1
4985466,5
4985474,5
4985483,5
4985491,5
4985499,5
4985508,5
4985516,5
4985524,5
4985533,5
4985541,5
4985549,5
4985558,5
4985566,5
4985574,5
4985583,5
4985591,5
4985599,5
4985608,5
4985616,5
4985624,5
4985633,5
4985641,5
4985649,5
4985658,5
4985666,5
4985674,5
4985683,5
4985691,5
4985699,5
4985708,5
4985716,5
4985724,5
4985733,5
4985741,5
4985749,5
4985758,5
4985766,5
4985774,5
4985783,5
4985791,5
4985799,5
4985808,5
4985816,5
4985824,5
4985833,5
4985841,5
4985850,5
4985858,5
4985866,5
4985874,5
4985883,5
4985891,5
4985899,1
4985908,1
4985916,1
4985924,1
4985933,1
4985941,1
4985949,5
4985958,5
4985966,5
4985974,5
4985983,5
4985991,5
4985999,5
4986008,5
4986016,1
4986024,1
4986033,1
4986041,1
4986049,1
4986058,1
4986066,1
4986074,1
4986083,1
4986091,1
4986099,1
4986108,1
4986116,1
4986124,1
4986133,1
4986141,1
4986149,1
4986158,1
4986166,1
4986174,1
4986183,1
4986191,1
4986199,1
4986208,1
4986216,1
4986224,1
4986233,1
4986241,1
4986249,1
4986258,1
4986266,1
4986274,1
4986283,1
4986291,1
4986299,1
4986308,1
4986316,1
4986324,1
4986333,1
4986341,1
4986349,1
4986358,1
4986366,1
4986374,1
4986383,1
4986391,1
4986399,1
4986408,1
4986416,5
4986424,5
4986433,5
4986441,0
4986449,0
4986458,0
4986466,0
4986474,0
4986483,0
4986491,0
4986499,0
4986516,0
4986524,0
4986541,0
4986549,0
4986558,0
4986566,0
4986574,0
4986583,0
4986591,0
4986599,0
4986616,0
4986624,0
4986641,0
4986649,0
4986666,0
4986674,0
4986691,0
4986699,0
4986716,0
4986724,0
4986741,0
4986749,0
4986766,0
4986774,0
4986791,0
4986799,0
4986816,0
4986824,0
4986841,0
4986849,0
4986866,0
4986874,0
4986891,0
4986899,0
4986916,0
4986924,0
4986941,0
4986949,0
4986966,0
4986974,0
4986991,0
4986999,0
4987016,0
4987024,0
4987041,0
4987049,0
4987066,0
4987074,0
4987091,0
4987099,0
4987116,0
4987124,0
4987324,1
4987341,1
4987349,1
4987366,1
4987374,5
4987391,5
4987399,5
4987416,5
4987424,5
4987441,5
4987449,5
4987466,5
4987474,5
4987491,5
4987499,5
4987516,5
4987524,5
4987541,5
4987549,5
4987566,5
4987574,5
4987591,5
4987599,5
4987616,5
4987624,1
4987641,1
4987649,1
4987666,1
4987674,1
4987691,1
4987699,1
4987716,1
4987724,1
4987741,1
4987749,1
4987766,1
4987774,1
4987791,1
4987799,1
4987807,1
4987816,1
4987824,1
4987832,1
4987841,1
4987849,1
4987857,1
4987866,1
4987874,1
4987882,1
4987891,1
4987899,1
4987907,1
4987916,1
4987924,1
4987932,1
4987941,1
4987949,1
4987957,1
4987966,1
4987974,1
4987982,1
4987991,1
4987999,1
4988007,1
4988016,1
4988024,1
4988032,5
4988041,5
4988049,5
4988057,5
4988066,5
4988074,5
4988082,5
4988091,5
4988099,5
4988107,5
4988116,5
4988124,5
4988132,5
4988141,5
4988149,5
4988157,1
4988166,1
4988174,1
4988182,1
4988191,1
4988199,1
4988207,1
4988216,1
4988224,1
4988232,1
4988241,1
4988249,1
4988257,1
4988266,1
4988274,1
4988283,1
4988291,1
4988299,1
4988307,1
4988316,1
4988324,1
4988332,1
4988341,1
4988349,1
4988357,1
4988366,1
4988374,1
4988382,1
4988391,1
4988399,1
4988407,1
4988416,1
4988424,1
4988432,1
4988441,1
4988449,1
4988457,1
4988466,1
4988474,1
4988482,1
4988491,1
4988499,1
4988507,1
4988516,1
4988524,1
4988532,1
4988541,1
4988549,1
4988557,1
4988566,1
4988574,1
4988582,1
4988591,1
4988599,1
4988607,1
4988616,1
4988624,1
4988632,1
4988641,1
4988649,1
4988657,1
4988666,1
4988674,1
4988683,1
4988691,1
4988699,1
4988707,1
4988716,1
4988724,5
4988732,5
4988741,5
4988749,5
4988757,5
4988766,5
4988774,5
4988782,5
4988791,5
4988799,5
4988807,5
4988816,5
4988824,5
4988832,5
4988841,5
4988849,5
4988857,5
4988866,5
4988874,5
4988882,5
4988891,5
4988899,5
4988907,5
4988916,5
4988924,5
4988932,5
4988941,5
4988949,5
4988957,5
4988966,5
4988974,5
4988982,5
4988991,5
4988999,5
4989007,5
4989016,5
4989024,5
4989032,5
4989041,5
4989049,5
4989057,5
4989066,5
4989074,5
4989082,5
4989091,5
4989099,5
4989107,5
4989116,5
4989124,5
4989132,5
4989141,5
4989149,5
4989157,5
4989166,5
4989174,5
4989183,5
4989191,5
4989199,5
4989207,5
4989216,5
4989224,5
4989232,5
4989241,5
4989249,5
4989257,5
4989266,5
4989274,5
4989282,5
4989291,5
4989299,5
4989307,5
4989316,5
4989324,5
4989332,5
4989341,5
4989349,5
4989357,5
4989366,5
4989374,5
4989382,5
4989391,5
4989399,5
4989407,5
4989416,5
4989424,5
4989432,5
4989441,5
4989449,1
4989457,1
4989466,1
4989474,1
4989482,1
4989491,1
4989499,1
4989507,1
4989516,1
4989524,1
4989532,1
4989541,1
4989549,1
4989557,1
4989566,1
4989574,1
4989583,1
4989591,1
4989599,1
4989607,1
4989616,1
4989624,1
4989632,1
4989641,1
4989649,1
4989657,1
4989666,1
4989674,1
4989682,1
4989691,1
4989699,1
4989707,1
4989716,1
4989724,1
4989732,1
4989741,1
4989749,1
4989757,1
4989766,1
4989774,1
4989782,1
4989791,1
4989799,1
4989807,1
4989816,1
4989824,1
4989832,1
4989841,1
4989849,1
4989857,1
4989866,1
4989874,2
4989882,2
4989891,2
4989899,2
4989907,2
4989916,2
4989924,2
4989932,2
4989941,2
4989949,2
4989957,2
4989966,2
4989974,2
4989982,2
4989991,2
4989999,2
4990007,2
4990016,2
4990024,2
4990032,2
4990041,2
4990049,2
4990057,2
4990066,2
4990074,2
4990082,2
4990091,2
4990099,2
4990107,2
4990116,2
4990124,2
4990132,2
4990141,2
4990149,2
4990157,2
4990166,2
4990174,2
4990182,2
4990191,2
4990199,2
4990207,2
4990216,2
4990224,2
4990232,2
4990241,2
4990249,2
4990257,2
4990266,2
4990274,2
4990282,2
4990291,2
4990299,2
4990307,2
4990316,2
4990324,2
4990332,2
4990341,2
4990349,2
4990357,2
4990366,2
4990374,2
4990382,2
4990391,2
4990399,2
4990407,2
4990416,2
4990424,2
4990432,2
4990441,2
4990449,2
4990457,1
4990466,1
4990474,1
4990482,1
4990491,1
4990499,1
4990507,1
4990516,1
4990524,1
4990532,1
4990540,1
4990549,1
4990557,1
4990566,1
4990574,1
4990582,1
4990591,1
4990599,1
4990607,1
4990615,1
4990624,1
4990632,1
4990640,1
4990649,1
4990657,1
4990665,1
4990674,1
4990682,1
4990691,1
4990699,1
4990707,1
4990716,1
4990724,1
4990732,1
4990741,1
4990749,1
4990757,1
4990766,1
4990774,1
4990782,1
4990791,1
4990799,1
4990807,1
4990816,1
4990824,1
4990832,1
4990841,1
4990849,1
4990857,1
4990866,1
4990874,1
4990882,1
4990891,1
4990899,1
4990907,1
4990916,1
4990924,1
4990932,1
4990940,1
4990949,1
4990957,1
4990965,1
4990974,1
4990982,1
4990990,1
4990999,1
4991007,1
4991015,1
4991024,1
4991032,1
4991040,1
4991049,1
4991057,1
4991066,1
4991074,1
4991082,1
4991090,1
4991099,1
4991107,1
4991116,1
4991124,1
4991132,1
4991140,1
4991149,1
4991157,1
4991165,1
4991174,1
4991182,1
4991190,1
4991199,1
4991207,1
4991216,1
4991224,1
4991232,1
4991241,1
4991249,1
4991257,1
4991265,1
4991274,1
4991282,1
4991290,1
4991299,1
4991307,1
4991315,1
4991324,1
4991332,1
4991340,1
4991349,1
4991357,1
4991365,1
4991374,1
4991382,1
4991390,1
4991399,1
4991407,1
4991416,1
4991424,1
4991432,1
4991440,1
4991449,1
4991457,1
4991465,1
4991474,1
4991482,1
4991490,1
4991499,1
4991507,1
4991515,1
4991524,1
4991532,1
4991540,1
4991549,1
4991557,1
4991565,1
4991574,1
4991582,1
4991590,1
4991599,1
4991607,1
4991615,1
4991624,1
4991632,1
4991640,1
4991649,1
4991657,1
4991665,1
4991674,1
4991682,1
4991690,1
4991699,1
4991707,1
4991715,1
4991724,1
4991732,1
4991740,1
4991749,1
4991757,1
4991765,1
4991774,1
4991782,1
4991790,1
4991799,1
4991807,1
4991815,1
4991824,1
4991832,1
4991840,1
4991849,1
4991857,1
4991865,1
4991874,1
4991882,1
4991890,1
4991899,1
4991907,1
4991915,1
4991924,1
4991932,1
4991949,1
4991957,1
4991965,1
4991974,1
4991982,1
4991990,1
4991999,5
4992007,5
4992015,5
4992024,5
4992032,5
4992040,5
4992049,5
4992057,5
4992065,5
4992074,5
4992082,5
4992090,5
4992099,5
4992107,5
4992115,5
4992124,5
4992132,5
4992140,5
4992149,5
4992157,5
4992165,5
4992174,5
4992182,5
4992190,5
4992199,5
4992207,5
4992215,5
4992224,5
4992232,5
4992240,5
4992249,5
4992257,5
4992265,5
4992274,5
4992282,5
4992290,5
4992299,5
4992307,5
4992315,5
4992324,5
4992332,5
4992340,5
4992349,5
4992357,5
4992365,5
4992374,5
4992382,5
4992390,5
4992399,5
4992407,5
4992416,5
4992424,1
4992432,1
4992440,1
4992449,1
4992457,1
4992465,1
4992474,1
4992482,1
4992490,2
4992499,2
4992507,2
4992516,2
4992524,2
4992532,2
4992540,2
4992549,2
4992557,2
4992565,2
4992574,2
4992582,2
4992590,2
4992599,2
4992607,2
4992615,2
4992624,2
4992632,2
4992640,2
4992649,2
4992657,2
4992665,2
4992674,2
4992682,2
4992690,2
4992699,2
4992707,2
4992715,2
4992724,2
4992732,2
4992740,2
4992749,2
4992757,2
4992765,2
4992774,2
4992782,2
4992790,2
4992799,2
4992807,2
4992815,2
4992824,2
4992832,2
4992840,2
4992849,2
4992857,2
4992865,2
4992874,2
4992882,2
4992890,2
4992899,2
4992907,2
4992915,2
4993149,2
4993157,2
4993165,2
4993174,2
4993182,2
4993190,2
4993199,2
4993207,2
4993215,2
4993224,2
4993232,2
4993240,2
4993249,2
4993257,2
4993265,2
4993274,2
4993282,2
4993290,2
4993299,2
4993307,2
4993315,2
4993324,2
4993332,2
4993340,2
4993349,2
4993357,2
4993365,2
4993374,2
4993382,2
4993390,2
4993399,2
4993407,2
4993415,2
4993424,2
4993432,2
4993440,2
4993449,2
4993457,2
4993465,2
4993474,2
4993482,2
4993490,2
4993499,2
4993507,2
4993515,2
4993524,2
4993532,2
4993540,2
4993549,2
4993557,2
4993565,2
4993574,2
4993582,2
4993590,2
4993599,2
4993607,2
4993616,2
4993624,2
4993632,2
4993641,2
4993649,2
4993657,2
4993665,2
4993674,2
4993682,2
4993690,2
4993699,2
4993707,2
4993715,2
4993724,2
4993732,2
4993740,2
4993749,2
4993757,2
4993765,2
4993774,2
4993782,2
4993790,2
4993799,2
4993807,2
4993816,2
4993824,2
4993832,2
4993840,2
4993849,2
4993857,2
4993865,2
4993874,2
4993882,2
4993890,2
4993899,2
4993907,2
4993915,2
4993924,2
4993932,2
4993940,2
4993949,2
4993957,2
4993965,2
4993974,2
4993982,2
4993990,2
4993999,2
4994007,2
4994015,2
4994024,2
4994032,2
4994040,2
4994049,2
4994057,2
4994065,2
4994074,2
4994082,2
4994090,2
4994099,2
4994107,2
4994115,2
4994124,2
4994132,2
4994140,2
4994149,2
4994157,2
4994165,2
4994174,2
4994182,2
4994190,2
4994198,2
4994207,2
4994215,2
4994224,2
4994232,2
4994240,2
4994249,2
4994257,2
4994265,2
4994274,2
4994282,2
4994290,2
4994298,2
4994307,2
4994315,2
4994323,2
4994332,2
4994340,2
4994349,2
4994357,2
4994365,2
4994373,2
4994382,2
4994390,2
4994399,2
4994407,2
4994415,2
4994423,2
4994432,2
4994440,2
4994449,2
4994457,2
4994465,2
4994474,2
4994482,2
4994490,2
4994498,1
4994507,1
4994515,1
4994523,1
4994532,1
4994540,1
4994548,1
4994557,1
4994565,1
4994573,1
4994582,1
4994590,1
4994598,1
4994607,1
4994615,1
4994623,1
4994632,1
4994640,1
4994649,1
4994657,1
4994665,1
4994673,1
4994682,1
4994690,1
4994698,1
4994707,1
4994715,1
4994723,1
4994732,1
4994740,1
4994748,1
4994757,1
4994765,1
4994773,1
4994782,1
4994790,1
4994799,1
4994807,1
4994815,1
4994823,1
4994832,1
4994840,1
4994848,1
4994857,1
4994865,1
4994873,1
4994882,1
4994890,1
4994899,1
4994907,1
4994915,1
4994924,1
4994932,1
4994940,1
4994948,1
4994957,1
4994965,1
4994973,1
4994982,1
4994990,1
4994998,2
4995007,2
4995015,2
4995023,2
4995032,2
4995040,2
4995048,2
4995057,2
4995065,2
4995073,2
4995082,2
4995090,2
4995098,2
4995107,2
4995115,2
4995123,2
4995132,2
4995140,2
4995148,2
4995157,2
4995165,2
4995173,2
4995182,2
4995190,2
4995198,2
4995207,2
4995215,2
4995223,2
4995232,2
4995240,2
4995248,2
4995257,2
4995265,1
4995274,1
4995282,1
4995299,1
4995307,1
4995315,5
4995332,5
4995340,5
4995348,5
4995357,1
4995365,1
4995373,1
4995382,1
4995390,1
4995398,1
4995407,1
4995415,1
4995423,1
4995432,1
4995440,1
4995448,1
4995457,1
4995465,1
4995473,1
4995482,5
4995490,5
4995499,5
4995507,5
4995515,5
4995523,5
4995532,5
4995540,5
4995548,5
4995557,5
4995565,5
4995573,5
4995582,5
4995590,5
4995598,5
4995607,5
4995615,5
4995623,5
4995632,5
4995640,5
4995648,5
4995657,5
4995665,5
4995673,5
4995682,5
4995690,5
4995699,5
4995707,5
4995715,5
4995724,5
4995732,5
4995740,5
4995748,5
4995757,5
4995765,5
4995773,5
4995782,5
4995790,5
4995799,5
4995807,5
4995815,5
4995823,5
4995832,5
4995840,5
4995848,5
4995857,5
4995865,5
4995873,5
4995882,5
4995890,5
4995898,5
4995907,5
4995915,2
4995923,2
4995932,2
4995940,2
4995948,2
4995957,2
4995965,2
4995973,2
4995982,2
4995990,2
4995999,2
4996007,2
4996015,2
4996023,2
4996032,2
4996040,2
4996048,2
4996057,2
4996065,2
4996073,2
4996082,2
4996090,2
4996098,2
4996107,2
4996115,2
4996123,2
4996132,2
4996140,2
4996148,2
4996157,2
4996165,2
4996173,2
4996182,2
4996190,2
4996198,2
4996207,2
4996215,2
4996223,2
4996232,2
4996240,2
4996248,2
4996257,2
4996265,2
4996273,2
4996282,2
4996290,2
4996298,2
4996307,2
4996315,2
4996323,2
4996332,2
4996340,2
4996348,2
4996357,2
4996365,2
4996374,2
4996382,2
4996390,2
4996398,2
4996407,2
4996415,2
4996423,2
4996432,2
4996440,2
4996448,2
4996457,2
4996465,2
4996473,2
4996482,2
4996490,2
4996498,2
4996507,2
4996515,2
4996523,2
4996532,2
4996540,2
4996548,2
4996557,2
4996565,2
4996573,2
4996582,2
4996590,2
4996598,2
4996607,2
4996615,2
4996623,2
4996632,2
4996640,2
4996648,2
4996657,2
4996665,2
4996673,2
4996682,2
4996690,2
4996698,2
4996707,2
4996715,2
4996723,2
4996732,2
4996740,2
4996748,2
4996757,2
4996765,2
4996773,2
4996782,2
4996790,2
4996798,2
4996807,2
4996815,2
4996823,2
4996832,2
4996840,2
4996848,2
4996857,2
4996865,2
4996873,2
4996882,2
4996890,2
4996898,2
4996907,2
4996915,2
4996923,2
4996932,2
4996940,2
4996949,2
4996957,2
4996965,2
4996973,2
4996982,2
4996990,2
4996998,2
4997007,2
4997015,2
4997023,2
4997032,2
4997040,2
4997048,2
4997057,2
4997065,2
4997073,2
4997082,2
4997090,2
4997098,2
4997107,2
4997115,2
4997123,2
4997132,2
4997140,2
4997148,2
4997157,2
4997165,2
4997173,2
4997182,2
4997190,2
4997198,2
4997207,2
4997215,2
4997223,2
4997232,2
4997240,2
4997248,2
4997257,2
4997265,2
4997273,2
4997282,2
4997290,2
4997298,2
4997307,2
4997315,2
4997323,2
4997332,2
4997340,2
4997348,2
4997357,2
4997365,2
4997373,1
4997382,1
4997390,1
4997398,1
4997407,1
4997415,1
4997423,2
4997432,2
4997440,2
4997448,2
4997457,2
4997465,2
4997473,2
4997482,2
4997490,2
4997498,2
4997507,2
4997515,2
4997523,2
4997532,2
4997540,2
4997548,2
4997557,2
4997565,2
4997573,2
4997582,2
4997590,2
4997598,2
4997607,2
4997615,2
4997623,2
4997632,2
4997640,2
4997648,2
4997657,2
4997665,2
4997673,2
4997682,2
4997690,2
4997698,2
4997707,2
4997715,2
4997723,2
4997732,2
4997740,2
4997748,2
4997757,2
4997765,2
4997773,2
4997782,2
4997790,2
4997798,2
4997807,1
4997815,1
4997823,1
4997832,1
4997840,1
4997848,1
4997857,1
4997865,1
4997873,1
4997882,1
4997890,1
4997898,1
4997907,1
4997915,2
4997923,2
4997932,2
4997940,1
4997948,1
4997956,1
4997965,1
4997973,1
4997982,1
4997990,1
4997998,1
4998007,1
4998015,1
4998023,1
4998032,1
4998040,1
4998048,1
4998056,1
4998065,1
4998073,1
4998082,1
4998090,1
4998098,1
4998107,1
4998115,1
4998123,1
4998132,1
4998140,1
4998148,1
4998157,1
4998165,1
4998365,1
4998373,1
4998382,1
4998390,1
4998398,1
4998407,1
4998415,1
4998423,1
4998431,1
4998440,1
4998448,1
4998456,1
4998465,5
4998474,5
4998481,5
4998490,5
4998498,5
4998506,5
4998515,5
4998523,5
4998531,5
4998540,5
4998548,5
4998556,5
4998565,5
4998573,5
4998581,5
4998590,5
4998598,5
4998606,5
4998615,5
4998623,5
4998631,5
4998640,5
4998648,5
4998656,5
4998665,5
4998673,5
4998681,5
4998690,5
4998698,5
4998706,5
4998715,5
4998723,5
4998731,5
4998740,5
4998748,5
4998756,5
4998765,5
4998773,5
4998781,5
4998790,5
4998798,5
4998807,5
4998815,5
4998823,5
4998831,5
4998840,5
4998848,5
4998856,5
4998865,5
4998873,5
4998890,5
4998898,5
4998906,5
4998915,1
4998923,1
4998931,1
4998940,1
4998948,1
4998957,1
4998965,1
4998973,1
4998982,1
4998990,1
4998998,1
4999006,1
4999015,1
4999023,1
4999031,1
4999040,1
4999048,1
4999056,1
4999065,1
4999073,1
4999081,1
4999090,1
4999098,1
4999106,1
4999115,1
4999123,1
4999131,1
4999140,1
4999148,1
4999156,1
4999165,1
4999173,1
4999181,1
4999190,1
4999198,1
4999206,1
4999215,1
4999223,1
4999231,1
4999240,1
4999248,1
4999256,1
4999265,1
4999273,1
4999281,1
4999290,1
4999298,1
4999306,1
4999315,1
4999323,1
4999331,1
4999340,1
4999348,1
4999357,1
4999365,1
4999373,1
4999381,1
4999390,1
4999406,1
4999415,5
4999423,5
4999431,5
4999440,5
4999448,5
4999456,5
4999465,5
4999473,5
4999482,5
4999490,5
4999498,5
4999506,5
4999515,5
4999523,5
4999531,5
4999540,5
4999548,5
4999556,5
4999565,5
4999573,5
4999581,5
4999590,5
4999598,5
4999606,5
4999615,5
4999623,5
4999631,5
4999640,5
4999648,5
4999656,5
4999665,5
4999673,5
4999681,5
4999690,5
4999698,5
4999706,5
4999715,5
4999723,5
4999731,5
4999740,5
4999748,5
4999756,5
4999765,5
4999773,5
4999782,5
4999790,5
4999798,5
4999806,5
4999815,1
4999823,1
4999831,1
4999840,1
4999848,1
4999856,1
4999865,1
4999873,1
4999881,1
4999890,1
4999898,1
4999906,1
4999915,1
4999923,1
4999931,1
4999940,1
4999948,1
4999956,1
4999965,1
4999973,1
4999981,1
4999990,1
4999998,1
5000006,1
5000015,1
5000023,1
5000031,1
5000040,1
5000048,1
5000056,1
5000065,1
5000073,1
5000081,1
5000090,1
5000098,1
5000106,1
5000115,1
5000123,1
5000131,1
5000140,1
5000148,1
5000156,1
5000165,1
5000173,1
5000181,1
5000190,1
5000198,1
5000206,1
5000215,1
5000223,1
5000231,1
5000240,1
5000248,1
5000256,1
5000265,1
5000273,1
5000281,1
5000290,1
5000298,1
5000307,1
5000315,1
5000323,1
5000331,1
5000340,1
5000348,1
5000356,1
5000365,1
5000373,1
5000381,1
5000390,1
5000398,1
5000406,1
5000415,1
5000423,1
5000431,1
5000440,1
5000448,1
5000456,1
5000465,1
5000473,1
5000481,1
5000490,1
5000498,1
5000507,1
5000515,1
5000523,1
5000531,1
5000540,1
5000548,1
5000556,1
5000565,2
5000573,2
5000582,2
5000590,2
5000598,2
5000606,2
5000615,2
5000623,2
5000631,2
5000640,2
5000648,2
5000656,2
5000665,2
5000673,2
5000682,2
5000690,2
5000698,2
5000706,2
5000715,2
5000723,2
5000731,2
5000740,2
5000748,2
5000756,2
5000765,2
5000773,2
5000781,2
5000790,2
5000798,2
5000806,2
5000815,2
5000823,2
5000831,2
5000840,2
5000848,2
5000856,2
5000865,2
5000873,2
5000881,2
5000890,2
5000898,2
5000906,2
5000915,2
5000923,2
5000931,2
5000940,2
5000948,2
5000956,2
5000965,2
5000973,2
5000981,2
5000990,2
5000998,2
5001006,2
5001015,2
5001023,2
5001031,2
5001040,2
5001048,2
5001056,2
5001065,2
5001073,2
5001081,2
5001090,2
5001098,2
5001106,2
5001115,2
5001123,2
5001131,2
5001140,2
5001148,2
5001156,2
5001165,2
5001173,2
5001181,2
5001190,2
5001198,2
5001206,2
5001215,2
5001223,2
5001231,2
5001240,2
5001248,2
5001256,2
5001265,2
5001273,2
5001281,2
5001290,2
5001298,2
5001306,2
5001315,2
5001323,2
5001331,2
5001340,2
5001348,2
5001356,2
5001365,2
5001373,2
5001381,2
5001390,2
5001398,2
5001406,2
5001415,2
5001423,2
5001431,2
5001440,2
5001448,2
5001456,2
5001465,2
5001473,2
5001481,2
5001490,2
5001498,2
5001506,2
5001515,2
5001523,2
5001531,2
5001540,2
5001548,2
5001556,2
5001565,2
5001573,2
5001581,2
5001590,2
5001598,2
5001606,2
5001615,2
5001623,2
5001631,2
5001640,2
5001648,2
5001656,2
5001665,2
5001673,2
5001681,2
5001690,2
5001698,2
5001706,2
5001715,2
5001723,2
5001731,2
5001740,2
5001748,2
5001756,2
5001765,2
5001773,2
5001781,2
5001790,2
5001798,2
5001806,2
5001815,2
5001823,2
5001831,2
5001839,2
5001848,2
5001856,2
5001865,2
5001873,2
5001881,1
5001898,1
5001906,1
5001915,3
5001923,3
5001931,3
5001940,3
5001948,1
5001956,1
5001965,1
5001973,1
5001981,1
5001990,1
5001998,1
5002006,1
5002015,1
5002023,1
5002031,1
5002040,1
5002048,1
5002056,1
5002064,1
5002073,1
5002081,1
5002090,1
5002098,1
5002106,1
5002115,1
5002123,1
5002131,1
5002139,1
5002148,1
5002156,1
5002164,1
5002173,1
5002181,1
5002190,1
5002198,1
5002206,1
5002214,1
5002223,1
5002231,1
5002239,1
5002248,1
5002256,1
5002281,1
5002298,1
5002306,1
5002523,2
5002531,2
5002539,2
5002548,2
5002556,2
5002564,2
5002573,2
5002581,2
5002589,2
5002598,2
5002606,2
5002614,2
5002623,2
5002631,2
5002639,2
5002648,2
5002656,2
5002664,2
5002673,2
5002681,2
5002689,2
5002698,2
5002706,2
5002714,2
5002723,2
5002731,2
5002739,2
5002748,2
5002756,2
5002764,2
5002773,2
5002781,2
5002789,2
5002798,2
5002806,2
5002815,2
5002823,2
5002831,2
5002839,2
5002848,2
5002856,2
5002864,2
5002873,2
5002881,2
5002889,2
5002898,2
5002906,2
5002914,2
5002923,2
5002931,2
5002939,2
5002948,2
5002956,2
5002964,2
5002973,2
5002981,5
5002989,5
5002998,5
5003006,5
5003023,5
5003031,5
5003048,5
5003056,5
5003064,5
5003073,5
5003081,5
5003089,5
5003098,5
5003106,5
5003114,5
5003123,5
5003131,5
5003139,5
5003148,5
5003156,5
5003164,5
5003173,5
5003181,5
5003189,5
5003198,5
5003206,5
5003214,5
5003223,5
5003231,5
5003240,5
5003248,5
5003256,5
5003264,5
5003273,5
5003281,5
5003289,5
5003298,5
5003306,5
5003314,5
5003323,5
5003331,5
5003339,5
5003348,5
5003356,5
5003364,5
5003373,5
5003381,5
5003389,5
5003398,5
5003414,0
5003423,0
5003439,0
5003448,0
5003464,0
5003473,0
5003489,0
5003498,0
5003506,0
5003514,0
5003523,0
5003539,0
5003548,0
5003564,0
5003573,0
5003589,0
5003598,0
5003606,0
5003615,0
5003623,0
5003640,0
5003648,0
5003664,0
5003673,0
5003689,0
5003698,0
5003714,0
5003723,0
5003731,0
5003739,0
5003748,0
5003756,0
5003764,0
5003773,0
5003781,0
5003789,0
5003798,0
5003806,0
5003814,0
5003823,0
5003831,0
5003839,0
5003848,0
5003856,0
5003864,0
5003873,0
5003889,0
5003898,0
5003906,0
5003914,0
5003923,0
5003931,0
5003939,0
5003948,0
5003956,0
5003964,0
5003973,0
5003989,0
5003998,0
5004014,0
5004023,0
5004039,0
5004048,0
5004056,0
5004064,0
5004073,5
5004081,5
5004089,5
5004098,5
5004106,5
5004114,5
5004123,5
5004131,5
5004139,5
5004148,5
5004156,5
5004164,5
5004173,5
5004181,5
5004189,5
5004198,5
5004206,5
5004214,5
5004223,5
5004231,5
5004239,5
5004248,5
5004256,5
5004264,5
5004273,5
5004281,5
5004289,5
5004298,5
5004306,5
5004314,5
5004323,5
5004331,5
5004340,5
5004348,5
5004356,5
5004364,5
5004373,2
5004381,2
5004389,2
5004398,2
5004406,2
5004414,2
5004423,2
5004431,2
5004439,2
5004448,2
5004456,2
5004464,2
5004473,2
5004481,2
5004489,2
5004498,2
5004506,2
5004514,2
5004523,2
5004531,2
5004539,2
5004548,2
5004556,2
5004564,2
5004573,2
5004581,2
5004590,2
5004598,2
5004606,2
5004615,2
5004623,2
5004631,2
5004639,2
5004648,2
5004656,2
5004664,2
5004673,2
5004681,2
5004689,2
5004698,2
5004706,2
5004714,2
5004723,2
5004731,2
5004739,2
5004748,2
5004756,2
5004764,2
5004773,2
5004781,2
5004789,2
5004798,2
5004806,2
5004814,2
5004823,2
5004831,2
5004839,2
5004848,2
5004856,2
5004864,2
5004873,2
5004881,2
5004889,2
5004898,2
5004906,2
5004914,2
5004923,2
5004931,2
5004939,2
5004948,2
5004956,2
5004964,2
5004973,2
5004981,3
5004989,3
5004998,3
5005006,3
5005014,3
5005023,3
5005031,3
5005039,3
5005048,3
5005056,3
5005064,3
5005073,3
5005081,3
5005089,3
5005098,3
5005106,3
5005114,3
5005123,3
5005131,3
5005139,3
5005148,3
5005156,3
5005164,3
5005173,3
5005181,3
5005189,3
5005198,3
5005206,3
5005214,3
5005223,3
5005231,3
5005239,3
5005248,3
5005256,3
5005264,3
5005273,3
5005281,3
5005289,3
5005298,3
5005306,3
5005314,3
5005323,3
5005331,3
5005339,3
5005348,3
5005356,3
5005364,3
5005373,3
5005381,3
5005389,3
5005398,3
5005406,3
5005414,3
5005423,3
5005431,3
5005439,3
5005448,3
5005456,2
5005464,2
5005472,2
5005481,2
5005489,2
5005498,2
5005506,2
5005514,2
5005523,2
5005531,2
5005539,2
5005548,2
5005556,2
5005564,2
5005573,2
5005581,2
5005589,2
5005598,2
5005606,2
5005614,2
5005623,2
5005631,2
5005639,2
5005648,2
5005656,2
5005664,2
5005673,2
5005681,2
5005689,2
5005698,2
5005706,2
5005714,2
5005722,2
5005731,2
5005739,2
5005748,2
5005756,2
5005764,2
5005773,2
5005781,2
5005789,2
5005798,2
5005806,2
5005814,2
5005822,2
5005831,2
5005839,2
5005847,2
5005856,2
5005864,2
5005872,2
5005881,2
5005889,2
5005898,2
5005906,2
5005914,2
5005922,2
5005931,2
5005939,2
5005948,2
5005956,2
5005964,2
5005972,2
5005981,2
5005989,2
5005997,2
5006006,2
5006014,2
5006022,2
5006031,2
5006039,2
5006047,2
5006056,2
5006064,2
5006073,2
5006081,2
5006089,2
5006097,2
5006106,2
5006114,2
5006122,2
5006131,2
5006139,2
5006147,2
5006156,2
5006164,2
5006172,2
5006181,2
5006189,2
5006197,2
5006206,2
5006214,2
5006223,2
5006231,2
5006239,2
5006247,2
5006256,2
5006264,2
5006272,2
5006281,2
5006289,2
5006297,2
5006306,2
5006314,2
5006322,2
5006331,2
5006339,2
5006347,2
5006356,2
5006364,2
5006372,3
5006381,3
5006389,3
5006397,3
5006406,3
5006414,3
5006422,3
5006431,3
5006439,3
5006447,3
5006456,3
5006464,3
5006472,3
5006481,3
5006489,3
5006498,3
5006506,3
5006514,3
5006522,3
5006531,3
5006539,3
5006547,3
5006556,3
5006564,3
5006572,3
5006581,3
5006589,3
5006597,3
5006606,3
5006614,3
5006622,3
5006631,3
5006639,3
5006647,3
5006656,3
5006664,3
5006672,3
5006914,3
5006922,3
5006931,3
5006939,3
5006947,3
5006956,3
5006964,3
5006972,3
5006981,3
5006989,3
5006997,3
5007006,3
5007014,3
5007022,3
5007031,3
5007039,3
5007047,3
5007056,3
5007064,3
5007072,3
5007081,3
5007089,3
5007097,3
5007106,3
5007114,3
5007122,3
5007131,3
5007139,3
5007147,3
5007156,3
5007164,3
5007172,3
5007181,3
5007189,3
5007197,3
5007206,3
5007214,3
5007222,3
5007231,3
5007239,3
5007247,3
5007256,3
5007264,3
5007272,3
5007281,3
5007289,3
5007297,3
5007306,3
5007314,3
5007322,3
5007331,3
5007339,3
5007347,3
5007356,3
5007364,3
5007372,3
5007381,3
5007389,3
5007397,3
5007406,3
5007414,3
5007422,3
5007431,3
5007439,3
5007447,3
5007456,3
5007464,3
5007472,3
5007481,3
5007506,3
5007531,5
5007539,5
5007547,5
5007556,5
5007564,1
5007581,1
5007589,1
5007597,1
5007606,5
5007614,5
5007622,5
5007631,5
5007639,5
5007647,5
5007656,5
5007664,5
5007672,5
5007681,5
5007689,5
5007697,5
5007706,5
5007714,5
5007722,5
5007731,5
5008072,5
5008089,5
5008097,0
5008106,0
5008122,0
5008131,0
5008139,0
5008147,0
5008156,0
5008164,0
5008172,0
5008181,0
5008189,0
5008197,0
5008206,0
5008214,0
5008222,0
5008231,0
5008239,0
5008247,0
5008256,0
5008264,0
5008272,0
5008281,0
5008289,0
5008297,5
5008306,5
5008314,5
5008322,2
5008331,2
5008339,2
5008347,2
5008356,2
5008364,2
5008372,2
5008381,2
5008389,2
5008397,2
5008406,2
5008414,2
5008422,2
5008431,2
5008439,2
5008447,2
5008456,3
5008464,3
5008472,3
5008481,3
5008489,3
5008497,3
5008506,3
5008514,3
5008522,3
5008531,3
5008539,3
5008547,3
5008556,3
5008564,3
5008572,3
5008581,3
5008589,3
5008597,3
5008606,3
5008614,3
5008622,3
5008631,3
5008639,3
5008647,3
5008656,3
5008664,3
5008672,3
5008681,3
5008689,3
5008697,3
5008706,3
5008714,3
5008722,3
5008731,3
5008739,3
5008747,3
5008756,3
5008764,3
5008772,3
5008781,3
5008789,3
5008797,3
5008806,3
5008814,3
5008822,3
5008831,3
5008839,3
5008847,3
5008856,3
5008864,3
5008872,3
5008881,3
5008889,3
5008897,3
5008906,3
5008914,3
5008922,3
5008931,3
5008939,3
5008947,3
5008956,3
5008964,3
5008972,3
5008981,3
5008989,3
5008997,3
5009006,3
5009014,3
5009022,3
5009031,3
5009039,3
5009047,3
5009056,3
5009064,3
5009072,3
5009081,3
5009089,1
5009097,5
5009106,5
5009114,5
5009131,5
5009156,5
5009164,5
5009172,5
5009181,5
5009189,5
5009197,5
5009206,5
5009214,5
5009222,5
5009231,5
5009239,5
5009247,5
5009256,5
5009264,5
5009272,5
5009281,5
5009289,5
5009297,5
5009306,5
5009314,5
5009322,5
5009331,5
5009339,5
5009347,5
5009355,5
5009364,5
5009372,5
5009381,5
5009389,5
5009397,5
5009405,5
5009414,5
5009422,5
5009430,5
5009439,5
5009447,5
5009456,5
5009464,5
5009472,5
5009481,5
5009489,5
5009497,5
5009505,5
5009514,5
5009522,5
5009530,5
5009539,5
5009547,5
5009555,5
5009564,5
5009572,5
5009581,5
5009589,5
5009597,5
5009605,5
5009614,5
5009622,5
5009630,5
5009639,5
5009647,5
5009655,5
5009664,5
5009672,5
5009680,5
5009689,5
5009697,5
5009705,5
5009714,5
5009722,5
5009731,5
5009739,5
5009747,5
5009756,5
5009764,2
5009772,2
5009781,2
5009789,2
5009797,3
5009805,3
5009814,3
5009822,3
5009830,3
5009839,3
5009847,3
5009856,3
5009864,3
5009872,3
5009881,3
5009889,3
5009897,3
5009906,3
5009914,3
5009922,3
5009930,3
5009939,3
5009947,3
5009955,3
5009964,3
5009972,3
5009980,3
5009989,3
5009997,3
5010005,3
5010014,3
5010022,3
5010030,3
5010039,3
5010047,3
5010055,3
5010064,3
5010072,3
5010080,3
5010089,3
5010097,3
5010105,3
5010114,3
5010122,3
5010130,3
5010139,3
5010147,3
5010155,3
5010164,3
5010172,3
5010180,3
5010189,3
5010197,3
5010205,3
5010214,3
5010222,3
5010230,3
5010239,3
5010247,3
5010255,3
5010264,3
5010272,3
5010280,3
5010289,3
5010297,3
5010305,3
5010314,3
5010322,3
5010330,3
5010339,3
5010347,3
5010355,3
5010364,3
5010372,3
5010380,3
5010389,3
5010397,3
5010405,3
5010414,3
5010422,3
5010430,3
5010439,3
5010447,3
5010455,3
5010464,3
5010472,3
5010480,3
5010489,3
5010497,3
5010505,3
5010514,3
5010522,3
5010530,3
5010539,3
5010547,3
5010555,3
5010564,3
5010572,3
5010580,3
5010589,3
5010597,3
5010605,3
5010614,3
5010622,3
5010630,3
5010639,3
5010647,3
5010655,3
5010664,3
5010672,3
5010680,3
5010689,3
5010697,3
5010705,3
5010714,3
5010722,3
5010730,3
5010739,3
5010747,3
5010755,3
5010764,3
5010772,3
5010780,3
5010789,3
5010797,3
5010805,3
5010814,3
5010822,3
5010830,3
5010839,3
5010847,3
5010855,3
5010864,3
5010872,3
5010880,3
5010889,3
5010897,3
5010905,3
5010914,3
5010922,3
5010930,3
5010939,3
5010947,3
5010955,3
5010964,3
5010972,3
5010980,3
5010989,3
5010997,3
5011005,3
5011014,3
5011022,3
5011030,3
5011039,3
5011047,3
5011055,3
5011064,3
5011072,3
5011080,3
5011089,3
5011097,3
5011105,3
5011114,3
5011122,3
5011130,3
5011139,3
5011147,3
5011155,3
5011164,3
5011172,3
5011180,3
5011189,3
5011197,3
5011205,3
5011214,3
5011222,3
5011230,3
5011239,3
5011247,3
5011255,3
5011264,3
5011272,3
5011280,3
5011289,3
5011297,3
5011305,3
5011314,3
5011322,3
5011330,3
5011339,3
5011347,3
5011355,3
5011364,3
5011372,3
5011380,3
5011389,3
5011397,3
5011405,3
5011414,3
5011422,3
5011430,3
5011439,3
5011447,3
5011456,3
5011464,3
5011472,3
5011480,3
5011489,3
5011497,3
5011505,3
5011514,3
5011522,3
5011530,3
5011539,3
5011547,3
5011555,3
5011564,3
5011572,3
5011580,3
5011589,3
5011597,3
5011605,3
5011614,3
5011622,3
5011630,3
5011639,3
5011647,3
5011655,3
5011664,3
5011672,3
5011680,3
5011689,3
5011697,3
5011705,3
5011714,3
5011722,3
5011730,3
5011739,3
5011747,3
5011755,3
5011764,3
5011772,3
5011780,3
5011789,3
5011797,3
5011805,3
5011814,3
5011822,3
5011830,3
5011839,3
5011847,3
5011855,3
5011864,3
5011872,3
5011880,3
5011889,3
5011897,3
5011905,3
5011922,3
5011930,3
5011939,3
5011947,3
5011955,3
5011972,3
5011980,3
5011989,3
5011997,3
5012005,3
5012014,3
5012022,3
5012030,3
5012039,3
5012047,3
5012055,3
5012064,3
5012072,3
5012080,3
5012089,3
5012097,3
5012105,3
5012114,3
5012122,3
5012130,3
5012139,3
5012155,3
5012164,3
5012172,3
5012180,3
5012189,3
5012205,3
5012214,3
5012222,3
5012230,3
5012239,3
5012247,3
5012255,3
5012264,3
5012272,3
5012280,3
5012289,3
5012297,3
5012305,3
5012314,3
5012322,3
5012330,3
5012339,3
5012347,3
5012355,3
5012364,3
5012372,3
5012380,3
5012389,3
5012397,3
5012405,3
5012414,3
5012422,3
5012430,3
5012439,3
5012447,3
5012455,3
5012464,3
5012472,3
5012480,3
5012489,3
5012497,3
5012505,3
5012514,3
5012522,3
5012530,3
5012539,3
5012547,3
5012555,3
5012564,3
5012572,3
5012580,3
5012589,3
5012597,3
5012605,3
5012614,3
5012622,3
5012630,3
5012639,3
5012647,3
5012655,3
5012664,3
5012672,3
5012680,3
5012689,3
5012697,3
5012705,3
5012714,3
5012722,3
5012730,3
5012739,3
5012747,3
5012755,3
5012764,3
5012772,3
5012780,3
5012789,3
5012797,3
5012805,3
5012814,3
5012822,3
5012830,3
5012839,3
5012847,3
5012855,3
5012864,3
5012872,3
5012880,3
5012889,3
5012897,3
5012905,3
5012914,3
5012922,3
5012930,3
5012939,3
5012947,3
5012955,3
5012964,3
5012972,3
5012980,3
5012989,3
5012997,3
5013005,3
5013014,3
5013022,3
5013030,3
5013039,3
5013047,3
5013055,3
5013063,3
5013072,3
5013080,3
5013089,3
5013097,3
5013105,3
5013114,3
5013122,3
5013130,3
5013139,3
5013147,3
5013155,3
5013164,1
5013172,1
5013180,5
5013197,5
5013205,5
5013222,5
5013230,5
5013247,5
5013255,5
5013263,5
5013272,5
5013280,5
5013289,5
5013297,5
5013305,5
5013314,5
5013322,5
5013330,5
5013339,5
5013347,5
5013355,5
5013363,5
5013372,5
5013380,5
5013389,5
5013397,5
5013406,5
5013413,5
5013422,5
5013430,5
5013439,5
5013447,5
5013455,5
5013463,5
5013472,5
5013480,5
5013489,5
5013497,5
5013505,5
5013513,5
5013522,5
5013530,5
5013539,5
5013547,5
5013555,5
5013563,5
5013572,5
5013580,5
5013588,5
5013597,5
5013605,5
5013613,1
5013622,1
5013630,1
5013638,3
5013647,3
5013655,3
5013663,3
5013672,3
5013680,3
5013689,3
5013697,3
5013705,3
5013713,3
5013722,3
5013730,3
5013738,3
5013747,3
5013755,3
5013763,3
5013772,3
5013780,3
5013788,3
5013797,3
5013805,3
5013813,3
5013822,3
5013830,3
5013838,3
5013847,3
5013856,3
5013864,3
5013872,3
5013880,3
5013888,3
5013897,3
5013905,3
5013914,3
5013922,3
5013930,3
5013938,3
5013947,3
5013955,3
5013963,3
5013972,3
5013980,3
5013988,3
5013997,3
5014005,3
5014013,3
5014022,3
5014030,3
5014038,3
5014047,3
5014055,3
5014063,3
5014072,3
5014080,3
5014088,3
5014097,3
5014105,3
5014113,3
5014122,3
5014130,3
5014138,3
5014147,3
5014155,3
5014163,3
5014172,3
5014180,3
5014188,3
5014197,3
5014205,3
5014213,3
5014222,3
5014230,3
5014238,3
5014247,3
5014255,3
5014263,3
5014272,3
5014280,3
5014288,3
5014497,3
5014505,3
5014530,3
5014538,3
5014555,3
5014563,3
5014572,3
5014580,3
5014588,3
5014597,3
5014605,3
5014622,3
5014630,3
5014638,3
5014647,3
5014655,3
5014663,3
5014672,3
5014680,3
5014688,3
5014697,3
5014705,3
5014713,3
5014722,3
5014730,3
5014738,3
5014747,3
5014755,3
5014763,3
5014772,3
5014780,3
5014788,3
5014797,3
5014805,3
5014813,3
5014822,3
5014830,3
5014838,3
5014847,3
5014855,3
5014863,3
5014872,3
5014880,3
5014888,3
5014897,3
5014905,3
5014913,3
5014922,3
5014930,3
5014938,3
5014947,3
5014955,3
5014964,3
5014972,3
5014980,3
5014988,3
5014997,3
5015005,3
5015013,3
5015022,3
5015030,3
5015038,3
5015047,3
5015055,3
5015063,3
5015072,3
5015080,3
5015088,3
5015097,3
5015105,3
5015113,3
5015122,3
5015130,3
5015138,3
5015147,3
5015155,3
5015163,3
5015172,3
5015180,3
5015188,3
5015197,3
5015205,3
5015213,3
5015222,3
5015230,3
5015238,3
5015247,3
5015255,3
5015263,3
5015272,3
5015280,3
5015288,3
5015297,3
5015305,3
5015313,3
5015322,3
5015330,3
5015338,3
5015347,3
5015355,3
5015364,3
5015372,3
5015380,3
5015388,3
5015397,3
5015405,3
5015413,3
5015422,3
5015430,3
5015438,3
5015447,3
5015455,3
5015463,3
5015472,3
5015480,3
5015488,3
5015497,3
5015505,3
5015513,3
5015522,3
5015530,3
5015538,3
5015547,3
5015555,3
5015563,3
5015572,3
5015580,3
5015588,3
5015597,3
5015605,3
5015613,3
5015622,3
5015630,3
5015638,3
5015647,3
5015655,3
5015663,3
5015672,3
5015680,3
5015688,2
5015697,2
5015705,2
5015713,2
5015722,2
5015730,2
5015738,2
5015747,2
5015755,2
5015763,2
5015772,2
5015780,2
5015788,2
5015797,2
5015805,2
5015813,2
5015822,2
5015830,2
5015838,2
5015847,2
5015855,2
5015863,2
5015872,2
5015880,2
5015888,2
5015897,2
5015905,2
5015913,2
5015922,2
5015930,2
5015938,2
5015947,2
5015955,2
5015963,2
5015972,2
5015980,2
5015988,2
5015997,2
5016005,2
5016014,2
5016022,2
5016030,2
5016038,3
5016047,3
5016055,3
5016063,3
5016072,3
5016080,3
5016088,3
5016097,3
5016105,3
5016113,3
5016122,3
5016130,3
5016138,3
5016147,3
5016155,3
5016163,3
5016172,3
5016180,3
5016188,3
5016197,3
5016205,3
5016214,3
5016222,3
5016230,3
5016238,3
5016247,3
5016255,3
5016263,3
5016272,3
5016280,3
5016288,3
5016297,3
5016305,3
5016313,3
5016322,2
5016330,2
5016338,2
5016347,2
5016355,2
5016363,2
5016372,2
5016380,2
5016388,2
5016397,2
5016405,2
5016413,2
5016422,2
5016430,2
5016438,2
5016447,2
5016455,2
5016463,2
5016472,2
5016480,2
5016488,2
5016497,2
5016505,2
5016513,2
5016522,2
5016530,2
5016538,2
5016547,2
5016555,2
5016563,2
5016572,2
5016580,2
5016588,2
5016597,2
5016605,2
5016613,2
5016622,2
5016630,2
5016638,2
5016647,2
5016655,2
5016663,2
5016672,2
5016680,2
5016688,2
5016697,2
5016705,2
5016713,2
5016722,2
5016730,2
5016738,2
5016747,2
5016755,2
5016763,2
5016772,2
5016780,2
5016788,2
5016797,2
5016805,2
5016813,2
5016822,2
5016830,2
5016838,2
5016847,2
5016855,2
5016863,2
5016872,2
5016880,2
5016888,2
5016897,2
5016905,2
5016913,2
5016922,2
5016930,2
5016938,2
5016947,2
5016955,2
5016963,2
5016972,2
5016980,2
5016988,2
5016997,2
5017005,2
5017222,3
5017230,3
5017238,3
5017246,3
5017255,3
5017263,3
5017272,3
5017280,3
5017288,3
5017297,3
5017305,3
5017313,3
5017321,3
5017330,3
5017338,3
5017346,3
5017355,3
5017363,3
5017372,3
5017380,3
5017388,3
5017396,3
5017405,3
5017413,3
5017421,3
5017430,3
5017438,3
5017447,3
5017455,3
5017463,3
5017471,3
5017480,3
5017488,3
5017496,3
5017505,3
5017513,3
5017521,3
5017530,3
5017538,3
5017547,3
5017555,3
5017563,3
5017572,3
5017580,3
5017588,3
5017596,3
5017605,3
5017613,3
5017621,3
5017630,1
5017638,1
5017646,1
5017655,1
5017663,1
5017671,1
5017680,1
5017688,1
5017696,1
5017705,1
5017713,1
5017721,1
5017730,1
5017738,1
5017746,1
5017755,1
5017763,1
5017771,1
5017780,1
5017788,1
5017796,1
5017805,1
5017813,1
5017821,1
5017830,1
5017838,1
5017846,1
5017855,1
5017863,1
5017871,1
5017880,1
5017888,1
5017896,1
5017905,1
5017913,1
5017921,1
5017930,1
5017938,1
5017946,1
5017955,1
5017963,1
5017971,1
5017980,1
5017988,1
5017996,1
5018005,1
5018013,1
5018021,1
5018030,1
5018038,1
5018046,1
5018055,1
5018063,1
5018071,1
5018080,1
5018088,1
5018096,1
5018105,1
5018113,1
5018121,1
5018130,1
5018138,1
5018146,1
5018155,1
5018163,1
5018171,1
5018180,1
5018188,1
5018196,1
5018205,1
5018213,1
5018221,1
5018230,1
5018238,1
5018246,1
5018255,1
5018263,1
5018271,1
5018280,1
5018288,1
5018296,1
5018305,1
5018313,1
5018321,1
5018330,1
5018338,1
5018346,1
5018355,1
5018363,1
5018371,1
5018380,1
5018388,1
5018396,1
5018405,1
5018413,1
5018421,1
5018430,1
5018438,1
5018446,1
5018455,1
5018463,1
5018471,1
5018480,1
5018488,1
5018496,1
5018505,1
5018513,1
5018521,1
5018530,1
5018538,1
5018546,1
5018555,1
5018563,1
5018571,1
5018580,1
5018588,1
5018596,1
5018888,1
5018896,1
5018905,1
5018913,1
5018921,1
5018930,1
5018938,1
5018946,1
5018955,1
5018963,1
5018971,1
5018980,1
5018988,1
5018996,1
5019005,1
5019013,1
5019021,1
5019030,1
5019038,1
5019046,1
5019055,1
5019063,1
5019071,1
5019080,1
5019088,1
5019096,1
5019105,1
5019113,1
5019121,1
5019130,1
5019138,1
5019146,1
5019155,1
5019163,1
5019171,1
5019180,1
5019188,1
5019196,1
5019205,1
5019213,1
5019221,1
5019230,1
5019238,1
5019246,1
5019255,1
5019263,1
5019272,1
5019280,1
5019288,1
5019296,1
5019305,1
5019313,1
5019321,1
5019330,1
5019338,1
5019346,1
5019355,1
5019363,1
5019372,1
5019380,1
5019396,1
5019405,1
5019413,1
5019421,1
5019430,1
5019438,1
5019446,1
5019455,1
5019463,1
5019471,1
5019480,1
5019488,1
5019496,1
5019505,1
5019513,1
5019521,1
5019530,1
5019538,1
5019546,1
5019555,1
5019563,1
5019571,1
5019580,1
5019588,1
5019596,1
5019605,1
5019613,1
5019621,1
5019630,1
5019638,1
5019646,1
5019655,1
5019663,1
5019671,1
5019680,1
5019688,1
5019696,1
5019705,1
5019713,1
5019721,1
5019730,1
5019738,1
5019746,1
5019755,1
5019763,1
5019772,1
5019780,1
5019788,1
5019796,1
5019805,1
5019813,1
5019822,1
5019830,1
5019838,1
5019846,1
5019855,1
5019863,1
5019871,1
5019880,1
5019888,1
5019896,1
5019905,1
5019913,1
5019921,1
5019930,1
5019938,1
5019946,1
5019955,1
5019963,1
5019971,1
5019980,1
5019988,1
5019996,1
5020005,1
5020013,1
5020021,1
5020030,1
5020038,1
5020046,1
5020055,1
5020063,1
5020071,1
5020080,1
5020088,1
5020096,1
5020105,1
5020113,1
5020121,1
5020130,1
5020138,1
5020146,1
5020155,1
5020163,1
5020171,1
5020180,1
5020188,1
5020196,1
5020205,1
5020213,1
5020221,1
5020230,1
5020238,1
5020247,1
5020255,1
5020530,1
5020538,1
5020546,1
5020555,1
5020563,1
5020571,1
5020580,1
5020588,1
5020596,1
5020605,1
5020613,1
5020621,1
5020630,1
5020638,1
5020646,1
5020655,1
5020663,1
5020671,1
5020679,1
5020688,1
5020696,1
5020705,1
5020713,1
5020721,1
5020730,1
5020738,1
5020746,1
5020755,1
5020763,1
5020771,1
5020780,1
5020788,1
5020796,1
5020805,1
5020813,1
5020821,1
5020830,1
5020838,1
5020846,1
5020854,1
5020863,1
5020871,1
5020880,1
5020888,1
5020896,1
5020905,1
5020913,1
5020921,1
5020929,1
5020938,1
5020946,1
5020954,1
5020963,1
5020971,1
5020979,1
5020988,1
5020996,1
5021005,1
5021013,1
5021021,1
5021030,1
5021038,1
5021046,1
5021054,1
5021063,1
5021071,1
5021079,1
5021088,1
5021096,1
5021104,1
5021113,1
5021121,1
5021129,1
5021138,1
5021146,1
5021154,1
5021163,1
5021171,1
5021180,1
5021188,1
5021196,1
5021205,1
5021213,1
5021221,1
5021229,1
5021238,1
5021246,1
5021254,1
5021263,1
5021271,1
5021279,1
5021288,1
5021296,1
5021305,1
5021313,1
5021321,1
5021329,1
5021338,1
5021346,1
5021354,5
5021363,5
5021371,5
5021379,0
5021388,0
5021396,0
5021405,0
5021413,0
5021421,0
5021429,0
5021438,0
5021446,0
5021454,0
5021463,0
5021471,0
5021479,0
5021488,0
5021496,0
5021504,0
5021513,0
5021521,0
5021529,0
5021538,0
5021546,0
5021554,0
5021563,0
5021571,0
5021579,0
5021588,0
5021596,0
5021604,0
5021613,0
5021621,0
5021629,0
5021638,0
5021646,0
5021654,0
5021663,0
5021671,0
5021679,0
5021688,0
5021696,1
5021704,1
5021713,1
5021721,3
5021729,3
5021738,3
5021746,3
5021754,3
5021763,3
5021771,3
5021779,3
5021788,3
5021796,3
5021804,3
5021813,3
5021821,3
5021829,3
5021838,3
5021846,3
5021854,3
5021863,3
5021871,3
5021879,3
5021888,3
5021896,3
5021904,3
5021913,3
5021921,3
5021929,3
5021938,3
5021946,3
5021954,3
5021963,3
5021971,3
5021979,3
5021988,3
5021996,3
5022005,3
5022013,3
5022021,3
5022029,3
5022038,3
5022046,3
5022054,3
5022063,3
5022071,3
5022079,3
5022088,3
5022096,3
5022104,3
5022113,3
5022121,3
5022129,3
5022138,3
5022146,3
5022154,3
5022163,3
5022171,2
5022179,2
5022188,2
5022196,2
5022204,2
5022213,2
5022221,2
5022229,2
5022238,2
5022246,2
5022254,2
5022263,2
5022271,2
5022280,2
5022288,2
5022296,2
5022304,2
5022313,2
5022321,2
5022329,2
5022338,2
5022346,2
5022354,2
5022363,2
5022371,2
5022380,2
5022388,2
5022396,2
5022404,2
5022413,2
5022421,2
5022429,2
5022438,2
5022446,2
5022454,2
5022463,2
5022471,2
5022479,2
5022488,2
5022496,2
5022504,2
5022513,2
5022521,2
5022529,2
5022538,2
5022546,2
5022554,2
5022563,2
5022571,2
5022579,2
5022588,2
5022596,2
5022605,2
5022613,2
5022621,2
5022629,2
5022638,2
5022646,2
5022654,2
5022663,2
5022671,2
5022679,2
5022688,2
5022696,2
5022704,2
5022713,2
5022721,2
5022729,2
5022738,2
5022746,2
5022754,2
5022763,2
5022771,2
5022779,2
5022788,2
5022796,2
5022804,2
5022813,2
5022821,2
5022829,2
5022838,3
5022846,3
5022854,3
5022863,3
5022871,3
5022879,3
5022888,3
5022896,3
5022904,3
5022913,3
5022921,3
5022929,3
5022938,3
5022946,3
5022954,3
5022963,3
5022971,3
5022979,3
5022988,3
5022996,3
5023005,3
5023013,3
5023021,3
5023029,3
5023038,3
5023046,3
5023054,3
5023063,3
5023071,3
5023080,3
5023088,3
5023096,3
5023104,3
5023113,3
5023121,3
5023129,3
5023138,3
5023146,3
5023154,3
5023163,3
5023171,3
5023179,3
5023188,3
5023196,3
5023204,3
5023213,3
5023221,3
5023229,3
5023238,3
5023246,3
5023254,3
5023263,3
5023271,3
5023279,3
5023288,3
5023296,3
5023304,3
5023313,3
5023321,3
5023329,3
5023338,3
5023346,3
5023354,3
5023363,3
5023371,3
5023379,3
5023388,3
5023396,3
5023404,3
5023413,3
5023421,3
5023429,3
5023438,3
5023446,3
5023454,3
5023463,3
5023471,3
5023479,3
5023488,3
5023496,3
5023504,3
5023513,3
5023521,3
5023529,3
5023538,3
5023546,3
5023554,3
5023563,3
5023571,3
5023579,3
5023588,3
5023596,3
5023604,3
5023613,3
5023629,3
5023638,3
5023646,3
5023654,3
5023663,3
5023671,3
5023679,3
5023688,3
5023696,3
5023704,3
5023713,3
5023721,3
5023729,3
5023738,3
5023746,3
5023754,3
5023763,3
5023771,3
5023779,3
5023788,3
5023796,3
5023804,3
5023813,3
5023821,3
5023829,3
5023838,3
5023846,3
5023854,3
5023863,3
5023871,3
5023879,3
5023888,3
5023896,3
5023904,3
5023913,3
5023921,3
5023929,3
5023938,3
5023946,3
5023954,3
5023963,3
5023971,3
5023979,3
5023988,3
5023996,3
5024004,3
5024013,3
5024021,3
5024029,3
5024038,3
5024046,3
5024054,3
5024063,3
5024079,3
5024088,3
5024104,3
5024113,3
5024129,3
5024138,3
5024146,3
5024154,3
5024163,3
5024171,3
5024179,3
5024188,3
5024196,3
5024204,3
5024213,3
5024221,3
5024229,3
5024238,3
5024246,3
5024254,3
5024263,3
5024271,3
5024279,3
5024288,3
5024296,3
5024304,3
5024313,3
5024321,3
5024329,3
5024338,3
5024346,3
5024354,3
5024363,3
5024371,3
5024379,3
5024388,3
5024396,3
5024404,3
5024413,3
5024421,3
5024429,3
5024438,3
5024446,3
5024454,3
5024462,3
5024471,3
5024479,3
5024488,3
5024496,3
5024504,3
5024513,3
5024521,3
5024529,3
5024538,3
5024546,3
5024554,3
5024563,3
5024571,3
5024579,3
5024587,3
5024596,3
5024604,3
5024613,3
5024621,3
5024629,3
5024637,3
5024646,3
5024654,3
5024663,3
5024679,3
5024688,3
5024704,3
5024712,3
5024721,3
5024729,3
5024738,3
5024746,3
5024754,3
5024762,3
5024771,3
5024779,3
5024787,3
5024796,3
5024804,3
5024812,3
5024821,3
5024829,3
5024837,3
5024846,3
5024854,3
5024862,3
5024871,3
5024879,3
5024887,3
5024896,3
5024904,3
5024912,3
5024921,3
5024929,3
5024937,3
5024946,3
5024954,3
5024963,3
5024971,3
5024979,3
5024987,3
5024996,3
5025004,3
5025012,3
5025021,3
5025029,3
5025037,3
5025046,3
5025054,3
5025062,3
5025071,3
5025079,3
5025087,3
5025096,3
5025104,3
5025112,3
5025129,3
5025138,3
5025146,3
5025154,3
5025162,3
5025171,3
5025179,3
5025187,3
5025196,3
5025204,3
5025212,3
5025221,3
5025229,3
5025237,3
5025246,3
5025254,3
5025262,3
5025271,3
5025279,3
5025287,3
5025296,3
5025304,3
5025312,3
5025321,3
5025329,3
5025337,3
5025346,3
5025354,3
5025362,3
5025379,3
5025387,2
5025396,2
5025405,2
5025412,2
5025429,2
5025437,2
5025446,2
5025454,2
5025462,2
5025471,2
5025479,2
5025487,2
5025496,2
5025504,2
5025512,2
5025521,2
5025529,2
5025537,2
5025546,2
5025554,2
5025562,2
5025571,2
5025579,2
5025587,2
5025596,2
5025604,2
5025612,2
5025621,2
5025629,2
5025637,2
5025646,2
5025654,2
5025662,2
5025671,2
5025679,2
5025687,2
5025696,2
5025704,2
5025712,2
5025721,2
5025729,2
5025738,2
5025746,2
5025754,2
5025762,2
5025771,2
5025779,2
5025787,2
5025796,2
5025804,2
5025812,2
5025821,2
5025829,2
5025837,2
5025846,2
5025854,2
5025862,2
5025871,2
5025879,2
5025887,2
5025896,2
5025904,2
5025912,2
5025921,2
5025929,2
5025937,2
5025946,2
5025954,2
5025962,2
5025971,2
5025979,2
5025987,2
5025996,2
5026005,2
5026012,2
5026021,2
5026029,2
5026037,2
5026046,2
5026054,2
5026062,2
5026071,2
5026079,2
5026087,2
5026096,2
5026104,2
5026112,2
5026121,2
5026129,2
5026138,2
5026146,2
5026154,2
5026162,2
5026171,2
5026179,2
5026187,2
5026196,2
5026204,2
5026212,2
5026221,2
5026229,2
5026237,2
5026246,2
5026254,2
5026262,2
5026271,2
5026279,2
5026287,2
5026296,2
5026304,2
5026312,2
5026321,2
5026329,2
5026337,2
5026346,2
5026354,2
5026362,2
5026371,2
5026379,2
5026387,2
5026396,2
5026404,2
5026412,2
5026421,2
5026429,2
5026437,2
5026446,2
5026454,2
5026671,0
5026687,0
5026704,0
5026712,0
5026721,0
5026729,0
5026737,0
5026746,0
5026754,0
5026762,0
5026771,0
5026779,0
5026787,0
5026796,0
5026804,0
5026812,0
5026821,0
5026829,0
5026837,0
5026846,0
5026854,0
5026862,0
5026871,0
5026879,0
5026887,0
5026896,0
5026904,0
5026912,0
5026921,0
5026929,0
5026937,0
5026946,0
5026954,0
5026962,0
5026971,0
5026979,0
5026987,0
5026996,0
5027004,0
5027012,0
5027021,0
5027029,0
5027037,5
5027046,5
5027054,5
5027062,5
5027071,5
5027079,5
5027087,5
5027096,5
5027104,5
5027112,5
5027121,5
5027129,5
5027137,5
5027146,5
5027154,5
5027162,5
5027171,5
5027179,5
5027187,1
5027196,1
5027204,1
5027212,3
5027221,3
5027229,3
5027237,3
5027246,3
5027254,3
5027262,3
5027271,3
5027279,3
5027287,3
5027296,3
5027304,3
5027312,3
5027321,3
5027329,3
5027337,3
5027346,3
5027354,3
5027362,3
5027371,3
5027379,3
5027387,3
5027396,3
5027404,3
5027412,3
5027421,3
5027429,3
5027437,3
5027446,3
5027454,3
5027462,3
5027471,3
5027479,3
5027487,3
5027496,3
5027504,3
5027512,3
5027521,3
5027529,3
5027537,3
5027546,3
5027554,3
5027562,3
5027571,3
5027579,3
5027587,3
5027596,3
5027604,3
5027612,3
5027621,3
5027629,3
5027637,3
5027646,3
5027654,3
5027662,3
5027671,3
5027679,3
5027696,3
5027704,3
5027712,3
5027721,3
5027729,3
5027737,3
5027746,3
5027754,3
5027771,3
5027779,3
5027787,3
5027796,3
5027804,3
5027812,3
5027821,3
5027829,3
5027837,3
5027846,3
5027854,3
5027862,3
5027871,3
5027879,3
5027887,3
5027896,3
5027904,3
5027912,3
5027921,3
5027929,3
5027937,3
5027946,3
5027954,3
5027962,3
5027971,3
5027979,3
5027987,3
5027996,3
5028004,3
5028012,3
5028021,3
5028029,3
5028037,3
5028046,3
5028054,3
5028062,3
5028071,3
5028079,3
5028087,3
5028096,3
5028104,3
5028112,3
5028121,3
5028129,3
5028137,3
5028146,3
5028154,3
5028162,3
5028171,3
5028179,3
5028187,3
5028196,3
5028204,1
5028212,1
5028221,1
5028229,1
5028237,5
5028246,5
5028254,5
5028262,5
5028271,5
5028279,5
5028287,5
5028296,5
5028304,5
5028312,5
5028321,5
5028329,5
5028337,5
5028346,5
5028354,5
5028362,5
5028371,5
5028379,5
5028387,5
5028395,5
5028404,5
5028412,5
5028421,5
5028429,0
5028437,0
5028446,0
5028454,0
5028462,0
5028470,0
5028479,0
5028487,0
5028495,0
5028504,0
5028512,0
5028521,0
5028529,5
5028537,5
5028545,5
5028554,5
5028562,5
5028571,5
5028579,5
5028587,5
5028596,5
5028604,5
5028612,5
5028620,5
5028629,5
5028637,5
5028645,5
5028654,5
5028662,5
5028670,5
5028679,5
5028687,5
5028695,5
5028704,5
5028712,5
5028720,5
5028729,5
5028737,5
5028745,5
5028754,5
5028762,5
5028770,5
5028779,5
5028787,2
5028795,2
5028804,2
5028812,2
5028820,2
5028829,2
5028837,2
5028845,2
5028854,2
5028862,2
5028871,2
5028879,2
5028887,2
5028895,2
5028904,2
5028912,2
5028920,2
5028929,1
5028937,1
5028945,1
5028954,1
5028962,1
5028970,1
5028979,1
5028987,1
5028995,1
5029004,1
5029012,1
5029020,1
5029029,1
5029037,1
5029045,1
5029054,1
5029062,1
5029070,1
5029079,1
5029087,1
5029095,1
5029104,1
5029112,1
5029120,1
5029129,1
5029137,1
5029145,1
5029154,1
5029162,1
5029170,1
5029179,1
5029187,1
5029195,1
5029204,1
5029212,1
5029220,1
5029229,1
5029237,1
5029245,1
5029254,1
5029262,1
5029271,1
5029279,1
5029287,1
5029295,1
5029304,1
5029312,1
5029320,1
5029329,1
5029337,1
5029346,1
5029354,1
5029362,1
5029370,1
5029379,5
5029387,5
5029395,5
5029404,5
5029412,5
5029420,5
5029429,5
5029437,5
5029445,5
5029454,5
5029462,5
5029470,5
5029479,5
5029495,5
5029504,5
5029512,5
5029520,5
5029529,5
5029537,5
5029545,5
5029554,5
5029562,5
5029570,5
5029579,5
5029587,5
5029595,5
5029604,5
5029612,5
5029620,5
5029629,5
5029637,5
5029645,5
5029654,5
5029662,5
5029670,5
5029679,1
5029687,1
5029695,1
5029704,1
5029712,1
5029720,1
5029729,1
5029737,1
5029745,1
5029754,1
5029762,1
5029770,1
5029779,1
5029787,1
5029795,1
5029804,1
5029812,1
5029820,1
5029829,1
5029837,1
5029845,1
5029854,1
5029862,1
5029870,1
5029879,1
5029887,1
5029895,1
5029904,1
5029912,1
5029920,1
5029929,3
5029937,3
5029945,3
5029954,3
5029962,3
5029970,3
5029979,3
5029987,3
5029995,3
5030004,3
5030012,3
5030020,3
5030029,3
5030037,3
5030045,3
5030054,3
5030062,3
5030070,3
5030079,3
5030087,3
5030095,3
5030104,3
5030112,3
5030120,3
5030129,3
5030137,3
5030145,3
5030154,3
5030162,3
5030170,3
5030179,3
5030187,3
5030195,3
5030204,3
5030212,3
5030220,3
5030229,3
5030237,3
5030245,3
5030254,3
5030262,3
5030270,3
5030279,3
5030287,3
5030295,3
5030304,3
5030312,3
5030320,3
5030329,1
5030337,1
5030345,1
5030354,1
5030362,1
5030370,1
5030379,1
5030387,1
5030395,1
5030404,1
5030412,1
5030420,1
5030429,1
5030437,1
5030446,1
5030454,1
5030462,1
5030470,1
5030479,1
5030487,1
5030495,1
5030504,1
5030512,1
5030520,3
5030529,3
5030537,3
5030545,3
5030554,3
5030562,3
5030570,3
5030579,3
5030587,3
5030595,3
5030604,3
5030612,3
5030620,3
5030629,3
5030637,3
5030645,3
5030654,3
5030662,3
5030670,3
5030679,3
5030687,3
5030695,3
5030704,3
5030712,3
5030720,3
5030729,3
5030737,3
5030745,3
5030754,3
5030762,3
5030770,3
5030779,3
5030787,3
5030795,3
5030804,3
5030812,3
5030820,3
5030829,3
5030837,3
5030846,3
5030854,3
5030862,3
5030870,3
5030879,3
5030887,3
5030895,3
5030904,3
5030912,3
5030920,3
5030929,3
5030937,3
5030945,3
5030954,3
5030962,3
5030970,3
5030979,3
5030987,3
5030995,3
5031004,3
5031012,3
5031020,3
5031029,3
5031037,3
5031046,3
5031054,3
5031062,3
5031070,3
5031079,3
5031087,3
5031095,3
5031104,3
5031112,3
5031120,3
5031129,3
5031137,3
5031145,3
5031154,3
5031162,3
5031170,3
5031179,3
5031187,3
5031195,3
5031204,3
5031212,3
5031220,3
5031229,3
5031237,3
5031245,3
5031254,3
5031262,3
5031270,3
5031279,3
5031287,3
5031295,3
5031304,3
5031312,3
5031320,3
5031329,3
5031337,3
5031345,3
5031354,3
5031362,3
5031370,3
5031379,3
5031387,3
5031395,3
5031404,3
5031412,3
5031420,3
5031429,3
5031437,3
5031445,3
5031454,3
5031462,3
5031470,3
5031479,3
5031487,3
5031495,3
5031504,3
5031512,3
5031520,3
5031529,3
5031537,3
5031545,3
5031554,3
5031570,3
5031579,3
5031595,3
5031604,3
5031620,3
5031629,3
5031645,3
5031654,3
5031670,3
5031679,3
5031695,3
5031704,3
5031712,3
5031720,3
5031729,3
5031737,3
5031745,3
5031754,3
5031762,3
5031770,3
5031779,3
5031787,3
5031795,3
5031804,3
5031812,3
5031820,3
5031829,3
5031837,3
5031845,3
5031854,3
5031862,3
5031870,3
5031879,3
5031887,3
5031895,3
5031904,3
5031920,3
5031929,3
5031937,3
5031945,3
5031954,3
5031962,3
5031970,3
5031979,3
5031987,3
5031995,3
5032004,3
5032029,3
5032037,3
5032045,3
5032054,3
5032062,3
5032070,3
5032079,3
5032087,3
5032095,3
5032103,3
5032120,3
5032129,3
5032145,3
5032154,3
5032162,3
5032170,3
5032179,3
5032187,3
5032195,3
5032204,3
5032229,3
5032245,3
5032253,3
5032270,3
5032279,3
5032295,3
5032304,3
5032320,3
5032329,3
5032337,3
5032345,3
5032353,3
5032362,3
5032370,3
5032378,3
5032387,3
5032395,3
5032404,3
5032412,3
5032428,3
5032437,3
5032445,3
5032453,3
5032462,3
5032471,3
5032478,3
5032487,3
5032495,3
5032503,3
5032512,3
5032520,3
5032528,3
5032537,3
5032545,3
5032553,3
5032562,3
5032570,3
5032578,3
5032587,3
5032595,3
5032603,3
5032612,3
5032620,3
5032628,3
5032645,3
5032653,3
5032670,3
5032678,3
5032695,3
5032703,3
5032720,3
5032728,3
5032745,3
5032753,3
5032770,3
5032778,3
5032795,3
5032803,3
5032820,3
5032828,3
5032845,3
5032853,3
5032870,1
5032878,1
5032895,1
5032903,1
5032920,1
5032928,1
5032945,1
5032953,1
5032970,1
5032978,1
5032995,1
5033004,1
5033012,1
5033020,1
5033028,1
5033045,1
5033053,1
5033070,1
5033078,1
5033095,1
5033103,1
5033112,1
5033120,1
5033128,1
5033137,1
5033145,1
5033153,1
5033162,1
5033170,1
5033178,1
5033195,1
5033203,1
5033220,1
5033228,1
5033237,1
5033245,1
5033253,1
5033262,1
5033270,1
5033278,1
5033295,1
5033303,1
5033312,1
5033320,1
5033328,1
5033337,1
5033345,1
5033353,1
5033362,1
5033370,1
5033378,1
5033387,1
5033395,1
5033404,1
5033412,1
5033420,1
5033428,1
5033437,1
5033445,1
5033453,1
5033462,1
5033470,1
5033478,1
5033487,1
5033495,1
5033503,1
5033520,1
5033528,1
5033537,1
5033545,1
5033553,1
5033562,1
5033570,1
5033578,1
5033587,1
5033595,1
5033603,1
5033620,1
5033628,1
5033637,1
5033645,1
5033653,1
5033662,3
5033670,3
5033678,3
5033687,3
5033695,3
5033703,3
5033712,3
5033720,3
5033728,3
5033737,3
5033745,3
5033753,3
5033762,3
5033770,3
5033778,3
5033787,3
5033795,3
5033803,3
5033812,3
5033820,3
5033828,3
5033845,3
5033853,3
5033870,3
5033878,3
5033895,3
5033903,3
5034170,3
5034178,3
5034195,3
5034220,3
5034228,3
5034245,3
5034253,3
5034270,3
5034278,3
5034295,3
5034303,3
5034312,3
5034320,3
5034328,3
5034345,3
5034353,1
5034378,1
5034395,1
5034403,1
5034420,1
5034428,1
5034445,1
5034453,1
5034462,3
5034478,3
5034487,3
5034495,1
5034504,1
5034520,1
5034528,1
5034537,1
5034545,1
5034553,1
5034562,1
5034570,1
5034578,1
