4898534,1
4898542,1
4898550,1
4898559,1
4898567,1
4898575,1
4898584,1
4898592,1
4898600,1
4898609,2
4898617,1
4898625,1
4898634,1
4898642,1
4898650,1
4898659,1
4898667,1
4898675,1
4898684,1
4898692,1
4898700,1
4898709,1
4898717,1
4898725,1
4898734,1
4898742,1
4898750,1
4898759,1
4898767,1
4898775,1
4898784,1
4898792,1
4898800,1
4898809,1
4898817,1
4898825,1
4898834,1
4898842,1
4898850,1
4898859,1
4898867,1
4898875,1
4898884,1
4898892,1
4898900,1
4898909,1
4898917,1
4898925,2
4898934,2
4898942,2
4898950,2
4898959,2
4898967,5
4898975,5
4898984,5
4898992,5
4899000,5
4899009,5
4899025,5
4899034,5
4899042,5
4899050,5
4899059,5
4899067,5
4899075,5
4899084,5
4899092,2
4899100,2
4899109,5
4899117,5
4899125,2
4899134,2
4899142,2
4899150,2
4899159,5
4899167,2
4899175,5
4899184,5
4899192,5
4899200,5
4899209,5
4899217,5
4899225,5
4899234,5
4899242,5
4899250,5
4899259,5
4899267,2
4899275,5
4899284,2
4899292,5
4899300,5
4899309,5
4899317,5
4899325,5
4899342,5
4899350,5
4899359,5
4899367,5
4899375,5
4899384,5
4899392,5
4899400,5
4899417,5
4899425,5
4899434,5
4899442,5
4899450,5
4899467,5
4899475,5
4899492,5
4899500,5
4899517,5
4899525,5
4899542,5
4899550,5
4899567,5
4899575,5
4899592,5
4899600,5
4899617,5
4899625,5
4899634,5
4899642,5
4899650,5
4899667,5
4899675,5
4899684,5
4899692,5
4899700,5
4899717,5
4899725,5
4899734,5
4899742,5
4899750,5
4899759,5
4899767,5
4899775,5
4899784,5
4899792,5
4899800,5
4899809,1
4899817,1
4899825,1
4899834,1
4899842,1
4899850,1
4899859,5
4899867,5
4899875,5
4899884,6
4899892,6
4899900,6
4899909,6
4899917,6
4899925,6
4899934,6
4899942,6
4899950,6
4899959,6
4899967,6
4899975,1
4899984,6
4899992,6
4900000,6
4900009,6
4900017,6
4900025,6
4900034,1
4900042,1
4900050,1
4900059,1
4900067,1
4900075,1
4900084,1
4900092,1
4900100,1
4900109,1
4900117,1
4900125,1
4900133,1
4900142,1
4900150,1
4900159,1
4900167,1
4900175,1
4900184,1
4900192,1
4900200,1
4900209,1
4900217,1
4900225,1
4900233,1
4900242,1
4900250,1
4900258,1
4900267,1
4900275,1
4900284,1
4900292,1
4900300,1
4900308,1
4900317,1
4900325,1
4900334,1
4900342,1
4900350,1
4900358,1
4900367,1
4900375,1
4900383,1
4900517,1
4900525,1
4900533,1
4900542,1
4900550,1
4900567,1
4900575,1
4900583,1
4900592,1
4900600,1
4900608,1
4900617,1
4900625,1
4900633,1
4900642,1
4900650,1
4900659,4
4900667,1
4900675,1
4900684,1
4900692,1
4900700,5
4900708,5
4900717,1
4900725,1
4900733,5
4900742,5
4900750,5
4900758,5
4900767,5
4900775,5
4900784,5
4900792,5
4900800,5
4900808,5
4900817,5
4900825,5
4900834,5
4900842,5
4900850,5
4900858,5
4900867,5
4900875,5
4900883,5
4900892,5
4900900,5
4900908,5
4900917,5
4900925,5
4900933,5
4900942,5
4900950,5
4900958,5
4900967,5
4900975,5
4900983,5
4900992,5
4901000,5
4901008,5
4901017,5
4901025,5
4901033,5
4901042,5
4901050,5
4901058,5
4901067,5
4901075,5
4901084,5
4901092,5
4901100,5
4901108,5
4901117,5
4901125,5
4901133,5
4901142,5
4901150,5
4901158,5
4901167,5
4901175,5
4901184,5
4901192,5
4901200,5
4901208,5
4901217,5
4901225,5
4901233,5
4901242,5
4901250,5
4901258,5
4901267,5
4901275,5
4901283,5
4901292,5
4901300,5
4901308,5
4901317,5
4901325,2
4901334,5
4901342,5
4901350,5
4901358,5
4901367,5
4901375,5
4901384,5
4901392,5
4901400,5
4901408,5
4901417,5
4901425,2
4901433,2
4901442,1
4901450,1
4901458,1
4901467,1
4901475,1
4901483,1
4901492,1
4901500,1
4901508,1
4901517,1
4901525,1
4901533,1
4901542,1
4901550,1
4901558,1
4901567,1
4901575,1
4901583,1
4901592,1
4901600,1
4901608,1
4901617,1
4901625,1
4901633,1
4901642,1
4901650,1
4901658,1
4901667,1
4901675,1
4901683,1
4901692,1
4901700,1
4901708,1
4901717,1
4901725,2
4901733,2
4901742,2
4901750,2
4901758,2
4901767,2
4901775,2
4901783,2
4901792,2
4901800,2
4901808,2
4901817,2
4901825,2
4901833,2
4901842,2
4901850,2
4901858,2
4901867,2
4901875,2
4901883,2
4901892,2
4901900,2
4901908,2
4901917,2
4901925,2
4901933,2
4901942,2
4901950,2
4901958,2
4901967,2
4901975,2
4901983,2
4901992,2
4902000,2
4902008,2
4902017,2
4902025,2
4902033,2
4902042,2
4902050,2
4902058,2
4902067,2
4902075,2
4902083,2
4902092,2
4902100,2
4902108,2
4902117,2
4902125,2
4902133,2
4902142,3
4902275,5
4902300,5
4902317,2
4902325,3
4902342,3
4902350,3
4902367,3
4902375,3
4902384,4
4902392,2
4902400,2
4902408,2
4902417,2
4902425,2
4902433,2
4902442,2
4902450,2
4902458,2
4902467,2
4902475,2
4902483,2
4902492,2
4902500,2
4902525,2
4902533,2
4902542,2
4902550,2
4902558,2
4902567,2
4902575,2
4902583,2
4902592,2
4902600,2
4902608,2
4902617,2
4902625,2
4902633,2
4902642,2
4902650,2
4902658,2
4902667,2
4902675,2
4902683,2
4902692,2
4902700,2
4902708,2
4902717,2
4902725,2
4902733,2
4902742,2
4902750,2
4902758,2
4902767,2
4902775,2
4902783,2
4902792,2
4902800,2
4902808,2
4902817,2
4902825,2
4902833,2
4902842,2
4902850,2
4902858,2
4902867,2
4902875,2
4902883,2
4902892,2
4902900,2
4902908,2
4902917,2
4902925,2
4902934,2
4902942,2
4902950,2
4902958,2
4902967,2
4902975,2
4902983,2
4902992,2
4903000,2
4903008,2
4903017,2
4903025,2
4903033,2
4903042,2
4903050,2
4903058,2
4903067,2
4903075,2
4903083,2
4903092,2
4903100,2
4903108,2
4903117,2
4903125,2
4903133,2
4903142,2
4903150,2
4903158,2
4903167,2
4903175,2
4903183,2
4903192,2
4903200,2
4903208,2
4903217,2
4903225,2
4903233,2
4903242,2
4903250,2
4903258,2
4903267,2
4903275,2
4903283,2
4903292,2
4903300,2
4903308,2
4903317,2
4903325,2
4903333,2
4903342,2
4903350,2
4903358,2
4903367,2
4903375,2
4903383,2
4903392,2
4903400,2
4903408,2
4903417,2
4903425,2
4903433,2
4903442,2
4903450,2
4903458,2
4903467,2
4903475,2
4903483,2
4903492,2
4903500,2
4903508,2
4903517,2
4903525,2
4903533,2
4903542,2
4903550,2
4903558,2
4903567,2
4903575,2
4903583,2
4903592,2
4903600,2
4903608,2
4903617,2
4903625,2
4903633,2
4903642,2
4903650,2
4903658,2
4903667,2
4903675,2
4903683,2
4903692,2
4903700,2
4903708,2
4903717,2
4903725,2
4903733,2
4903742,2
4903750,2
4903758,2
4903767,2
4903775,2
4903800,2
4903808,2
4903817,2
4903825,2
4903833,2
4903842,2
4903850,2
4903858,2
4903867,2
4903875,2
4903883,2
4903892,2
4903900,2
4903908,2
4903917,2
4903925,2
4903933,2
4903942,3
4903950,3
4903958,3
4903967,3
4903975,3
4903983,3
4903992,3
4904000,3
4904008,3
4904017,3
4904025,3
4904033,3
4904042,3
4904050,3
4904058,3
4904067,3
4904075,3
4904083,3
4904092,3
4904100,3
4904108,3
4904117,3
4904125,3
4904133,3
4904142,3
4904150,3
4904158,3
4904166,3
4904175,3
4904183,3
4904192,3
4904200,3
4904208,3
4904216,3
4904225,3
4904233,3
4904242,3
4904250,3
4904258,3
4904266,3
4904275,3
4904283,3
4904291,3
4904300,3
4904308,3
4904316,3
4904325,3
4904341,3
4904350,3
4904358,3
4904366,3
4904375,3
4904391,3
4904400,3
4904408,3
4904416,3
4904425,3
4904433,3
4904442,3
4904450,3
4904458,3
4904467,3
4904475,3
4904483,3
4904491,3
4904500,3
4904508,3
4904516,3
4904525,3
4904541,3
4904550,3
4904567,3
4904575,3
4904592,3
4904600,3
4904616,3
4904625,3
4904641,3
4904650,3
4904666,3
4904675,3
4904691,3
4904700,3
4904716,3
4904725,3
4904741,3
4904750,3
4904766,3
4904775,3
4904783,4
4904792,4
4904966,2
4904975,4
4904991,4
4905000,4
4905016,4
4905025,3
4905041,3
4905050,3
4905066,3
4905075,3
4905091,3
4905100,3
4905116,3
4905125,3
4905141,3
4905150,3
4905166,3
4905175,3
4905191,3
4905200,3
4905208,3
4905216,3
4905225,3
4905241,3
4905250,3
4905258,3
4905266,3
4905275,3
4905283,3
4905291,3
4905300,3
4905308,3
4905316,3
4905325,3
4905333,2
4905341,2
4905350,2
4905358,2
4905366,3
4905375,3
4905383,3
4905391,3
4905400,3
4905408,3
4905416,3
4905425,3
4905433,3
4905441,3
4905450,3
4905458,3
4905466,3
4905475,3
4905483,3
4905491,3
4905500,3
4905508,3
4905516,3
4905525,3
4905533,3
4905541,3
4905550,3
4905558,3
4905566,3
4905575,3
4905583,3
4905591,3
4905600,3
4905608,3
4905616,3
4905625,3
4905633,3
4905641,3
4905650,3
4905658,3
4905667,3
4905675,3
4905683,3
4905691,3
4905700,3
4905708,3
4905716,3
4905725,3
4905733,3
4905741,3
4905750,3
4905758,3
4905766,3
4905775,3
4905783,3
4905791,3
4905800,3
4905808,3
4905816,3
4905825,3
4905833,2
4905841,2
4905850,3
4905858,3
4905866,3
4905875,3
4905883,3
4905891,3
4905900,3
4905908,2
4905916,2
4905925,2
4905933,2
4905941,2
4905950,2
4905958,2
4905966,2
4905975,2
4905983,2
4905991,2
4906000,2
4906008,2
4906016,2
4906025,2
4906033,2
4906041,2
4906050,2
4906058,2
4906066,2
4906075,2
4906083,2
4906091,2
4906100,2
4906108,2
4906116,2
4906125,2
4906133,2
4906141,2
4906150,2
4906158,2
4906166,2
4906175,2
4906183,2
4906191,2
4906200,2
4906208,2
4906216,2
4906225,2
4906233,2
4906241,2
4906250,2
4906258,2
4906266,2
4906275,2
4906283,2
4906291,2
4906300,2
4906308,2
4906316,2
4906325,2
4906333,2
4906341,2
4906350,2
4906358,3
4906366,3
4906375,3
4906391,3
4906400,3
4906408,4
4906541,4
4906550,3
4906558,4
4906566,5
4906575,4
4906591,4
4906600,4
4906608,4
4906616,4
4906625,4
4906633,3
4906641,4
4906650,4
4906658,4
4906666,4
4906675,4
4906683,4
4906691,4
4906700,4
4906708,4
4906716,4
4906725,4
4906733,4
4906741,4
4906750,4
4906758,4
4906766,4
4906775,4
4906783,4
4906791,4
4906800,4
4906808,4
4906816,4
4906825,4
4906833,4
4906841,4
4906850,4
4906858,4
4906866,4
4906875,4
4906883,4
4906891,4
4906900,4
4906908,4
4906916,4
4906925,4
4906933,4
4906941,4
4906950,3
4906958,3
4906966,3
4906975,3
4906983,3
4906991,3
4907000,3
4907008,3
4907016,3
4907025,3
4907033,3
4907041,3
4907050,3
4907058,3
4907066,3
4907075,3
4907083,3
4907091,3
4907100,3
4907108,3
4907116,3
4907125,3
4907133,3
4907141,3
4907150,3
4907158,3
4907166,3
4907175,3
4907183,3
4907191,3
4907200,3
4907208,3
4907216,3
4907225,3
4907233,3
4907241,3
4907250,3
4907258,3
4907266,3
4907275,3
4907283,3
4907291,3
4907300,4
4907308,4
4907316,4
4907325,4
4907333,4
4907341,4
4907350,4
4907358,4
4907366,4
4907375,4
4907383,4
4907391,4
4907400,4
4907408,4
4907416,4
4907425,4
4907433,4
4907441,4
4907450,4
4907458,4
4907466,4
4907475,4
4907483,4
4907491,4
4907500,4
4907508,4
4907516,4
4907525,4
4907533,3
4907541,3
4907550,3
4907558,3
4907566,4
4907575,4
4907583,4
4907591,4
4907600,4
4907608,4
4907616,4
4907625,4
4907633,4
4907641,4
4907650,4
4907658,4
4907666,4
4907675,4
4907683,4
4907691,4
4907700,3
4907708,3
4907716,3
4907725,3
4907733,3
4907741,3
4907750,4
4907758,4
4907766,4
4907775,4
4907783,4
4907791,4
4907799,4
4907808,4
4907816,4
4907825,4
4907833,4
4907841,4
4907850,4
4907858,4
4907866,4
4907874,4
4907883,4
4907891,4
4907900,4
4907908,4
4907916,4
4907925,4
4907933,4
4907941,4
4907950,4
4907958,4
4907966,4
4907975,4
4907983,4
4907991,4
4908000,4
4908008,4
4908016,4
4908024,4
4908033,4
4908041,4
4908049,4
4908066,4
4908074,4
4908083,4
4908091,4
4908099,4
4908108,4
4908116,4
4908124,4
4908133,4
4908141,4
4908149,4
4908158,4
4908166,4
4908174,4
4908183,4
4908191,4
4908199,4
4908208,4
4908216,4
4908224,4
4908241,4
4908249,4
4908258,4
4908266,4
4908274,4
4908283,4
4908291,4
4908299,4
4908308,4
4908316,4
4908324,4
4908341,4
4908349,4
4908366,4
4908374,4
4908383,4
4908391,4
4908400,4
4908416,4
4908425,4
4908433,4
4908441,4
4908449,4
4908458,4
4908466,4
4908474,4
4908483,4
4908491,4
4908500,4
4908524,4
4908533,4
4908541,4
4908549,4
4908566,4
4908574,4
4908591,4
4908599,4
4908616,4
4908624,4
4908641,4
4908649,4
4908658,4
4908666,4
4908674,4
4908691,4
4908699,4
4908716,4
4908724,4
4908741,4
4908749,4
4908766,4
4908774,4
4908783,3
4908791,3
4908799,3
4908808,3
4908816,3
4908824,3
4908841,3
4908849,3
4908858,3
4908866,3
4908874,3
4908883,3
4908891,3
4908899,3
4908908,3
4908916,3
4908924,3
4908933,3
4908941,3
4908949,4
4908958,4
4908966,4
4908974,4
4908983,4
4908991,4
4908999,4
4909008,4
4909016,4
4909024,4
4909033,4
4909041,4
4909049,4
4909058,4
4909066,4
4909074,4
4909083,4
4909091,4
4909099,4
4909108,4
4909116,4
4909124,4
4909133,4
4909141,4
4909149,4
4909158,4
4909166,4
4909174,4
4909183,3
4909191,3
4909199,3
4909208,3
4909216,4
4909224,4
4909233,4
4909241,4
4909249,4
4909258,4
4909266,4
4909274,4
4909283,4
4909291,4
4909299,4
4909308,4
4909316,4
4909324,4
4909333,4
4909341,4
4909349,4
4909358,4
4909366,4
4909374,4
4909383,4
4909391,4
4909399,4
4909408,4
4909416,4
4909424,4
4909441,4
4909449,4
4909458,4
4909466,4
4909474,4
4909483,4
4909491,4
4909499,4
4909508,3
4909516,4
4909524,4
4909533,4
4909541,4
4909549,4
4909566,4
4909741,4
4909749,3
4909766,4
4909774,4
4909783,4
4909799,4
4909808,4
4909816,4
4909824,4
4909833,4
4909841,4
4909849,4
4909858,4
4909866,4
4909874,4
4909883,4
4909891,4
4909899,4
4909908,4
4909916,4
4909924,4
4909933,4
4909941,4
4909949,4
4909958,4
4909966,4
4909974,4
4909983,4
4909991,4
4909999,4
4910008,4
4910016,4
4910024,4
4910033,4
4910041,4
4910049,4
4910058,4
4910066,4
4910074,4
4910083,4
4910091,4
4910099,4
4910108,4
4910116,4
4910124,4
4910133,4
4910141,4
4910149,4
4910158,4
4910166,4
4910174,4
4910183,4
4910191,4
4910199,4
4910208,4
4910216,4
4910224,4
4910233,4
4910241,4
4910249,4
4910258,4
4910266,4
4910274,4
4910283,4
4910291,4
4910299,4
4910308,4
4910316,4
4910324,4
4910333,4
4910341,4
4910349,4
4910358,4
4910366,4
4910374,4
4910383,4
4910391,4
4910399,4
4910408,4
4910416,4
4910424,4
4910433,4
4910441,4
4910449,4
4910458,4
4910466,4
4910474,4
4910483,4
4910491,4
4910499,4
4910508,4
4910516,4
4910524,4
4910533,4
4910541,4
4910549,4
4910558,4
4910566,3
4910574,3
4910583,3
4910591,3
4910599,3
4910608,3
4910616,3
4910624,3
4910633,3
4910641,3
4910649,3
4910658,3
4910666,3
4910674,3
4910683,3
4910691,3
4910699,3
4910708,3
4910716,3
4910724,3
4910733,3
4910741,3
4910749,3
4910758,3
4910766,3
4910774,3
4910783,3
4910791,3
4910799,3
4910808,3
4910816,3
4910824,3
4910833,3
4910841,3
4910849,3
4910858,3
4910866,3
4910874,3
4910883,3
4910891,3
4910899,3
4910908,3
4910916,3
4910924,3
4910933,3
4910941,3
4910949,3
4910958,3
4910966,3
4910974,3
4910983,3
4910991,3
4910999,3
4911008,3
4911016,3
4911024,3
4911033,3
4911041,3
4911049,3
4911058,3
4911066,3
4911074,3
4911083,3
4911091,3
4911099,3
4911108,3
4911116,3
4911124,3
4911133,3
4911141,3
4911149,3
4911158,3
4911166,3
4911174,3
4911183,3
4911191,3
4911199,3
4911208,3
4911216,3
4911224,3
4911233,3
4911241,3
4911250,3
4911258,3
4911266,3
4911274,3
4911283,3
4911291,3
4911299,3
4911307,3
4911316,3
4911324,3
4911333,3
4911341,3
4911349,3
4911358,3
4911366,3
4911374,3
4911383,3
4911391,3
4911399,3
4911408,3
4911416,3
4911424,3
4911432,3
4911441,3
4911449,3
4911458,3
4911466,3
4911474,3
4911483,3
4911491,3
4911499,3
4911507,3
4911516,3
4911524,3
4911533,3
4911541,3
4911549,3
4911558,3
4911566,3
4911574,3
4911583,3
4911591,3
4911599,3
4911607,3
4911616,3
4911624,3
4911633,3
4911641,3
4911649,3
4911658,3
4911666,3
4911674,3
4911683,3
4911691,3
4911699,3
4911708,3
4911716,3
4911724,3
4911733,3
4911741,3
4911749,3
4911758,3
4911766,3
4911774,3
4911783,3
4911791,3
4911799,3
4911807,3
4911816,3
4911824,3
4911832,3
4911841,3
4911849,3
4911858,3
4911866,3
4911874,3
4911882,3
4911891,3
4911899,3
4911907,3
4911916,3
4911924,3
4911933,3
4911941,3
4911949,3
4911957,3
4911966,3
4911974,3
4911983,3
4911991,3
4911999,3
4912007,3
4912016,3
4912024,3
4912032,3
4912041,3
4912049,3
4912057,3
4912066,3
4912074,3
4912082,3
4912091,3
4912099,3
4912107,3
4912116,3
4912124,3
4912133,3
4912141,3
4912149,3
4912158,3
4912166,3
4912174,3
4912182,3
4912191,3
4912199,3
4912207,3
4912216,3
4912224,3
4912232,3
4912241,3
4912249,3
4912257,3
4912266,3
4912274,3
4912282,3
4912291,3
4912299,3
4912307,3
4912316,3
4912324,3
4912332,3
4912341,3
4912349,3
4912357,3
4912366,3
4912374,3
4912382,3
4912391,3
4912399,3
4912407,3
4912416,3
4912424,3
4912432,3
4912441,3
4912449,3
4912457,3
4912466,3
4912474,3
4912482,3
4912491,3
4912499,3
4912507,3
4912516,3
4912524,3
4912532,3
4912541,3
4912549,3
4912557,3
4912566,3
4912574,3
4912582,3
4912591,3
4912599,3
4912607,3
4912616,3
4912624,3
4912632,3
4912641,3
4912649,3
4912657,3
4912666,3
4912674,3
4912682,3
4912691,3
4912699,3
4912707,3
4912716,3
4912724,3
4912732,3
4912741,3
4912749,3
4912757,3
4912766,3
4912774,3
4912782,3
4912791,3
4912799,3
4912807,3
4912816,3
4912824,3
4912832,3
4912841,3
4912849,3
4912857,3
4912866,3
4912874,3
4912882,3
4912891,3
4912899,3
4912907,3
4912916,3
4912924,3
4912941,3
4912949,4
4912957,4
4912966,4
4913116,4
4913132,4
4913141,4
4913157,4
4913166,4
4913174,4
4913182,4
4913191,4
4913199,4
4913207,4
4913216,4
4913224,4
4913232,4
4913241,4
4913249,4
4913257,4
4913266,4
4913274,4
4913282,4
4913291,3
4913299,3
4913307,3
4913316,3
4913324,3
4913333,3
4913341,3
4913349,3
4913357,3
4913366,3
4913374,3
4913382,3
4913391,3
4913399,3
4913407,3
4913416,3
4913424,3
4913433,3
4913441,3
4913449,3
4913457,3
4913466,3
4913474,3
4913482,3
4913491,3
4913499,3
4913507,3
4913516,3
4913524,3
4913532,3
4913541,3
4913549,3
4913557,3
4913566,3
4913574,3
4913582,3
4913591,3
4913599,3
4913607,3
4913616,3
4913624,3
4913632,3
4913641,3
4913649,3
4913657,3
4913666,3
4913674,3
4913682,3
4913691,3
4913699,3
4913707,3
4913716,3
4913724,3
4913732,3
4913741,3
4913749,3
4913757,3
4913766,3
4913774,3
4913782,3
4913791,3
4913799,3
4913807,3
4913816,3
4913824,3
4913832,3
4913841,3
4913849,3
4913857,3
4913866,3
4913874,3
4913882,3
4913891,3
4913899,3
4913907,3
4913916,3
4913924,3
4913932,3
4913941,3
4913949,3
4913957,3
4913966,3
4913974,3
4913983,3
4913991,3
4913999,3
4914007,3
4914016,3
4914024,3
4914032,3
4914041,3
4914049,3
4914058,3
4914066,3
4914074,3
4914082,3
4914091,3
4914099,3
4914107,3
4914116,3
4914124,3
4914132,3
4914141,3
4914149,3
4914157,3
4914166,3
4914174,3
4914182,3
4914191,3
4914199,3
4914207,3
4914216,3
4914224,3
4914232,3
4914241,3
4914249,3
4914257,3
4914266,3
4914274,3
4914282,3
4914291,3
4914299,3
4914307,3
4914316,3
4914324,3
4914332,3
4914341,3
4914349,3
4914357,3
4914366,3
4914374,3
4914382,3
4914391,3
4914399,3
4914407,3
4914416,3
4914424,3
4914432,3
4914441,3
4914449,3
4914457,3
4914466,3
4914474,3
4914482,3
4914491,3
4914499,3
4914507,3
4914516,3
4914524,3
4914532,3
4914541,3
4914549,3
4914557,3
4914566,3
4914574,3
4914582,3
4914591,3
4914599,3
4914607,3
4914616,3
4914624,3
4914632,3
4914641,3
4914649,3
4914657,3
4914666,3
4914674,3
4914682,3
4914691,3
4914699,3
4914707,3
4914716,3
4914724,3
4914732,3
4914741,3
4914749,3
4914757,3
4914766,3
4914774,3
4914782,3
4914791,3
4914799,3
4914807,3
4914816,3
4914824,3
4914832,3
4914841,3
4914849,3
4914857,3
4914866,3
4914874,3
4914882,3
4914891,3
4914899,3
4914907,3
4914916,3
4914924,3
4914932,3
4914941,3
4914949,3
4914957,3
4914966,3
4914974,3
4914982,3
4914991,3
4914999,3
4915007,3
4915016,3
4915024,3
4915032,3
4915041,3
4915049,3
4915057,3
4915066,3
4915074,3
4915082,3
4915090,3
4915099,3
4915107,3
4915116,3
4915124,3
4915132,3
4915141,3
4915149,3
4915157,3
4915166,3
4915174,3
4915182,3
4915191,3
4915199,3
4915207,3
4915215,3
4915224,3
4915232,3
4915241,3
4915249,3
4915257,3
4915266,3
4915274,3
4915282,3
4915291,3
4915299,3
4915307,3
4915316,3
4915324,3
4915332,3
4915341,3
4915349,3
4915357,3
4915365,3
4915374,3
4915382,3
4915391,3
4915399,3
4915407,3
4915415,3
4915424,3
4915432,3
4915441,3
4915449,3
4915457,3
4915465,3
4915474,3
4915482,3
4915490,3
4915499,3
4915507,3
4915516,3
4915524,3
4915532,3
4915540,3
4915549,3
4915557,3
4915566,3
4915574,3
4915582,3
4915590,3
4915599,3
4915607,3
4915615,3
4915624,2
4915632,2
4915640,2
4915649,2
4915657,2
4915665,2
4915674,2
4915690,2
4915699,2
4915707,2
4915715,2
4915724,2
4915732,2
4915741,2
4915749,2
4915765,2
4915774,2
4915782,2
4915791,2
4915799,2
4915815,2
4915824,2
4915840,2
4915849,2
4915857,2
4915865,2
4915874,2
4915890,2
4915899,2
4915907,2
4915915,2
4915924,2
4915932,2
4915940,2
4915949,2
4915957,2
4915965,2
4915974,2
4915982,2
4915990,2
4915999,2
4916007,2
4916016,2
4916024,2
4916040,2
4916049,2
4916057,2
4916065,3
4916074,3
4916090,3
4916099,4
4916115,2
4916124,2
4916132,3
4916140,3
4916149,3
4916157,3
4916165,3
4916174,3
4916182,3
4916190,3
4916199,4
4916215,3
4916224,3
4916240,1
4916249,1
4916257,2
4916265,2
4916274,2
4916282,2
4916290,2
4916299,2
4916307,2
4916316,2
4916324,2
4916332,2
4916340,2
4916349,2
4916357,2
4916365,2
4916374,2
4916382,3
4916390,3
4916399,4
4916415,2
4916424,2
4916432,2
4916440,2
4916449,2
4916457,2
4916465,2
4916474,2
4916482,2
4916490,2
4916499,2
4916507,2
4916515,2
4916524,2
4916532,2
4916540,3
4916549,3
4916557,3
4916565,3
4916574,3
4916582,3
4916590,3
4916599,3
4916607,3
4916615,3
4916624,3
4916632,3
4916640,3
4916649,3
4916657,3
4916665,3
4916674,3
4916682,3
4916690,3
4916699,3
4916708,3
4916716,3
4916724,3
4916732,3
4916820,3
4916828,3
4916836,3
4916845,3
4916853,3
4916870,4
4916878,4
4916886,1
4916895,1
4916903,4
4916920,2
4916928,2
4916937,3
4916945,3
4916953,3
4916978,3
4916986,2
4917003,2
4917011,2
4917020,2
4917028,2
4917045,2
4917053,2
4917070,2
4917078,2
4917086,2
4917103,4
4917120,2
4917128,2
4917145,2
4917153,2
4917161,4
4917170,2
4917178,3
4917186,3
4917195,3
4917203,2
4917211,2
4917220,2
4917228,3
4917236,3
4917245,3
4917253,3
4917261,3
4917270,3
4917278,3
4917286,3
4917295,3
4917303,3
4917311,3
4917320,4
4917328,4
4917336,3
4917345,3
4917353,3
4917362,3
4917370,2
4917378,2
4917386,2
4917395,2
4917403,3
4917411,3
4917420,3
4917428,3
4917436,3
4917445,2
4917453,2
4917470,2
4917478,2
4917486,2
4917495,2
4917503,2
4917511,2
4917520,2
4917528,2
4917536,2
4917545,2
4917553,2
4917561,2
4917570,2
4917578,2
4917586,2
4917595,2
4917611,4
4917925,2
4917933,2
4917941,4
4917950,3
4917958,3
4917966,3
4917975,3
4917983,3
4917991,3
4918000,3
4918016,3
4918025,3
4918041,3
4918050,3
4918066,2
4918075,2
4918083,2
4918100,2
4918108,2
4918116,2
4918125,2
4918133,2
4918141,2
4918150,3
4918158,3
4918175,3
4918183,3
4918200,2
4918208,2
4918216,2
4918225,2
4918233,2
4918241,2
4918250,2
4918258,2
4918275,2
4918283,2
4918300,2
4918308,2
4918316,2
4918325,2
4918333,2
4918341,2
4918350,2
4918358,2
4918375,2
4918383,2
4918400,5
4918408,5
4918416,5
4918425,2
4918433,2
4918441,2
4918450,2
4918458,2
4918483,2
4918491,2
4918508,2
4918516,3
4918533,3
4918541,2
4918550,2
4918558,2
4918575,2
4918583,2
4918600,2
4918616,2
4918625,2
4918641,2
4918650,2
4918675,2
4918700,2
4918716,2
4918725,2
4918733,2
4918741,2
4918750,2
4918758,2
4918775,2
4918783,2
4918800,2
4918808,2
4918816,2
4918825,2
4918833,2
4918841,2
4918850,2
4918858,2
4918875,2
4918883,2
4918900,2
4918908,2
4918916,2
4918925,2
4918933,2
4918941,2
4918950,2
4918958,2
4918975,2
4918983,2
4919000,2
4919008,2
4919096,4
4919121,4
4919129,2
4919146,4
4919154,2
4919171,2
4919179,2
4919187,2
4919196,2
4919204,2
4919212,2
4919221,2
4919229,2
4919246,3
4919254,2
4919271,2
4919279,2
4919287,2
4919296,2
4919304,2
4919312,2
4919321,2
4919346,2
4919354,2
4919371,2
4919379,2
4919387,2
4919396,2
4919412,2
4919421,2
4919429,2
4919446,2
4919454,2
4919471,2
4919479,2
4919487,2
4919496,2
4919504,2
4919512,2
4919521,2
4919529,2
4919546,2
4919554,2
4919571,2
4919579,2
4919587,2
4919612,2
4919621,1
4919629,1
4919646,1
4919654,1
4919671,1
4919679,1
4919687,1
4919696,1
4919704,4
4919721,1
4919729,1
4919746,1
4919754,1
4919779,1
4919787,1
4919796,1
4919804,2
4919812,2
4919821,1
4919829,1
4919846,1
4919854,1
4919871,1
4919879,1
4919887,1
4919896,1
4919904,1
4919921,1
4919929,1
4919946,2
4919954,2
4920154,2
4920179,4
4920221,4
4920246,4
4920254,4
4920351,4
4920359,4
4920376,4
4920384,4
4920409,4
4920417,4
4920434,4
4920442,4
4920451,4
4920459,4
4920476,4
4920484,4
4920509,4
4920551,4
4920576,4
4920584,4
4920609,4
4920651,4
4920676,4
4920684,4
4920709,4
4920751,4
4920776,4
4920784,4
4920809,4
4920851,4
4920876,4
4920884,4
4920909,4
4920951,4
4920976,4
4920984,4
4921009,4
4921051,3
4921076,3
4921084,3
4921109,3
4921151,3
4921176,3
4921184,3
4921209,3
4921251,3
4921276,4
4921284,4
4921309,4
4921422,4
4921430,4
4921438,4
4921447,4
4921455,4
4921463,4
4921480,4
4921522,4
4921547,4
4921556,4
4921572,4
4921580,4
4921605,4
4921622,4
4921630,4
4921647,4
4921655,4
4921680,4
4921705,4
4921722,4
4921730,4
4921747,4
4921755,4
4921772,4
4921780,4
4921822,4
4921847,3
4921855,3
4921880,3
4921888,3
4921913,3
4921922,3
4921947,3
4921955,3
4921980,3
4921988,3
4922013,3
4922022,3
4922047,3
4922055,3
4922080,3
4922113,3
4922122,3
4922147,2
4922155,2
4922180,2
4922188,1
4922213,1
4922221,1
4922246,1
4922255,1
4922280,1
4922288,1
4922313,1
4922321,1
4922347,1
4922355,1
4922380,1
4922388,5
4922413,5
4922421,0
4922446,0
4922480,0
