5210732,1
5210741,1
5210749,1
5210757,1
5210766,1
5210774,1
5210782,1
5210791,4
5210807,1
5210816,1
5210824,1
5210832,1
5210841,1
5210849,1
5210857,1
5210866,1
5210874,1
5210882,1
5210891,1
5210899,1
5210907,1
5210916,1
5210924,1
5210932,1
5210941,1
5210949,1
5210957,1
5210966,1
5210974,1
5210982,1
5210991,1
5210999,1
5211007,1
5211016,1
5211024,1
5211232,3
5211249,3
5211257,3
5211266,3
5211274,3
5211283,1
5211299,1
5211307,1
5211316,1
5211324,1
5211332,1
5211341,1
5211349,1
5211357,1
5211366,1
5211374,1
5211382,1
5211391,4
5211407,1
5211416,1
5211424,1
5211432,1
5211441,1
5211449,1
5211457,1
5211466,1
5211474,1
5211482,1
5211491,4
5211507,1
5211516,1
5211524,1
5211532,1
5211541,1
5211549,1
5211557,1
5211566,1
5211574,1
5211582,1
5211591,4
5211607,1
5211616,1
5211624,1
5211632,1
5211641,1
5211649,1
5211657,1
5211666,1
5211674,1
5211682,1
5211691,4
5211707,1
5211716,1
5211724,1
5211732,1
5211741,1
5211749,1
5211757,1
5211766,1
5211774,1
5211791,4
5211807,1
5211816,1
5211824,1
5211841,1
5211849,1
5211857,1
5211866,1
5211874,1
5211891,4
5211907,1
5211916,1
5211924,1
5211941,1
5211949,1
5211957,1
5211966,1
5211974,1
5211982,1
5211991,1
5211999,2
5212016,2
5212024,2
5212032,2
5212041,2
5212049,2
5212057,2
5212066,2
5212074,2
5212091,2
5212099,2
5212107,2
5212116,2
5212124,2
5212132,2
5212141,2
5212149,2
5212157,2
5212166,2
5212332,2
5212357,2
5212366,2
5212374,2
5212382,2
5212391,2
5212399,2
5212407,2
5212416,2
5212424,2
5212432,2
5212441,2
5212449,2
5212457,5
5212466,5
5212474,5
5212482,5
5212491,5
5212499,5
5212507,5
5212516,5
5212524,5
5212532,5
5212541,5
5212549,5
5212557,5
5212566,5
5212574,5
5212582,5
5212591,5
5212599,5
5212607,5
5212616,5
5212624,5
5212632,5
5212641,5
5212649,5
5212657,5
5212666,5
5212674,5
5212682,5
5212691,5
5212699,5
5212707,5
5212716,5
5212724,5
5212732,5
5212741,5
5212749,5
5212757,5
5212766,5
5212774,5
5212782,5
5212791,5
5212799,5
5212807,5
5212816,5
5212824,5
5212832,5
5212841,5
5212849,5
5212857,5
5212866,5
5212874,5
5212882,5
5212891,5
5212899,5
5212907,5
5212916,5
5212924,5
5212932,5
5212941,5
5212949,5
5212957,5
5212966,5
5212974,5
5212982,5
5212991,5
5212999,5
5213008,5
5213016,5
5213024,5
5213032,5
5213041,5
5213049,5
5213057,5
5213066,5
5213074,5
5213082,5
5213091,5
5213099,5
5213107,5
5213116,5
5213124,5
5213132,5
5213141,5
5213149,5
5213157,5
5213166,5
5213174,5
5213182,5
5213191,5
5213199,2
5213216,2
5213391,2
5213399,2
5213415,2
5213424,2
5213441,2
5213449,2
5213457,2
5213466,2
5213474,2
5213482,2
5213490,2
5213499,2
5213507,2
5213515,2
5213524,2
5213532,2
5213541,2
5213549,2
5213557,2
5213566,2
5213574,2
5213582,2
5213591,2
5213599,2
5213607,2
5213616,2
5213624,2
5213632,2
5213641,2
5213649,2
5213657,2
5213666,2
5213674,2
5213682,2
5213691,2
5213699,2
5213707,2
5213715,2
5213724,2
5213732,5
5213741,5
5213749,5
5213757,5
5213766,5
5213774,5
5213790,5
5213799,5
5213815,5
5213824,5
5213841,5
5213849,5
5213857,5
5213866,5
5213874,5
5213882,5
5213890,5
5213899,5
5213907,5
5213915,5
5213924,5
5213932,5
5213941,5
5213949,5
5213957,5
5213966,5
5213974,5
5213982,5
5213990,5
5213999,5
5214007,5
5214015,5
5214024,5
5214032,5
5214040,5
5214049,5
5214057,5
5214066,5
5214074,5
5214082,5
5214090,5
5214099,5
5214107,5
5214115,5
5214124,5
5214132,5
5214140,5
5214149,5
5214157,5
5214165,5
5214174,5
5214182,5
5214190,5
5214199,5
5214207,5
5214216,5
5214224,5
5214232,5
5214241,5
5214249,5
5214257,5
5214265,5
5214274,5
5214290,5
5214299,5
5214307,5
5214315,5
5214324,5
5214340,5
5214349,5
5214357,5
5214365,5
5214374,5
5214382,5
5214391,5
5214399,5
5214407,5
5214415,5
5214424,5
5214432,5
5214440,5
5214449,2
5214457,2
5214465,2
5214474,2
5214482,2
5214490,2
5214499,2
5214507,2
5214515,2
5214524,2
5214532,2
5214540,2
5214549,2
5214557,2
5214565,2
5214574,2
5214582,2
5214599,2
5214790,2
5214799,2
5214824,2
5214832,2
5214840,2
5214849,2
5214857,2
5214865,2
5214874,2
5214882,2
5214890,2
5214899,2
5214907,2
5214915,2
5214924,2
5214932,2
5214940,2
5214949,2
5214957,2
5214965,2
5214974,2
5214982,2
5214990,2
5214999,2
5215007,2
5215015,2
5215024,2
5215032,2
5215040,2
5215049,2
5215057,2
5215065,2
5215074,2
5215082,5
5215090,5
5215107,5
5215115,5
5215124,5
5215132,5
5215140,5
5215149,5
5215157,5
5215165,5
5215174,5
5215182,5
5215190,5
5215199,5
5215207,5
5215215,5
5215224,5
5215232,5
5215240,2
5215249,2
5215257,2
5215274,2
5215441,2
5215490,1
5215499,1
5215507,1
5215524,1
5215532,1
5215540,1
5215549,1
5215557,5
5215565,5
5215574,5
5215582,5
5215591,4
5215599,5
5215607,5
5215615,5
5215624,5
5215632,5
5215640,5
5215649,5
5215657,5
5215665,5
5215674,5
5215682,5
5215690,5
5215699,5
5215707,5
5215715,5
5215724,0
5215732,0
5215740,0
5215749,0
5215757,0
5215765,0
5215774,0
5215782,0
5215790,0
5215799,0
5215807,0
5215815,0
5215824,0
5215832,0
5216065,2
5216074,2
5216082,2
5216090,2
5216099,2
5216107,2
5216115,2
5216124,2
5216132,2
5216140,2
5216149,2
5216157,2
5216165,2
5216174,2
5216182,2
5216190,2
5216199,2
5216207,2
5216215,2
5216224,2
5216232,2
5216240,2
5216249,2
5216257,2
5216265,2
5216274,2
5216282,2
5216290,2
5216299,2
5216307,2
5216315,2
5216324,2
5216332,2
5216340,2
5216349,2
5216357,2
5216365,2
5216374,2
5216382,2
5216390,2
5216399,2
5216407,2
5216415,2
5216424,2
5216432,2
5216440,2
5216449,2
5216457,2
5216465,2
5216474,2
5216482,2
5216490,2
5216499,2
5216507,2
5216515,2
5216524,2
5216532,2
5216540,2
5216549,2
5216557,2
5216565,2
5216574,2
5216582,2
5216599,2
5220866,2
5220874,5
5220882,5
5220891,5
5220899,5
5220907,5
5220916,5
5220924,5
5220932,5
5220941,5
5220949,5
5220957,5
5220966,5
5220974,5
5220982,5
5220991,5
5220999,5
5221007,5
5221016,5
5221024,5
5221032,5
5221041,5
5221049,5
5221057,5
5221066,5
5221074,5
5221082,5
5221091,5
5221099,5
5221107,5
5221116,5
5221124,5
5221132,5
5221141,5
5221149,5
5221157,5
5221166,5
5221174,5
5221182,5
5221191,5
5221199,5
5221207,5
5221216,5
5221224,5
5221232,5
5221241,5
5221249,5
5221257,5
5221266,5
5221274,5
5221282,5
5221291,5
5221299,5
5221307,5
5221316,5
5221324,5
5221332,5
5221341,5
5221349,5
5221357,5
5221366,5
5221374,5
5221382,5
5221391,5
5221399,5
5221407,5
5221416,5
5221424,5
5221433,5
5221441,5
5221449,5
5221457,5
5221466,5
5221474,5
5221482,5
5221491,5
5221499,5
5221507,5
5221516,5
5221524,5
5221532,5
5221541,5
5221549,5
5221557,5
5221566,5
5221574,5
5221582,5
5221591,5
5221599,5
5221607,5
5221616,5
5221624,5
5221632,5
5221641,5
5221649,5
5221657,5
5221666,5
5221674,5
5221682,5
5221691,5
5221699,5
5221707,5
5221716,5
5221724,5
5221732,5
5221741,5
5221749,5
5221757,5
5221766,5
5221774,5
5221782,5
5221791,5
5221799,1
5222007,1
5222016,1
5222041,1
5222049,1
5222057,1
5222066,1
5222074,1
5222082,1
5222091,1
5222099,1
5222107,1
5222116,1
5222124,1
5222132,5
5222141,5
5222149,5
5222157,5
5222166,5
5222174,5
5222182,5
5222191,5
5222199,5
5222207,5
5222216,5
5222224,5
5222232,5
5222241,5
5222249,5
5222257,5
5222266,5
5222274,5
5222282,5
5222291,5
5222299,5
5222307,5
5222316,5
5222324,5
5222332,5
5222341,5
5222349,5
5222357,5
5222366,5
5222374,5
5222382,5
5222391,5
5222399,5
5222407,5
5222416,5
5222424,5
5222432,4
5222449,5
5222457,5
5222466,5
5222474,5
5222482,5
5222491,5
5222499,5
5222507,5
5222516,5
5222524,5
5222532,4
5222549,5
5222557,5
5222566,5
5222574,5
5222582,5
5222591,5
5222599,5
5222607,5
5222616,5
5222624,5
5222632,5
5222641,5
5222649,5
5222657,5
5222666,5
5222674,5
5222682,5
5222691,5
5222699,5
5222707,5
5222716,5
5222724,5
5222732,5
5222741,5
5222749,5
5222757,5
5222766,5
5222774,5
5222782,5
5222791,5
5222799,5
5222807,5
5222816,5
5222832,4
5222849,5
5222857,5
5222866,5
5222882,5
5222891,5
5222899,5
5222907,0
5222916,0
5222924,0
5222932,0
5222949,0
5222957,0
5222966,5
5222974,5
5222982,5
5222990,5
5222999,5
5223007,5
5223016,5
5223024,5
5223032,4
5223049,1
5223057,1
5223066,1
5223074,1
5223082,1
5223091,1
5223099,1
5223107,1
5223115,5
5223124,5
5223132,5
5223141,5
5223149,5
5223157,5
5223166,5
5223174,5
5223182,5
5223191,5
5223199,5
5223207,5
5223215,5
5223224,5
5223232,5
5223249,5
5223257,5
5223265,5
5223274,5
5223282,5
5223291,5
5223299,5
5223307,5
5223315,5
5223324,5
5223332,5
5223349,5
5223357,5
5223365,5
5223374,5
5223382,5
5223390,5
5223399,5
5223407,5
5223415,5
5223424,5
5223432,5
5223441,2
5223449,2
5223457,2
5223466,2
5223474,2
5223482,2
5223490,2
5223499,2
5223507,2
5223515,2
5223524,2
5223532,2
5223540,2
5223549,2
5223557,2
5223566,2
5223574,2
5223582,2
5223590,2
5223599,2
5223607,2
5223615,2
5223624,2
5223632,2
5223640,2
5223649,2
5223657,2
5223665,2
5223674,2
5223682,2
5223690,2
5223699,2
5223707,2
5223715,2
5223732,2
5223874,2
5223882,2
5223890,2
5223899,2
5223907,5
5223915,5
5223932,5
5223940,5
5223949,5
5223957,5
5223965,5
5223974,5
5223982,5
5223990,5
5223999,5
5224007,5
5224015,5
5224024,5
5224032,5
5224040,5
5224049,5
5224057,5
5224065,5
5224074,5
5224082,5
5224090,5
5224099,5
5224107,5
5224115,5
5224124,5
5224132,5
5224140,5
5224149,5
5224157,5
5224165,5
5224174,5
5224182,5
5224190,5
5224199,5
5224207,5
5224215,5
5224224,5
5224232,5
5224240,5
5224249,5
5224257,5
5224265,5
5224274,5
5224282,5
5224290,5
5224299,5
5224307,5
5224315,5
5224324,5
5224332,5
5224340,5
5224349,5
5224357,5
5224366,5
5224374,5
5224382,5
5224390,5
5224399,5
5224407,5
5224415,5
5224424,5
5224432,5
5224440,5
5224449,5
5224457,5
5224465,5
5224474,5
5224482,5
5224490,5
5224499,5
5224507,5
5224515,5
5224524,5
5224532,5
5224540,5
5224549,5
5224557,5
5224565,5
5224574,5
5224582,5
5224590,5
5224599,5
5224607,5
5224615,5
5224624,5
5224632,5
5224640,5
5224649,5
5224657,5
5224665,5
5224674,5
5224682,5
5224690,5
5224699,5
5224707,5
5224715,5
5224724,5
5224732,5
5224740,5
5224749,5
5224757,5
5224765,5
5224774,5
5224782,5
5224790,5
5224799,5
5224807,5
5224815,5
5224824,5
5224832,5
5224840,5
5224849,5
5224857,4
5224865,5
5224874,5
5224882,5
5224890,5
5224899,5
5224907,5
5224915,5
5224924,5
5224932,4
5224949,5
5224957,5
5224965,5
5224974,5
5224982,5
5224990,5
5224999,5
5225007,5
5225015,5
5225024,5
5225032,5
5225040,5
5225049,5
5225057,5
5225065,5
5225074,5
5225082,5
5225090,5
5225099,5
5225107,5
5225115,5
5225124,5
5225132,4
5225149,0
5225157,0
5225165,0
5225174,0
5225182,0
5225190,0
5225199,0
5225207,0
5225215,0
5225224,0
5225232,0
5225249,0
5225257,0
5225265,0
5225274,0
5225282,0
5225290,0
5225299,0
5225307,0
5225315,0
5225324,0
5225332,0
5225349,0
5225357,0
5225365,0
5225374,0
5225382,0
5225399,0
5225407,0
5225415,0
5225424,0
5225432,0
5225449,0
5225457,0
5225474,0
5225482,0
5225490,0
5225499,0
5225507,0
5225524,0
5225532,0
5225557,0
5225565,0
5225707,5
5225715,5
5225724,5
5225732,5
5225740,5
5225749,5
5225757,5
5225765,5
5225774,5
5225782,5
5225790,5
5225799,5
5225807,5
5225815,5
5225824,5
5225832,5
5225840,5
5225849,5
5225857,5
5225866,5
5225874,5
5225882,5
5225890,5
5225899,5
5225907,5
5225915,5
5225924,5
5225932,4
5225949,5
5225957,5
5225966,5
5225974,5
5225982,5
5225990,5
5225999,5
5226007,5
5226015,5
5226024,5
5226032,4
5226049,5
5226057,5
5226065,5
5226082,5
5226090,5
5226099,5
5226107,5
5226115,5
5226124,5
5226132,5
5226140,5
5226149,5
5226157,5
5226165,5
5226174,5
5226182,5
5226190,5
5226199,5
5226207,5
5226215,5
5226224,5
5226232,5
5226240,5
5226249,5
5226257,5
5226265,5
5226274,5
5226282,5
5226290,5
5226299,5
5226307,5
5226315,5
5226324,5
5226332,5
5226340,5
5226349,5
5226357,5
5226366,5
5226374,5
5226382,5
5226390,5
5226399,5
5226407,5
5226415,5
5226424,5
5226432,5
5226440,5
5226449,5
5226457,5
5226465,5
5226474,5
5226482,5
5226490,5
5226499,5
5226507,5
5226515,5
5226524,5
5226532,5
5226540,5
5226549,5
5226557,5
5226565,5
5226574,5
5226582,5
5226590,5
5226599,5
5226607,5
5226615,5
5226624,5
5226632,5
5226640,5
5226649,5
5226657,5
5226665,5
5226674,5
5226682,5
5226690,5
5226699,5
5227132,1
5227140,1
5227149,1
5227157,1
5227165,1
5227174,1
5227182,1
5227190,1
5227199,1
5227207,1
5227215,1
5227224,1
5227232,4
5227248,5
5227257,5
5227265,1
5227274,1
5227282,1
5227290,1
5227298,1
5227307,1
5227315,1
5227323,1
5227332,1
5227340,1
5227348,1
5227357,1
5227365,1
5227374,1
5227382,1
5227390,5
5227398,5
5227407,5
5227415,5
5227432,4
5227440,1
5227448,1
5227457,1
5227465,1
5227473,1
5227482,1
5227490,1
5227499,1
5227507,1
5227515,1
5227523,1
5227532,1
5227540,1
5227548,1
5227557,1
5227565,1
5227573,1
5227582,1
5227590,1
5227599,1
5227607,1
5227615,1
5227624,1
5227632,1
5227640,1
5227648,1
5227657,1
5227665,1
5227673,1
5227682,1
5227690,1
5227698,1
5227707,1
5227715,1
5227723,1
5227740,1
5227748,1
5227757,1
5227765,1
5227773,1
5227782,1
5227790,1
5227807,1
5227815,1
5227824,1
5227832,1
5227840,1
5227848,1
5227865,1
5227873,1
5227882,1
5227890,1
5227899,1
5227907,1
5227915,1
5227923,1
5227932,4
5227940,5
5227948,5
5227957,5
5227965,1
5227973,1
5227982,1
5227990,1
5227998,1
5228007,1
5228015,1
5228023,1
5228032,1
5228040,1
5228048,1
5228057,1
5228065,1
5228073,1
5228082,1
5228090,1
5228098,1
5228107,1
5228115,1
5228123,1
5228132,1
5228140,1
5228148,1
5228157,1
5228165,1
5228173,1
5228182,1
5228190,1
5228198,1
5228207,1
5228215,1
5228223,1
5228232,4
5228248,5
5228257,5
5228265,5
5228273,5
5228282,5
5228290,5
5228299,5
5228307,5
5228315,5
5228323,5
5228332,4
5228348,5
5228357,5
5228365,5
5228373,5
5228382,5
5228390,5
5228398,5
5228407,5
5228415,5
5228423,5
5228432,4
5228448,5
5228457,5
5228465,5
5228473,5
5228482,5
5228490,5
5228498,5
5228507,5
5228515,5
5228523,5
5228532,4
5228548,5
5228557,5
5228565,5
5228573,5
5228582,5
5228590,5
5228598,5
5228607,5
5228615,1
5228623,1
5228632,4
5228648,5
5228657,5
5228665,5
5228673,5
5228682,5
5228690,5
5228698,5
5228707,5
5228715,1
5228723,1
5228732,4
5228748,1
5228757,1
5228765,5
5228773,5
5228782,5
5228790,5
5228798,5
5228807,5
5228815,5
5228823,5
5228832,5
5228840,5
5228848,5
5228857,5
5228865,5
5228873,5
5228882,5
5228890,5
5228898,5
5228907,5
5228915,5
5228940,5
5228948,1
5229173,1
5229182,1
5229190,1
5229198,1
5229207,5
5229215,5
5229223,5
5229232,4
5229248,5
5229257,5
5229265,5
5229273,5
5229282,5
5229290,5
5229298,5
5229307,5
5229315,5
5229323,5
5229332,4
5229348,5
5229357,5
5229365,5
5229373,5
5229382,5
5229390,5
5229398,5
5229407,5
5229415,5
5229423,5
5229432,4
5229449,5
5229457,5
5229465,5
5229473,5
5229482,5
5229490,5
5229499,5
5229507,5
5229515,5
5229523,4
5229532,4
5229548,5
5229557,5
5229565,5
5229573,5
5229582,5
5229590,5
5229598,5
5229607,5
5229615,5
5229623,5
5229632,4
5229648,5
5229657,5
5229665,5
5229673,5
5229682,5
5229690,5
5229698,5
5229707,5
5229715,5
5229723,5
5229732,4
5229749,5
5229757,5
5229765,5
5229773,5
5229782,5
5229790,5
5229798,5
5229807,5
5229815,5
5229823,5
5229832,5
5229840,5
5229848,5
5229857,5
5229865,5
5229873,5
5229882,5
5229890,5
5229898,5
5229907,5
5229915,5
5229923,5
5229932,5
5229940,5
5229949,5
5229957,5
5229965,5
5229973,5
5229982,5
5229990,5
5229998,5
5230007,5
5230015,5
5230023,5
5230032,5
5230040,5
5230048,5
5230057,5
5230065,5
5230073,5
5230082,5
5230090,5
5230098,5
5230107,5
5230115,5
5230123,5
5230132,5
5230140,5
5230148,5
5230157,5
5230165,5
5230173,5
5230182,5
5230190,5
5230198,5
5230207,5
5230215,5
5230223,5
5230232,4
5230248,5
5230257,5
5230265,5
5230273,5
5230282,5
5230290,5
5230299,5
5230307,5
5230315,5
5230323,5
5230332,4
5230348,5
5230357,5
5230365,5
5230373,5
5230382,5
5230390,5
5230398,5
5230407,5
5230415,5
5230424,5
5230432,4
5230448,5
5230456,5
5230465,5
5230473,5
5230482,5
5230490,5
5230498,5
5230507,5
5230515,5
5230523,5
5230532,5
5230540,5
5230548,5
5230557,5
5230565,5
5230573,5
5230582,5
5230590,5
5230598,5
5230607,5
5230615,5
5230623,5
5230632,4
5230648,1
5230657,1
5230665,1
5230673,1
5230682,1
5230690,1
5230698,1
5230707,1
5230715,1
5230723,1
5230732,4
5230748,5
5230757,5
5230765,5
5230773,5
5230782,5
5230790,5
5230798,5
5230807,5
5230815,5
5230823,5
5230832,5
5230840,5
5230848,5
5230857,5
5230865,5
5230873,5
5230882,5
5230890,5
5230898,5
5230907,5
5230915,5
5230923,5
5230932,5
5230940,5
5230948,5
5230956,5
5230965,5
5230973,5
5230982,5
5230990,5
5230998,5
5231007,5
5231015,5
5231023,5
5231031,4
5231048,5
5231056,5
5231065,5
5231073,5
5231081,5
5231090,5
5231098,5
5231106,5
5231115,5
5231123,5
5231131,4
5231148,5
5231156,5
5231165,5
5231173,5
5231181,5
5231190,5
5231198,5
5231206,5
5231215,5
5231232,5
5231240,5
5231248,5
5231256,5
5231265,5
5231273,5
5231281,5
5231290,5
5231298,5
5231306,5
5231315,5
5231323,5
5231331,5
5231340,5
5231348,5
5231356,5
5231365,5
5231373,5
5231381,5
5231390,5
5231398,5
5231406,5
5231415,5
5231423,5
5231431,5
5231440,5
5231448,5
5231456,5
5231465,5
5231473,5
5231481,5
5231490,5
5231498,5
5231506,5
5231515,5
5231523,5
5231531,5
5231540,5
5231548,5
5231556,5
5231565,5
5231573,5
5231581,5
5231590,5
5231598,5
5231606,5
5231615,5
5231623,5
5231631,5
5231640,5
5231648,5
5231656,5
5231665,5
5231673,5
5231681,5
5231690,5
5231698,5
5231706,5
5231715,5
5231723,5
5231731,4
5231748,5
5231756,5
5231765,5
5231773,5
5231781,5
5231790,5
5231798,5
5231806,5
5231815,5
5231823,5
5231831,4
5231848,5
5231856,5
5231865,5
5231873,5
5231881,5
5231890,5
5231898,5
5231906,5
5231915,5
5231923,5
5231931,4
5231948,5
5231956,5
5231965,5
5231973,5
5231981,5
5231990,5
5231998,5
5232006,5
5232015,5
5232023,5
5232031,4
5232048,5
5232056,5
5232065,5
5232073,5
5232081,5
5232090,5
5232098,5
5232106,5
5232115,5
5232123,5
5232131,5
5232140,5
5232148,5
5232156,5
5232165,5
5232173,5
5232181,5
5232190,5
5232198,5
5232206,5
5232215,5
5232223,5
5232231,4
5232248,1
5232256,1
5232265,1
5232273,1
5232281,1
5232290,1
5232298,1
5232306,1
5232315,1
5232323,1
5232331,4
5232348,5
5232356,5
5232365,5
5232373,5
5232381,5
5232390,5
5232398,5
5232406,5
5232415,5
5232423,5
5232431,4
5232448,5
5232456,5
5232465,5
5232473,5
5232481,5
5232490,5
5232498,5
5232506,5
5232515,5
5232531,5
5232540,5
5232548,5
5232556,5
5232565,5
5232573,5
5232581,5
5232590,5
5232598,5
5232606,5
5232615,5
5232623,5
5232631,5
5232640,5
5232648,5
5232656,5
5232665,5
5232673,5
5232681,5
5232690,5
5232698,5
5232706,5
5232715,5
5232723,5
5232731,5
5232740,5
5232748,5
5232756,5
5232765,5
5232773,5
5232781,5
5232790,5
5232798,5
5232806,5
5232815,5
5232823,5
5232831,5
5232840,5
5232848,5
5232856,5
5232865,5
5232873,5
5232881,5
5232890,5
5232898,5
5232906,5
5232915,5
5232923,5
5232931,5
5232940,5
5232948,5
5232956,5
5232965,5
5232973,5
5232981,5
5232990,5
5232998,5
5233006,5
5233015,5
5233023,5
5233031,4
5233040,5
5233048,5
5233056,5
5233065,5
5233073,5
5233081,5
5233090,5
5233098,5
5233106,5
5233115,5
5233123,5
5233131,5
5233140,5
5233148,5
5233156,5
5233165,5
5233173,5
5233181,5
5233190,5
5233198,5
5233206,5
5233215,5
5233223,5
5233231,5
5233240,5
5233398,5
5233406,5
5233415,5
5233431,5
5233440,5
5233448,5
5233456,5
5233465,5
5233473,5
5233481,5
5233490,5
5233498,5
5233506,5
5233515,5
5233523,5
5233531,5
5233548,5
5233556,5
5233565,5
5233573,5
5233581,5
5233590,5
5233598,5
5233606,5
5233615,5
5233623,5
5233631,5
5233648,5
5233656,5
5233665,5
5233673,5
5233681,5
5233690,5
5233698,5
5233706,5
5233715,5
5233723,5
5233731,5
5233740,5
5233748,5
5233756,5
5233765,5
5233773,5
5233781,5
5233790,5
5233798,5
5233806,5
5233815,5
5233823,5
5233831,5
5233840,5
5233848,5
5233856,5
5233865,5
5233873,5
5233881,5
5233890,5
5233898,5
5233906,5
5233915,5
5233923,5
5233931,4
5233948,5
5233956,5
5233965,5
5233973,5
5233981,5
5233990,5
5233998,5
5234006,5
5234015,0
5234023,0
5234031,0
5234040,0
5234048,0
5234056,0
5234065,5
5234073,5
5234081,5
5234090,5
5234098,5
5234106,5
5234115,5
5234123,5
5234131,4
5234148,5
5234156,5
5234165,5
5234173,5
5234181,5
5234190,5
5234198,5
5234206,5
5234215,5
5234223,5
5234231,5
5234248,5
5234256,5
5234265,5
5234273,5
5234281,5
5234289,5
5234298,5
5234306,5
5234315,5
5234323,5
5234331,5
5234340,5
5234348,5
5234356,5
5234365,5
5234373,5
5234381,5
5234390,5
5234398,5
5234406,5
5234415,5
5234423,5
5234431,5
5234440,5
5234448,5
5234456,5
5234464,5
5234473,5
5234481,5
5234490,5
5234498,5
5234506,5
5234515,5
5234523,5
5234531,5
5234540,5
5234548,5
5234556,5
5234565,5
5234573,5
5234581,5
5234590,5
5234598,5
5234606,5
5234615,5
5234623,5
5234631,5
5234640,5
5234648,5
5234656,5
5234665,5
5234673,5
5234681,5
5234689,5
5234698,5
5234706,5
5234715,5
5234723,5
5234731,5
5234740,5
5234748,5
5234756,5
5234764,5
5234773,5
5234781,5
5234790,5
5234798,5
5234806,5
5234814,5
5234823,5
5234831,4
5234840,5
5234848,5
5234856,5
5234864,5
5234873,5
5234881,5
5234889,5
5234898,5
5234906,5
5234914,5
5234923,5
5234931,5
5234939,5
5234948,5
5234956,5
5234964,5
5234973,5
5234982,5
5234989,5
5234998,5
5235006,5
5235015,5
5235023,5
5235031,5
5235039,5
5235048,5
5235056,5
5235064,5
5235073,5
5235081,5
5235089,5
5235098,5
5235106,5
5235114,5
5235123,5
5235131,5
5235139,5
5235148,5
5235156,5
5235165,5
5235173,5
5235181,5
5235189,5
5235198,5
5235206,5
5235214,5
5235223,5
5235231,5
5235239,5
5235248,5
5235256,5
5235264,5
5235273,5
5235281,5
5235289,5
5235298,5
5235306,5
5235314,5
5235323,5
5235331,5
5235339,5
5235348,5
5235356,5
5235364,5
5235373,5
5235381,5
5235389,5
5235398,5
5235406,5
5235414,5
5235423,5
5235431,5
5235439,5
5235448,5
5235456,5
5235464,5
5235473,5
5235481,5
5235489,5
5235498,5
5235506,5
5235514,5
5235523,5
5235531,5
5235539,5
5235548,5
5235556,5
5235573,5
5235581,5
5235589,5
5235598,5
5235606,5
5235614,5
5235623,5
5235631,5
5235639,5
5235648,5
5235656,5
5235664,5
5235673,5
5235681,5
5235689,5
5235698,5
5235706,5
5235714,5
5235723,5
5235731,5
5235739,5
5235748,5
5235756,5
5235764,5
5235773,5
5235781,5
5235789,5
5235798,5
5235806,5
5235814,5
5235823,5
5235831,5
5235948,5
5235956,5
5235973,5
5235981,5
5235989,5
5235998,5
5236006,5
5236014,5
5236023,5
5236031,5
5236039,5
5236048,5
5236056,5
5236065,5
5236073,5
5236081,5
5236089,5
5236098,5
5236106,5
5236114,5
5236123,1
5236131,1
5236139,1
5236148,1
5236156,1
5236164,1
5236173,1
5236181,1
5236189,1
5236198,1
5236206,1
5236214,1
5236223,1
5236231,1
5236239,5
5236248,5
5236256,5
5236264,5
5236273,5
5236281,5
5236289,5
5236298,5
5236306,5
5236314,5
5236323,5
5236331,5
5236339,5
5236348,5
5236356,5
5236364,5
5236373,5
5236381,5
5236389,5
5236398,5
5236406,5
5236414,5
5236423,5
5236431,4
5236439,1
5236448,1
5236456,1
5236464,1
5236473,1
5236481,1
5236489,1
5236498,1
5236506,1
5236514,1
5236523,1
5236531,1
5236539,1
5236548,1
5236556,1
5236564,1
5236573,1
5236581,1
5236589,1
5236598,1
5236606,1
5236614,1
5236623,1
5236631,4
5236639,1
5236648,1
5236656,1
5236664,1
5236673,1
5236681,1
5236689,1
5236698,1
5236706,1
5236714,1
5236723,1
5236731,1
5236739,1
5236748,1
5236756,1
5236764,1
5236773,1
5236781,1
5236789,1
5236798,1
5236806,1
5236814,1
5236823,1
5236831,1
5236839,1
5236848,1
5236856,1
5236864,1
5236873,1
5236881,1
5236889,1
5236898,1
5236906,1
5236914,1
5236923,1
5236931,1
5236939,1
5236948,1
5236956,1
5236964,1
5236973,1
5236981,1
5236989,1
5236998,1
5237006,1
5237014,1
5237023,1
5237031,1
5237039,1
5237048,1
5237056,1
5237064,1
5237073,1
5237081,1
5237089,1
5237098,1
5237106,1
5237114,1
5237123,1
5237131,1
5237139,1
5237148,1
5237156,1
5237164,1
5237173,1
5237181,1
5237189,1
5237198,1
5237206,1
5237214,1
5237223,1
5237231,1
5237239,1
5237248,1
5237256,1
5237264,1
5237273,1
5237289,1
5237298,1
5237306,1
5237314,1
5237323,1
5237331,1
5237339,1
5237348,1
5237356,1
5237364,1
5237373,1
5237381,1
5237389,1
5237398,1
5237406,1
5237414,1
5237423,1
5237431,1
5237439,1
5237448,1
5237456,1
5237464,1
5237473,1
5237481,1
5237489,1
5237498,1
5237698,2
5237706,2
5237714,2
5237723,2
5237739,2
5237748,2
5237756,2
5237773,2
5237781,2
5237789,2
5237798,2
5237806,2
5237814,2
5237823,2
5237831,2
5237839,2
5237848,2
5237856,2
5237873,2
5237881,2
5237898,2
5237906,2
5237914,2
5237922,2
5237931,2
5237939,2
5237947,2
5237956,2
5237973,2
5237981,2
5237989,2
5237998,2
5238006,2
5238023,2
5238031,2
5238048,2
5238056,2
5238073,2
5238081,2
5238098,2
5238106,2
5238114,2
5238123,2
5238131,2
5238148,2
5238156,2
5238164,2
5238173,2
5238181,2
5238197,2
5238206,2
5238222,2
5238231,2
5238247,2
5238273,2
5238298,2
5238323,2
5238956,2
5239147,4
5239172,4
5239222,4
5239247,4
5240011,4
5240086,4
5240186,2
5240211,2
5240236,2
5240252,2
5240261,2
5240277,2
5240327,2
5240424,2
5240432,2
5240448,2
5240457,2
5240482,2
5240498,2
5240507,2
5240515,2
5240523,2
5240532,2
5240549,2
5240573,2
5240582,2
5240598,2
5240607,2
5240623,2
5240632,2
5240640,2
5240648,2
5240657,2
5240673,2
5240682,2
5240698,2
5240707,2
5240723,2
5240748,2
5240757,2
5240765,2
5240773,2
5240782,2
5240790,2
5240798,4
5240807,2
5240823,2
5240832,2
5240848,2
5240857,2
5240873,2
5240898,2
5240907,2
5240923,2
5240932,2
5240948,2
5240957,2
5240973,2
5240982,2
5240998,2
5241007,2
5241023,2
5241048,2
5241057,2
5241073,2
5241082,2
5241090,2
5241098,2
5241107,2
5241123,2
5241132,2
5241140,2
5241148,2
5241157,2
5241173,2
5241182,2
5241207,2
5241223,2
5241232,2
5241248,2
5241257,2
5241273,2
5241282,2
5241298,2
5241307,2
5241323,2
5241332,2
5241349,2
5241357,2
5241373,2
5241382,2
5241398,2
5241407,2
5241423,2
5241432,2
5241440,4
5241448,4
5241657,4
5241673,4
5241682,4
5241698,4
5241723,4
5241740,4
5241748,4
5241773,4
5241798,4
5241807,4
5241823,4
5241832,4
5241848,4
5241857,4
5241865,4
5241873,4
5241882,4
5241898,4
5241907,4
5241923,4
5241932,4
5241948,4
5241957,4
5241973,4
5241982,4
5241998,4
5242007,4
5242023,4
5242032,4
5242048,4
5242057,4
5242073,4
5242082,4
5242098,4
5242107,4
5242123,4
5242132,4
5242148,4
5242157,4
5242173,4
5242182,4
5242198,4
5242207,4
5242223,4
5242232,4
5242248,4
5242257,4
5242273,2
5242282,2
5242298,2
5242307,2
5242323,2
5242332,2
5242348,2
5242357,2
5242373,2
5242382,2
5242398,5
5242423,5
5242448,5
5242473,5
5242498,5
5242507,5
5242523,5
5242548,5
5242565,5
5242573,5
5242598,4
5242623,5
5242632,5
5242648,5
5242657,5
5242673,5
5242698,5
5242723,5
5242748,5
5242773,2
5242782,2
5242798,2
5242807,2
5242823,2
5242832,2
5242848,2
5242857,2
5242873,2
5242898,2
5242907,2
5242923,2
5242932,2
5242948,2
5242957,2
5242973,2
5242982,2
5242998,2
5243007,2
5243023,2
5243048,2
5243057,2
5243073,2
5243082,2
5243098,2
5243107,2
5243123,2
5243148,2
5243157,2
5243173,2
5243198,2
5243207,2
5243223,2
5243232,2
5243248,2
5243257,2
5243273,2
5243282,2
5243298,2
5243307,2
5243323,2
5243332,2
5243348,2
5243356,2
5243373,2
5243382,2
5243398,2
5243423,2
5243432,2
5243448,2
5243457,2
5243473,2
5243482,2
5243498,2
5243523,2
5243548,5
5243557,5
5243573,5
5243598,5
5243607,5
5243623,5
5243631,5
5243648,5
5243656,5
5243673,5
5243698,5
5243723,5
5243748,5
5243756,5
5243765,5
5243773,5
5243798,5
5243806,5
5243823,5
5243856,5
5243873,5
5243898,4
5243923,0
5243940,0
5243948,5
5243973,5
5243998,5
5244023,5
5244048,5
5244073,5
5244082,5
5244098,5
5244106,5
5244123,5
5244148,5
5244173,5
5244223,2
5244248,2
5244256,2
5244273,2
5244298,2
5244323,2
5244331,2
5244348,2
5244373,2
5244398,2
5244423,2
5244432,2
5244448,2
5244456,2
5244473,2
5244498,2
5244506,2
5244523,2
5244531,2
5244548,2
5244556,2
5244573,2
5244581,2
5244598,2
5244623,2
5244648,2
5244673,2
5244698,2
5244723,2
5244748,2
5244773,2
5244798,2
5244823,2
5244848,2
5244873,2
5244881,2
5244898,2
5244906,2
5244923,2
5244948,2
5244956,2
5244973,2
5244981,2
5244998,2
5245006,2
5245023,2
5245031,2
5245048,2
5245073,2
5245081,2
5245098,2
5245106,2
5245123,2
5245131,2
5245148,4
5245156,4
5245173,4
5245181,4
5245198,4
5245206,4
5245223,4
5245248,4
5245273,4
5245298,4
5245323,4
5245348,4
5245373,4
5245398,4
5245423,4
5245448,4
5245457,4
5245473,4
5245498,4
5245523,4
5245548,4
5245573,4
5245598,4
5245623,4
5245632,4
5245648,4
5245656,4
5245673,4
5245698,3
5245706,3
5245723,3
5245731,3
5245748,3
5245756,3
5245773,3
5245781,3
5245798,3
5245806,3
5245823,3
5245831,3
5245848,3
5245856,3
5245873,3
5245881,3
5245898,3
5245906,3
5245923,3
5245931,3
5245948,3
5245956,3
5245973,3
5245981,3
5245998,3
5246006,3
5246023,3
5246031,3
5246048,3
5246056,3
5246073,3
5246081,3
5246098,3
5246106,3
5246123,2
5246131,2
5246148,2
5246156,2
5246181,2
5246198,2
5246206,2
5246223,2
5246231,2
5246248,2
5246256,2
5246273,4
5246281,2
5246306,2
5246331,2
5246340,2
5246356,2
5246373,2
5246381,2
5246406,2
5246681,2
5246756,2
5246781,2
5246798,2
5246806,2
5246823,2
5246831,2
5246848,2
5246873,2
5246881,2
5246898,2
5246906,2
5246923,2
5246931,2
5246948,2
5246956,2
5246981,2
5247006,2
5247048,2
5247056,2
5247073,2
5247098,2
5247106,2
5247123,2
5247131,2
5247148,2
5247181,2
5247206,2
5247223,2
5247248,2
5247256,2
5247281,2
5247306,2
5247323,2
5247331,2
5247348,2
5247356,2
5247373,2
5247381,2
5247406,2
5247423,2
5247448,2
5247481,2
5247523,2
5247548,2
5247581,2
5247598,2
5247606,2
5247623,2
5247631,2
5247648,2
5247656,2
5247673,2
5247698,2
5247706,2
5247723,2
5247731,2
5247748,2
5247756,2
5247773,2
5247798,2
5247823,2
5247831,2
5247848,2
5247873,2
5247881,2
5247898,2
5247906,2
5247923,2
5247948,2
5247973,2
5247998,2
5248023,2
5248031,2
5248048,2
5248056,2
5248073,2
5248081,2
5248098,2
5248106,2
5248123,2
5248131,2
5248148,2
5248173,2
5248181,2
5248198,2
5248223,2
5248231,2
5248248,2
5248256,2
5248281,2
5248298,2
5248306,2
5248323,2
5248331,2
5248348,2
5248356,2
5248373,2
5248381,2
5248398,2
5248406,2
5248423,2
5248431,2
5248448,2
5248456,2
5248473,2
5248481,2
5248498,2
5248506,2
5248523,2
5248548,2
5248556,2
5248573,2
5248581,2
5248598,2
5248623,2
5248648,2
5248673,2
5248681,2
5248698,2
5248706,2
5248723,2
5248731,2
5248748,2
5248756,2
5248773,2
5248781,2
5248798,2
5248823,2
5248831,2
5248848,2
5248856,2
5249023,1
5249031,1
5249048,5
5249057,5
5249073,0
5249123,0
5249148,0
5249156,0
5249198,0
5249223,0
5249248,0
5249256,0
5249306,0
5249323,0
5249348,0
5249373,0
5249406,0
5249423,5
5249448,5
5249498,2
5249523,2
5249531,2
5249548,2
5249556,2
5249581,2
5249598,2
5249606,2
5249623,2
5249631,2
5249648,2
5249656,2
5249673,2
5249681,2
5249698,2
5249706,2
5249723,2
5249731,2
5249748,2
5249773,2
5249798,2
5249806,2
5249823,2
5249831,2
5249848,2
5249873,2
5249881,2
5249898,2
5249906,2
5249923,2
5249931,2
5249948,2
5249973,2
5249998,2
5250006,2
5250023,2
5250031,2
5250048,2
5250073,2
5250098,2
5250106,2
5250123,2
5250131,2
5250148,2
5250156,2
5250173,2
5250181,2
5250198,2
5250206,2
5250223,2
5250231,2
5250248,2
5250256,2
5250273,2
5250281,2
5250298,2
5250306,2
5250323,2
5250331,2
5250348,2
5250373,2
5250398,2
5250423,2
5250431,2
5250448,2
5250473,2
5250498,2
5250506,2
5250523,2
5250531,2
5250548,2
5250556,2
5250573,2
5250598,2
5250606,2
5250623,2
5250648,2
5250656,2
5250673,2
5250681,2
5250698,2
5250706,2
5250723,2
5250731,2
5250748,2
5250756,2
5250773,2
5250798,2
5250806,2
5250823,2
5250831,2
5250848,5
5250856,5
5250881,5
5250923,5
5250948,5
5250956,5
5250973,5
5250997,5
5251006,5
5251023,5
5251048,5
5251073,5
5251123,5
5251147,5
5251173,5
5251197,5
5251222,5
5251247,5
5251272,5
5251297,5
5251323,5
5251347,5
5251372,5
5251381,5
5251397,5
5251422,5
5251447,5
5251472,5
5251497,0
5251522,0
5251547,0
5251556,0
5251572,0
5251581,0
5251623,0
5251647,0
5251822,1
5251831,1
5251847,1
5251856,1
5251864,1
5251872,4
5251881,4
5251906,4
5251922,2
5251931,2
5251947,2
5251972,2
5251997,2
5252023,2
5252047,2
5252072,2
5252097,2
5252106,2
5252122,2
5252147,2
5252172,2
5252181,2
5252197,2
5252223,2
5252247,2
5252256,2
5252272,2
5252281,2
5252297,2
5252306,2
5252322,2
5252331,2
5252347,2
5252356,2
5252372,2
5252381,2
5252397,2
5252406,2
5252422,2
5252431,2
5252447,2
5252472,2
5252481,2
5252497,2
5252522,2
5252531,2
5252547,2
5252556,2
5252572,2
5252581,2
5252597,2
5252606,2
5252623,2
5252631,2
5252647,2
5252656,2
5252672,2
5252681,2
5252697,2
5252706,2
5252722,2
5252731,2
5252747,2
5252756,2
5252772,2
5252781,2
5252797,2
5252806,2
5252822,2
5252831,2
5252847,2
5252856,2
5252872,2
5252881,2
5252897,2
5252906,2
5252922,2
5252947,2
5252956,2
5252972,2
5252981,2
5252997,2
5253006,2
5253023,3
5253047,3
5253056,3
5253072,3
5253081,3
5253097,3
5253106,3
5253122,3
5253131,3
5253147,3
5253156,3
5253172,3
5253181,3
5253197,3
5253206,3
5253222,3
5253231,3
5253247,3
5253272,3
5253281,3
5253297,3
5253306,3
5253322,3
5253331,3
5253347,3
5253356,3
5253372,1
5253381,1
5253397,1
5253647,1
5253672,5
5253722,5
5253747,5
5253772,5
5253797,5
5253806,5
5253822,5
5253872,5
5253897,5
5253922,5
5253947,5
5253972,5
5253981,5
5253997,5
5254022,5
5254047,5
5254097,5
5254122,5
5254147,5
5254172,5
5254347,3
5254356,3
5254372,3
5254381,3
5254397,3
5254406,3
5254422,3
5254431,3
5254447,3
5254456,3
5254472,3
5254497,3
5254522,3
5254530,3
5254547,3
5254572,3
5254581,3
5254597,3
5254606,3
5254622,3
5254631,3
5254647,3
5254655,3
5254672,3
5254681,3
5254697,3
5254705,3
5254722,3
5254730,3
5254747,3
5254755,3
5254781,3
5254797,3
5254805,3
5254822,3
5254831,3
5254847,3
5254856,3
5254872,3
5254881,3
5254897,3
5254906,3
5254922,3
5254930,3
5254947,3
5254956,3
5254972,3
5254981,3
5254997,3
5255022,3
5255030,3
5255047,3
5255056,3
5255081,3
5255097,3
5255105,3
5255122,3
5255130,3
5255147,3
5255155,3
5255172,3
5255180,3
5255197,3
5255205,3
5255222,3
5255230,3
5255247,3
5255255,3
5255272,3
5255280,3
5255297,3
5255322,3
5255330,3
5255347,3
5255356,3
5255372,3
5255380,3
5255397,3
5255405,3
5255422,3
5255430,3
5255447,3
5255455,3
5255472,3
5255481,3
5255497,3
5255505,3
5255522,3
5255530,3
5255547,3
5255643,3
5255660,3
5255668,3
5255685,3
5255693,3
5255885,3
5255893,3
5255910,3
5255935,3
5255943,3
5255960,3
5255985,3
5256010,3
5256018,3
5256035,3
5256043,3
5256060,3
5256068,3
5256085,3
5256093,3
5256110,3
5256118,3
5256135,3
5256143,1
5256160,1
5256185,1
5256193,1
5256210,1
5256218,1
5256235,1
5256260,1
5256268,1
5256285,1
5256293,1
5256310,1
5256318,1
5256335,1
5256343,1
5256360,1
5256368,1
5256385,1
5256393,1
5256410,1
5256418,1
5256435,3
5256443,3
5256460,3
5256468,3
5256485,3
5256493,3
5256510,3
5256518,3
5256535,3
5256543,3
5256560,3
5256568,3
5256585,3
5256593,3
5256610,3
5256618,3
5256635,3
5256643,3
5256660,3
5256668,3
5256685,3
5256693,1
5256710,1
5256718,1
5256735,1
5256743,1
5256760,1
5256768,1
5256785,1
5256793,1
5256810,1
5256818,1
5256835,1
5256843,1
5256860,1
5256868,1
5256885,1
5256893,1
5256910,1
5256918,1
5256935,1
5256943,4
5256960,1
5256968,1
5256985,1
5256993,1
5257010,1
5257018,1
5257035,1
5257043,1
5257060,1
5257068,1
5257085,1
5257093,1
5257110,1
5257118,1
5257135,1
5257143,4
5257160,1
5257168,1
5257185,1
5257193,1
5257210,5
5257218,5
5257235,5
5257243,5
5257260,5
5257268,5
5257285,5
5257293,5
5257310,5
5257318,5
5257335,5
5257343,5
5257360,5
5257368,5
5257385,5
5257393,5
5257410,5
5257418,1
5257435,1
5257443,1
5257460,1
5257468,1
5257485,1
5257610,5
5257660,5
5257685,5
5257693,5
5257710,5
5257718,5
5257735,5
5257743,5
5257785,5
5257810,5
5257818,5
5257835,5
5258235,0
5258460,0
5258510,0
5258535,0
5258560,5
5258585,5
5258610,5
5258618,5
5258635,5
5258643,5
5258660,2
5258685,2
5258710,2
5258718,2
5258735,2
5258831,2
5258856,2
5258881,2
5258906,2
5258931,2
5258939,2
5258956,2
5258981,2
5259006,2
5259031,2
5259056,2
5259081,2
5259106,2
5259131,2
5259156,1
5259181,1
5259206,1
5259231,1
5259256,1
5259306,1
5259331,1
5259356,3
5259381,3
5259406,3
5259431,3
5259456,3
5259481,3
5259506,3
5259531,3
5259556,3
5259581,3
5259606,3
5259631,3
5259656,3
5259681,3
5259706,3
5259731,3
5259756,3
5260469,3
5260494,3
5260519,3
5260544,3
5260569,3
5260594,3
5260619,3
5260644,3
5260669,3
5260694,3
5260719,3
5260744,3
5260769,3
5260794,3
5260819,3
5260844,3
5260869,3
5260894,3
5260919,3
5260944,3
5260969,3
5260994,3
5261019,3
5261265,5
5261315,5
5261340,5
5261365,5
5261465,5
5261628,5
5261636,5
5261653,5
5261678,5
5261686,5
5261703,5
5261711,5
5261728,5
5261736,5
5261753,5
5261778,5
5261803,5
5261953,3
5262153,3
5262203,3
5262228,3
5262253,3
5262303,3
5262328,3
5262353,3
5262378,3
5262403,3
5262428,3
5262436,3
5262453,3
5262478,3
5262503,3
5262528,3
5262536,3
5262553,3
5262561,3
5262578,3
5262586,3
5262603,3
5262628,3
5262636,3
5262653,3
5262661,3
5262678,3
5262686,3
5262703,3
5262728,3
5262736,3
5262753,3
5262761,3
5262858,3
5262866,3
5262883,3
5262891,3
5262908,3
5262916,3
5262933,3
5262941,3
5262958,3
5262966,3
5262983,3
5262991,3
5263008,3
5263016,3
5263033,3
5263041,3
5263058,3
5263066,3
5263083,3
5263091,3
5263108,3
5263116,3
5263133,3
5263141,3
5263158,3
5263166,3
5263183,3
5263191,3
5263208,3
5263216,3
5263233,3
5263241,3
5263258,3
5263433,3
5263441,3
5263458,3
5263466,3
5263483,3
5263491,3
5263508,3
5263516,3
5263533,3
5263541,3
5263558,3
5263566,3
5263583,3
5263591,3
5263608,3
5263616,3
5263633,3
5263641,3
5263658,3
5263666,3
5263683,3
5263691,3
5263708,3
5263716,3
5263733,3
5263741,3
5263758,3
5263766,3
5263783,3
5263791,3
5263808,3
5263816,3
5263833,3
5263841,3
5263858,3
5263866,3
5263883,3
5263891,3
5263908,3
5263916,3
5263933,3
5263941,3
5263958,3
5263966,3
5263983,3
5263991,3
5264008,3
5264016,3
5264033,3
5264041,3
5264058,3
5264066,3
5264083,3
5264091,3
5264108,3
5264116,3
5264133,3
5264141,3
5264158,3
5264166,3
5264183,3
5264191,3
5264208,3
5264216,3
5264233,3
5264241,3
5264258,3
5264266,3
5264283,3
5264291,3
5264308,3
5264316,3
5264333,3
5264341,3
5264358,3
5264366,3
5264383,3
5264391,3
5264408,3
5264416,3
5264433,3
5264441,3
5264458,3
5264466,3
5264483,3
5264491,3
5264508,3
5264516,3
5264533,3
5264541,3
5264558,3
5264566,3
5264583,3
5264591,3
5264608,3
5264616,3
5264633,3
5264641,3
5264658,3
5264666,3
5264683,3
5264691,3
5264708,3
5264716,3
5264733,3
5264741,3
5264758,3
5264766,3
5264783,3
5264791,3
5264808,3
5264816,3
5264833,3
5264841,3
5264858,3
5264866,3
5264883,3
5264891,3
5264908,3
5264916,3
5264933,3
5264941,3
5264958,3
5264966,3
5264983,3
5264991,3
5265008,3
5265016,3
5265033,3
5265041,3
5265057,3
5265066,3
5265083,3
5265091,3
5265108,3
5265116,3
5265133,3
5265141,3
5265158,3
5265166,3
5265183,3
5265191,3
5265208,3
5265216,3
5265233,3
5265241,3
5265258,3
5265266,3
5265283,3
5265291,3
5265308,3
5265316,3
5265332,3
5265341,3
5265357,3
5265366,3
5265383,3
5265391,3
5265408,3
5265416,3
5265433,3
5265441,3
5265457,3
5265466,3
5265483,3
5265491,3
5265508,3
5265516,3
5265532,3
5265541,3
5265557,3
5265566,3
5265583,3
5265591,3
5265608,3
5265616,3
5265633,3
5265641,3
5265657,3
5265666,3
5265683,3
5265691,3
5265708,3
5265716,3
5265732,3
5265741,3
5265758,3
5265766,3
5265782,3
5265791,3
5265807,3
5265816,3
5265907,3
5265916,3
5265932,3
5265941,3
5265957,3
5265966,3
5265983,3
5265991,3
5266391,4
5266407,4
5266416,4
5266432,4
5266441,4
5266457,4
5266466,4
5266482,4
5266491,4
5266507,4
5266516,4
5266532,4
5266557,4
5266566,4
5266583,4
5266591,4
5266607,4
5266616,4
5266632,4
5266657,4
5266666,4
5266682,4
5266691,4
5266707,4
5266716,4
5266732,4
5266757,4
5266766,4
5266782,4
5266791,4
5266807,4
5266816,4
5266832,4
5266857,4
5266866,4
5266882,4
5266891,4
5266907,4
5266916,4
5266932,4
5266957,4
5266966,4
5266982,4
5266991,4
5267007,4
5267016,4
5267032,4
5267057,4
5267066,4
5267082,4
5267091,4
5267107,4
5267116,4
5267132,4
5267141,4
5267166,4
5267182,4
5267216,4
5267232,4
5267241,4
5267257,4
5267266,4
5267282,4
5267307,4
5267316,4
5267332,4
5267357,4
5267366,4
5267382,4
5267407,4
5267432,4
5267441,4
5267457,4
5267482,4
5267507,4
5267532,4
5267541,4
5267557,4
5267582,4
5267632,4
5267641,4
5267657,4
5267682,4
5267716,4
5267732,4
5267741,4
5267757,4
5267766,4
5267782,4
5267791,4
5267807,4
5267816,4
5267832,4
5267841,4
5267857,4
5267866,4
5267882,4
5267891,4
5267907,4
5267916,4
5267932,4
5267941,4
5267957,4
5267966,4
5267982,4
5267991,4
5268016,4
5268032,4
5268041,4
5268057,4
5268066,4
5268082,4
5268091,4
5268107,4
5268116,4
5268132,4
5268141,4
5268157,4
5268166,4
5268182,4
5268191,4
5268207,4
5268216,4
5268232,4
5268241,4
5268257,4
5268266,4
5268282,4
5268482,4
5268491,4
5268507,4
5268516,4
5268532,4
5268541,4
5268557,4
5268566,3
5268582,3
5268591,3
5268607,3
5268616,3
5268632,3
5268641,3
5268657,3
5268666,3
5268682,3
5268691,3
5268707,3
5268716,3
5268732,3
5268741,3
5268757,3
5268766,3
5268782,3
5268791,3
5268807,3
5268816,3
5268832,3
5268841,3
5268857,3
5268866,3
5268882,3
5268891,3
5268907,3
5268916,3
5268932,3
5268941,3
5268957,3
5268966,3
5268982,3
5268991,3
5269007,3
5269016,3
5269032,3
5269041,3
5269057,3
5269066,3
5269083,3
5269090,3
5269107,3
5269116,3
5269132,3
5269141,3
5269157,3
5269165,3
5269182,3
5269190,3
5269207,3
5269216,3
5269232,3
5269240,3
5269257,3
5269266,3
5269282,3
5269291,3
5269307,3
5269316,3
5269332,3
5269340,3
5269357,3
5269365,3
5269382,3
5269391,3
5269407,3
5269416,3
5269432,3
5269440,3
5269457,3
5269466,3
5269482,3
5269490,3
5269507,3
5269515,3
5269532,3
5269540,3
5269557,3
5269565,3
5269582,3
5269590,3
5269607,3
5269616,3
5269632,3
5269640,3
5269657,3
5269665,3
5269682,3
5269690,3
5269707,3
5269715,3
5269732,3
5269740,3
5269757,3
5269765,3
5269782,3
5269790,3
5269807,3
5269815,3
5269832,3
5269840,3
5269857,3
5269865,3
5269882,3
5269890,3
5269907,3
5269916,3
5269932,3
5269941,3
5269957,3
5269965,3
5269982,3
5269990,3
5270007,3
5270015,3
5270032,3
5270040,3
5270057,3
5270065,3
5270082,3
5270090,3
5270107,4
5270115,4
5270140,4
5270165,3
5270190,3
5270215,3
5270240,3
5270265,3
5270290,3
5270315,3
5270340,3
5270365,3
5270382,3
5270390,3
5270407,3
5270415,3
5270432,3
5270440,3
5270457,3
5270465,3
5270482,3
5270490,3
5270507,3
5270515,3
5270532,3
5270540,3
5270557,3
5270565,3
5270582,3
5270590,3
5270607,3
5270615,3
5270632,3
5270640,3
5270657,3
5270665,3
5270682,3
5270690,3
5270707,3
5270715,3
5270907,3
5270932,4
5270940,4
5270957,4
5270965,4
5270982,4
5270990,4
5271007,4
5271015,4
5271032,4
5271040,4
5271057,4
5271065,4
5271082,4
5271090,4
5271107,4
5271115,4
5271132,4
5271140,4
5271157,4
5271165,4
5271182,4
5271190,4
5271207,4
5271215,4
5271232,4
5271240,4
5271257,4
5271265,4
5271282,4
5271290,4
5271307,4
5271315,4
5271332,4
5271340,4
5271357,4
5271365,4
5271382,4
5271390,4
5271407,4
5271415,4
5271432,4
5271440,4
5271457,4
5271465,4
5271482,4
5271490,4
5271507,4
5271632,4
5271657,4
5271690,4
5271715,4
5271732,4
5271740,4
5271757,4
5271765,4
5271782,4
5271790,4
5271807,4
5271815,4
5271832,3
5271840,3
5271857,3
5271865,3
5271882,3
5271890,3
5271907,3
5271915,3
5271932,3
5271940,3
5271957,3
5271965,3
5271982,3
5271990,3
5272007,3
5272015,3
5272032,3
5272040,3
5272057,3
5272065,3
5272082,3
5272090,3
5272107,3
5272115,3
5272132,3
5272140,3
5272157,3
5272165,3
5272182,3
5272190,3
5272207,3
5272215,3
5272232,3
5272240,3
5272257,3
5272265,3
5272282,3
5272290,3
5272307,3
5272315,3
5272332,3
5272340,3
5272357,3
5272365,3
5272382,3
5272390,3
5272407,3
5272415,3
5272432,3
5272440,3
5272457,3
5272465,3
5272482,3
5272490,3
5272507,3
5272515,3
5272532,3
5272540,3
5272557,3
5272565,3
5272582,3
5272590,3
5272607,3
5272615,3
5272632,3
5272640,3
5272657,3
5272665,3
5272682,3
5272690,3
5272707,3
5272715,3
5272732,3
5272740,3
5272757,3
5272765,3
5272782,3
5272790,3
5272807,3
5272815,3
5272832,3
5272840,3
5272857,3
5272865,3
5272882,3
5272890,3
5272907,3
5272915,3
5272932,3
5272940,3
5272957,3
5272965,3
5272982,3
5272990,3
5273007,3
5273015,3
5273032,3
5273040,3
5273057,3
5273065,3
5273082,3
5273090,3
5273107,3
5273115,3
5273132,3
5273140,3
5273157,3
5273165,3
5273182,3
5273190,3
5273207,3
5273215,3
5273232,3
5273240,3
5273257,3
5273265,3
5273282,3
5273290,3
5273482,3
5273490,3
5273507,3
5273515,3
5273532,3
5273540,3
5273557,3
5273565,3
5273582,3
5273590,3
5273607,3
5273615,3
5273632,3
5273640,3
5273657,3
5273665,3
5273682,4
5273690,4
5273707,4
5273715,4
5273732,4
5273740,4
5273757,4
5273765,4
5273782,4
5273790,4
5273807,4
5273815,4
5273832,4
5273840,4
5273857,4
5273865,4
5273882,4
5273890,4
5273907,4
5273915,4
5273932,4
5273940,4
5273957,4
5273965,4
5273982,4
5273990,4
5274007,4
5274015,4
5274032,4
5274040,4
5274057,4
5274065,4
5274082,4
5274090,4
5274107,4
5274115,4
5274132,4
5274140,4
5274157,4
5274165,4
5274182,4
5274190,4
5274207,4
5274215,4
5274232,4
5274240,4
5274257,4
5274265,4
5274290,4
5274315,4
5274340,4
5274365,4
5274390,4
5274415,4
5274440,4
5274465,4
5274490,4
5274515,4
5274540,4
5274557,4
5274565,4
5274582,4
5274590,4
5274607,4
5274615,4
5274632,4
5274640,4
5274657,4
5274665,4
5274682,4
5274690,4
5274707,4
5274715,4
5274732,4
5274740,4
5274757,4
5274765,4
5274782,4
5274790,4
5274807,4
5274815,4
5274832,4
5274840,4
5274857,4
5274865,4
5274882,4
5274890,4
5274907,4
5274915,4
5274932,4
5274940,4
5274957,4
5274965,4
5274982,4
5274990,4
5275007,4
5275032,4
5275040,4
5275057,4
5275065,4
5275082,4
5275090,4
5275107,4
5275115,4
5275132,4
5275140,4
5275157,4
5275165,4
5275182,4
5275190,4
5275207,4
5275215,4
5275232,4
5275240,4
5275257,4
5275265,4
5275290,4
5275307,4
5275315,4
5275332,4
5275340,4
5275357,3
5275365,3
5275382,3
5275390,3
5275407,3
5275415,3
5275432,3
5275440,1
5275457,1
5275465,1
5275490,1
5275515,1
5275540,1
5275565,1
5275590,1
5275615,1
5275665,1
5275682,1
5275690,1
5275715,1
5275740,1
5275765,1
5275782,1
5275790,1
5275815,4
5275865,1
5275890,1
5275915,1
5275940,1
5275965,1
5275990,1
5276007,1
5276015,1
5276065,3
5276082,3
5276090,3
5276140,3
5276165,3
5276190,3
5276215,3
5276240,3
5276265,3
5276290,3
5276315,3
5276365,3
5276382,3
5276390,3
5276407,3
5276415,3
5276440,4
5276465,4
5276490,4
5276515,4
5276540,4
5276565,4
5276590,4
5276615,4
5276640,4
5276665,4
5276690,4
5276715,4
5276740,4
5276765,4
5276790,4
5276815,4
5276840,4
5276865,4
5276890,4
5276915,4
5276940,4
5277053,4
5277078,4
5277103,4
5277128,4
5277153,4
5277178,4
5277203,4
5277228,4
5277253,4
5277278,4
5277303,4
5277328,4
5277344,4
5277353,4
5277378,4
5277403,3
5277428,3
5277453,3
5277478,3
5277503,3
5277528,3
5277553,3
5277578,3
5277603,3
5277628,3
5277653,3
5277678,3
5277703,3
5277728,3
5277753,3
5277778,3
5277803,3
5277828,3
5277853,3
5277878,3
5277903,3
5277928,3
5277944,4
5277953,4
5277978,4
5278003,3
5278028,3
5278053,3
5278078,3
5278103,3
5278128,3
5278153,3
5278178,3
5278203,3
5278228,3
5278244,3
5278253,3
5278278,3
5278303,3
5278328,3
5278353,3
5278378,3
5278403,3
5278419,3
5278428,3
5278444,3
5278453,3
5278477,3
5278502,3
5278519,4
5278527,4
5278544,4
5278553,4
5278577,4
5278602,4
5278777,4
5278827,2
5278844,2
5278853,2
5278877,2
5279002,2
5279027,2
5279052,2
5279077,2
5279102,2
5279127,2
5279144,2
5279152,2
5279177,2
5279202,2
5279227,1
5279302,5
5279327,5
5279352,5
5279377,5
5279477,1
5279527,1
5279544,1
5279577,1
