7202753,4
7202761,4
7202769,4
7202778,4
7202786,4
7202794,4
7202803,4
7202811,4
7202819,4
7202828,4
7202836,4
7202844,4
7202853,4
7202861,4
7202869,4
7202878,4
7202886,4
7202894,4
7202903,4
7202911,4
7202919,4
7202928,4
7202936,4
7202944,4
7202953,4
7202961,4
7202969,4
7202978,4
7202986,4
7202994,4
7203003,4
7203011,4
7203019,4
7203028,4
7203036,4
7203044,4
7203053,4
7203061,4
7203069,4
7203078,4
7203086,4
7203094,4
7203103,4
7203111,4
7203119,4
7203128,4
7203136,4
7203144,4
7203153,4
7203161,4
7203169,4
7203178,4
7203186,4
7203194,4
7203203,4
7203211,4
7203219,4
7203228,4
7203236,4
7203244,4
7203253,4
7203261,4
7203269,4
7203278,4
7203286,4
7203294,4
7203303,4
7203311,4
7203319,4
7203328,4
7203336,4
7203344,4
7203353,4
7203361,4
7203369,4
7203378,4
7203386,4
7203394,4
7203403,4
7203411,4
7203419,4
7203428,4
7203436,4
7203444,4
7203453,4
7203461,4
7203469,5
7203478,5
7203486,5
7203494,5
7203503,5
7203511,5
7203519,5
7203528,5
7203536,5
7203544,5
7203553,5
7203561,5
7203569,5
7203578,5
7203586,5
7203594,5
7203603,5
7203611,5
7203619,5
7203628,5
7203636,5
7203644,5
7203653,5
7203661,5
7203669,5
7203678,5
7203686,5
7203694,5
7203703,5
7203711,5
7203719,5
7203728,5
7203736,5
7203744,5
7203753,5
7203761,5
7203769,5
7203778,5
7203786,5
7203794,5
7203803,5
7203811,5
7203819,5
7203828,5
7203836,5
7203844,5
7203853,5
7203861,5
7203869,5
7203878,5
7203886,5
7203894,5
7203903,5
7203911,5
7203919,5
7203928,5
7203936,5
7203944,5
7203953,5
7203961,5
7203969,5
7203978,5
7203986,5
7203994,5
7204003,5
7204011,5
7204019,5
7204028,5
7204036,5
7204044,5
7204053,5
7204061,5
7204069,5
7204078,5
7204086,5
7204094,5
7204103,5
7204111,5
7204119,5
7204128,5
7204136,5
7204144,5
7204152,5
7204161,5
7204169,5
7204177,5
7204186,5
7204194,5
7204202,4
7204211,4
7204219,4
7204228,4
7204236,4
7204244,4
7204253,5
7204261,4
7204269,4
7204277,4
7204286,4
7204294,4
7204302,4
7204311,4
7204319,5
7204327,4
7204336,4
7204344,4
7204353,4
7204361,4
7204369,4
7204378,4
7204386,4
7204394,4
7204402,4
7204411,4
7204419,4
7204428,4
7204436,4
7204444,4
7204452,4
7204461,4
7204469,4
7204477,4
7204486,4
7204494,4
7204503,4
7204511,4
7204519,4
7204527,4
7204536,4
7204544,4
7204552,4
7204561,4
7204569,4
7204577,4
7204586,4
7204594,4
7204602,4
7204611,4
7204619,4
7204627,4
7204636,4
7204644,4
7204652,4
7204661,4
7204669,4
7204677,4
7204686,4
7204694,4
7204702,4
7204711,4
7204719,4
7204727,4
7204736,4
7204744,4
7204752,4
7204761,4
7204769,4
7204777,4
7204786,4
7204794,4
7204802,4
7204811,4
7204819,4
7204827,4
7204836,4
7204844,4
7204852,4
7204861,4
7204869,4
7204877,4
7204886,4
7204894,4
7204902,4
7204911,4
7204919,4
7204928,4
7204936,4
7204944,4
7204952,4
7204961,4
7204969,4
7204977,4
7204986,4
7204994,4
7205002,4
7205011,4
7205019,4
7205027,4
7205036,4
7205044,4
7205052,4
7205061,4
7205069,4
7205077,4
7205086,4
7205094,4
7205103,4
7205111,4
7205119,4
7205127,4
7205136,4
7205144,4
7205152,4
7205161,4
7205169,4
7205177,4
7205186,4
7205194,4
7205202,4
7205211,4
7205219,4
7205227,4
7205236,4
7205244,4
7205252,4
7205261,4
7205269,4
7205277,4
7205286,4
7205294,4
7205303,4
7205311,4
7205319,4
7205327,4
7205336,4
7205344,4
7205352,4
7205361,4
7205369,4
7205377,4
7205386,4
7205394,4
7205402,4
7205411,4
7205419,4
7205428,4
7205436,4
7205444,4
7205452,4
7205461,4
7205469,4
7205477,4
7205486,4
7205494,4
7205502,4
7205511,4
7205519,4
7205527,4
7205536,4
7205544,4
7205552,4
7205561,4
7205569,4
7205577,4
7205586,4
7205594,4
7205602,4
7205611,4
7205619,4
7205627,4
7205636,4
7205644,4
7205652,4
7205661,4
7205669,4
7205677,4
7205686,4
7205694,4
7205702,4
7205711,4
7205719,4
7205727,4
7205736,4
7205744,4
7205752,4
7205761,4
7205769,4
7205777,4
7205786,4
7205794,4
7205802,4
7205811,4
7205819,4
7205827,4
7205836,4
7205844,4
7205852,4
7205861,4
7205869,4
7205877,4
7205886,4
7205894,4
7205902,4
7205911,4
7205919,4
7205927,4
7205936,4
7205944,4
7205952,4
7205961,4
7205969,4
7205977,4
7205986,4
7205994,4
7206002,4
7206011,4
7206019,4
7206027,4
7206036,4
7206044,4
7206052,4
7206061,4
7206069,4
7206077,4
7206086,4
7206094,4
7206102,4
7206111,4
7206119,4
7206127,4
7206136,4
7206144,4
7206152,4
7206161,5
7206169,5
7206177,5
7206186,5
7206194,5
7206202,5
7206211,4
7206219,4
7206227,4
7206236,4
7206244,4
7206252,4
7206261,4
7206269,4
7206277,4
7206286,4
7206294,4
7206302,4
7206311,4
7206319,4
7206327,4
7206336,4
7206344,4
7206352,4
7206361,4
7206369,4
7206377,4
7206386,4
7206394,4
7206402,4
7206411,4
7206419,4
7206427,4
7206436,4
7206444,4
7206452,4
7206461,4
7206469,4
7206477,4
7206486,4
7206494,4
7206502,4
7206511,4
7206519,4
7206527,4
7206536,4
7206544,4
7206552,4
7206561,4
7206569,5
7206577,5
7206586,5
7206594,5
7206602,5
7206611,5
7206619,4
7206627,3
7206636,5
7206644,5
7206652,4
7206661,5
7206669,5
7206677,5
7206686,5
7206694,5
7206703,5
7206711,5
7206719,5
7206727,5
7206736,5
7206744,5
7206752,5
7206761,5
7206769,5
7206777,5
7206786,5
7206794,5
7206802,5
7206811,5
7206819,5
7206827,5
7206836,5
7206844,5
7206852,5
7206861,5
7206869,5
7206877,5
7206886,5
7206894,5
7206902,5
7206911,5
7206919,5
7206927,5
7206936,5
7206944,5
7206952,5
7206961,5
7206969,5
7206977,5
7206986,5
7206994,5
7207002,5
7207011,5
7207019,5
7207027,5
7207036,5
7207044,5
7207052,5
7207061,5
7207069,5
7207077,5
7207086,5
7207094,5
7207102,5
7207111,5
7207119,5
7207127,5
7207136,5
7207144,5
7207153,5
7207161,5
7207169,5
7207177,5
7207186,5
7207194,5
7207202,5
7207211,5
7207219,5
7207227,5
7207236,5
7207244,5
7207252,5
7207261,5
7207269,5
7207277,5
7207286,5
7207294,5
7207302,5
7207311,5
7207319,5
7207327,5
7207336,5
7207344,5
7207352,5
7207361,5
7207369,5
7207377,5
7207386,5
7207394,5
7207402,5
7207411,5
7207419,5
7207427,5
7207436,5
7207444,5
7207452,5
7207461,5
7207469,5
7207477,5
7207486,5
7207494,5
7207502,5
7207511,5
7207519,5
7207527,5
7207536,5
7207544,5
7207552,5
7207561,5
7207569,5
7207577,5
7207586,5
7207594,5
7207602,5
7207611,5
7207619,5
7207627,5
7207636,5
7207644,5
7207652,5
7207661,5
7207669,5
7207677,5
7207686,5
7207694,5
7207703,5
7207711,5
7207719,5
7207736,5
7207744,4
7207752,4
7207761,4
7207769,4
7207777,4
7207785,4
7207794,4
7207802,4
7207811,4
7207819,4
7207827,4
7207836,4
7207844,4
7207852,4
7207861,4
7207869,4
7207877,4
7207886,4
7207894,4
7207902,4
7207911,4
7207919,4
7207927,4
7207936,4
7207944,4
7207952,4
7207961,4
7207969,4
7207977,4
7207986,4
7207994,4
7208002,4
7208011,4
7208019,4
7208027,4
7208036,4
7208044,4
7208052,4
7208061,4
7208069,4
7208077,4
7208086,4
7208186,3
7208194,3
7208202,3
7208210,3
7208219,5
7208227,3
7208236,3
7208244,3
7208252,5
7208261,3
7208269,3
7208277,3
7208285,3
7208294,3
7208302,3
7208311,3
7208319,3
7208327,3
7208336,3
7208344,3
7208352,5
7208360,3
7208369,3
7208377,3
7208386,3
7208394,3
7208402,3
7208410,3
7208419,5
7208427,5
7208435,5
7208444,5
7208452,5
7208460,5
7208469,3
7208477,3
7208485,3
7208494,3
7208502,3
7208510,3
7208519,5
7208527,5
7208535,5
7208544,3
7208552,3
7208560,3
7208569,3
7208577,3
7208585,3
7208594,3
7208602,3
7208610,4
7208619,4
7208627,4
7208636,4
7208644,3
7208652,3
7208661,3
7208669,3
7208677,3
7208685,4
7208694,4
7208702,4
7208710,4
7208719,4
7208727,4
7208735,3
7208744,3
7208752,3
7208761,3
7208769,3
7208777,3
7208785,5
7208794,3
7208802,3
7208810,3
7208819,3
7208827,3
7208836,3
7208844,3
7208852,3
7208860,3
7208869,3
7208877,3
7208885,3
7208894,3
7208902,3
7208910,3
7208919,3
7208927,3
7208936,3
7208944,3
7208952,3
7208961,3
7208969,5
7208977,5
7208985,4
7208994,4
7209002,4
7209010,4
7209019,4
7209027,4
7209036,4
7209044,4
7209052,4
7209060,4
7209069,4
7209077,4
7209085,4
7209094,4
7209102,4
7209111,4
7209119,4
7209127,4
7209135,4
7209144,4
7209152,4
7209160,4
7209169,4
7209177,4
7209185,4
7209194,4
7209202,4
7209210,4
7209219,4
7209227,4
7209235,4
7209244,4
7209252,4
7209260,4
7209269,4
7209277,4
7209285,4
7209294,4
7209302,4
7209310,4
7209319,4
7209327,4
7209336,4
7209344,4
7209352,4
7209360,4
7209369,4
7209377,4
7209385,4
7209394,4
7209402,4
7209411,4
7209419,4
7209427,4
7209435,4
7209444,4
7209452,4
7209460,4
7209469,4
7209477,4
7209485,4
7209494,4
7209502,4
7209511,4
7209519,4
7209669,5
7209685,4
7209694,4
7209702,4
7209711,4
7209719,4
7209727,4
7209735,4
7209744,4
7209752,4
7209760,4
7209769,4
7209777,4
7209785,4
7209794,4
7209802,4
7209811,4
7209819,4
7209827,4
7209835,4
7209844,4
7209852,4
7209860,4
7209869,4
7209877,4
7209885,4
7209894,4
7209902,4
7209910,4
7209919,4
7209927,4
7209935,4
7209944,4
7209952,4
7209960,4
7209969,4
7209977,4
7209985,4
7209994,4
7210002,4
7210010,4
7210019,4
7210027,4
7210035,4
7210044,4
7210052,4
7210060,4
7210069,4
7210077,4
7210085,4
7210094,4
7210102,5
7210110,4
7210119,4
7210127,4
7210135,4
7210144,4
7210152,4
7210160,4
7210169,4
7210177,4
7210185,4
7210194,4
7210202,4
7210210,4
7210219,4
7210227,4
7210235,4
7210244,4
7210252,4
7210260,4
7210269,4
7210277,4
7210285,4
7210294,4
7210302,4
7210310,4
7210319,4
7210327,4
7210335,4
7210344,4
7210352,4
7210360,4
7210369,4
7210377,4
7210385,4
7210394,4
7210402,4
7210410,4
7210419,4
7210427,4
7210435,4
7210444,4
7210452,4
7210460,4
7210469,4
7210477,4
7210485,4
7210494,4
7210502,4
7210510,4
7210519,4
7210527,4
7210535,4
7210544,4
7210552,4
7210560,4
7210569,4
7210577,4
7210585,4
7210594,4
7210602,4
7210610,4
7210619,4
7210627,4
7210635,4
7210644,4
7210652,4
7210660,4
7210669,4
7210677,4
7210685,4
7210694,4
7210702,4
7210710,4
7210719,4
7210727,4
7210735,4
7210744,4
7210752,4
7210760,4
7210769,4
7210777,4
7210785,4
7210794,4
7210802,4
7210810,4
7210819,4
7210827,4
7210835,4
7210844,4
7210852,4
7210860,4
7210869,4
7210877,4
7210885,4
7210894,4
7210902,4
7210910,4
7210919,4
7210927,4
7210935,4
7210944,4
7210952,4
7210960,4
7210969,4
7210977,4
7210985,4
7210994,4
7211002,4
7211010,4
7211019,4
7211027,4
7211052,4
7211060,4
7211069,4
7211077,4
7211085,4
7211094,4
7211102,4
7211110,4
7211119,4
7211127,4
7211136,4
7211144,4
7211152,4
7211160,4
7211169,4
7211177,4
7211185,4
7211194,4
7211202,4
7211210,4
7211219,4
7211227,4
7211235,4
7211244,4
7211252,4
7211260,4
7211269,4
7211277,4
7211285,4
7211294,4
7211385,3
7211410,3
7211419,4
7211435,4
7211444,4
7211452,4
7211460,4
7211469,4
7211477,4
7211485,4
7211494,4
7211502,4
7211510,4
7211518,4
7211527,4
7211535,4
7211544,4
7211552,4
7211560,4
7211569,4
7211577,4
7211585,4
7211593,4
7211602,4
7211610,4
7211619,4
7211627,4
7211635,4
7211644,4
7211652,4
7211660,4
7211669,4
7211677,4
7211685,4
7211694,4
7211702,4
7211710,4
7211718,4
7211727,4
7211735,4
7211744,4
7211752,4
7211760,4
7211769,4
7211777,4
7211785,4
7211794,4
7211802,4
7211810,4
7211818,4
7211827,4
7211835,4
7211843,4
7211852,4
7211860,4
7211869,4
7211877,4
7211885,4
7211894,4
7211902,4
7211910,4
7211919,4
7211927,4
7211935,4
7211944,4
7211952,4
7211960,4
7211969,4
7211977,4
7211985,4
7211994,4
7212002,4
7212010,4
7212018,4
7212027,4
7212035,4
7212044,4
7212052,4
7212060,4
7212068,4
7212077,4
7212085,4
7212093,4
7212102,4
7212110,4
7212119,4
7212127,4
7212135,4
7212143,4
7212152,4
7212160,4
7212168,4
7212177,4
7212185,4
7212194,4
7212202,4
7212210,4
7212218,4
7212227,4
7212235,4
7212244,4
7212252,4
7212260,4
7212269,4
7212277,4
7212302,4
7212310,4
7212318,4
7212327,4
7212335,4
7212344,4
7212352,4
7212360,4
7212368,4
7212377,4
7212385,4
7212393,4
7212402,4
7212410,4
7212418,4
7212427,4
7212435,4
7212444,4
7212452,4
7212460,4
7212468,4
7212477,4
7212485,4
7212493,4
7212502,4
7212510,4
7212518,4
7212527,4
7212535,4
7212543,4
7212552,4
7212560,4
7212568,4
7212577,4
7212585,4
7212593,4
7212602,4
7212610,4
7212618,4
7212627,4
7212635,4
7212643,4
7212652,4
7212660,4
7212668,4
7212677,4
7212685,4
7212693,4
7212702,4
7212710,4
7212718,4
7212727,4
7212735,4
7212743,4
7212752,4
7212760,4
7212768,4
7212777,4
7212785,4
7212793,4
7212802,4
7212810,4
7212818,4
7212827,4
7212835,4
7212843,4
7212852,4
7212860,4
7212868,4
7212877,4
7212885,4
7212893,4
7212902,4
7212910,4
7212918,4
7212927,4
7212935,4
7212943,4
7212952,4
7212960,4
7212968,4
7212977,4
7212985,4
7212993,4
7213002,4
7213010,4
7213018,4
7213027,4
7213035,4
7213043,4
7213052,4
7213060,4
7213068,4
7213077,4
7213085,4
7213093,4
7213102,4
7213110,4
7213118,4
7213127,4
7213135,4
7213143,4
7213152,4
7213160,4
7213168,4
7213177,4
7213185,4
7213193,4
7213202,4
7213210,4
7213218,4
7213227,5
7213235,5
7213243,4
7213252,4
7213260,4
7213268,4
7213277,4
7213285,4
7213293,4
7213302,4
7213310,4
7213318,4
7213327,4
7213335,4
7213343,4
7213352,4
7213360,4
7213368,4
7213377,4
7213385,4
7213393,4
7213402,4
7213410,5
7213418,5
7213427,5
7213435,5
7213443,4
7213452,4
7213460,4
7213468,4
7213477,4
7213485,5
7213493,5
7213502,4
7213510,5
7213518,5
7213527,5
7213535,5
7213543,4
7213552,4
7213560,4
7213568,4
7213577,4
7213585,4
7213593,4
7213602,4
7213610,4
7213618,4
7213627,4
7213635,4
7213643,4
7213652,4
7213660,4
7213668,4
7213677,4
7213685,4
7213693,4
7213702,4
7213710,4
7213718,4
7213727,4
7213735,4
7213743,4
7213752,4
7213760,4
7213768,4
7213777,4
7213785,4
7213793,4
7213802,4
7213810,4
7213818,4
7213827,4
7213835,4
7213843,3
7213852,3
7213860,3
7213868,3
7213877,3
7213885,3
7213893,3
7213902,3
7213910,3
7213918,3
7213927,3
7213935,3
7213943,3
7213952,3
7213960,3
7213968,3
7213977,3
7213985,3
7213993,3
7214002,3
7214010,3
7214018,3
7214027,3
7214035,3
7214043,3
7214052,3
7214060,3
7214068,3
7214077,3
7214085,3
7214093,4
7214102,3
7214110,3
7214118,3
7214127,3
7214135,3
7214143,3
7214152,3
7214160,3
7214168,3
7214177,3
7214185,3
7214193,3
7214202,3
7214210,5
7214218,5
7214227,5
7214235,5
7214243,3
7214252,3
7214260,3
7214268,3
7214277,3
7214285,3
7214293,3
7214302,5
7214310,5
7214318,5
7214327,5
7214335,5
7214343,5
7214352,5
7214360,4
7214368,4
7214377,4
7214385,4
7214393,4
7214402,4
7214410,4
7214418,4
7214427,5
7214435,5
7214443,4
7214452,5
7214460,5
7214468,3
7214477,5
7214485,5
7214493,3
7214502,5
7214510,5
7214518,4
7214527,5
7214535,5
7214543,4
7214552,4
7214560,4
7214568,4
7214577,4
7214585,4
7214593,4
7214602,4
7214610,5
7214627,5
7214643,5
7214652,5
7214660,5
7214668,4
7214677,5
7214685,5
7214693,3
7214702,5
7214718,3
7214727,5
7214735,5
7214743,4
7214752,5
7214760,5
7214768,4
7214777,4
7214793,4
7214802,5
7214810,5
7214818,4
7214827,5
7214835,5
7214843,4
7214852,4
7214868,4
7214877,4
7214893,4
7214902,4
7214918,4
7214927,5
7214952,5
7214977,5
7215018,4
7215027,5
7215035,5
7215052,5
7215068,4
7215077,4
7215085,4
7215093,4
7215102,4
7215110,4
7215118,4
7215127,4
7215135,4
7215143,4
7215152,4
7215160,4
7215168,4
7215177,4
7215185,4
7215193,4
7215202,4
7215210,4
7215218,4
7215227,4
7215235,4
7215243,4
7215252,4
7215260,4
7215268,4
7215277,4
7215285,4
7215293,4
7215302,4
7215310,4
7215318,4
7215327,4
7215335,4
7215343,4
7215352,4
7215360,4
7215368,4
7215377,4
7215385,4
7215393,4
7215402,4
7215410,4
7215418,4
7215427,4
7215435,4
7215443,4
7215452,4
7215460,4
7215468,4
7215477,4
7215485,4
7215493,4
7215502,4
7215510,4
7215518,3
7215527,3
7215535,3
7215543,3
7215551,3
7215560,3
7215568,3
7215577,3
7215585,3
7215593,3
7215602,3
7215610,3
7215618,3
7215627,3
7215635,3
7215643,3
7215652,3
7215660,3
7215668,3
7215677,3
7215685,3
7215693,3
7215702,3
7215710,3
7215718,3
7215727,3
7215735,3
7215744,3
7215752,3
7215760,3
7215768,3
7215777,3
7215785,3
7215793,3
7215802,3
7215810,3
7215818,3
7215826,3
7215835,3
7215843,4
7215851,4
7215860,4
7215868,4
7215877,4
7215885,4
7215893,4
7215902,4
7215910,4
7215918,4
7215927,4
7215935,4
7215943,4
7215951,4
7215960,4
7215968,4
7215977,4
7215985,4
7215993,5
7216001,5
7216010,5
7216018,5
7216027,5
7216035,3
7216043,3
7216052,5
7216060,5
7216068,5
7216077,5
7216085,5
7216093,3
7216102,5
7216110,5
7216118,5
7216126,5
7216135,5
7216144,5
7216151,5
7216160,5
7216168,5
7216177,5
7216185,5
7216193,5
7216202,5
7216210,5
7216218,3
7216226,3
7216235,3
7216243,3
7216251,3
7216260,3
7216268,3
7216276,3
7216285,3
7216293,3
7216302,3
7216310,4
7216318,3
7216327,3
7216335,3
7216343,3
7216351,3
7216360,3
7216368,3
7216376,3
7216385,3
7216393,3
7216401,3
7216410,3
7216418,3
7216426,3
7216435,3
7216443,3
7216451,3
7216460,3
7216468,3
7216476,3
7216485,3
7216493,3
7216501,3
7216510,3
7216518,3
7216526,3
7216535,3
7216543,3
7216551,3
7216560,5
7216568,5
7216576,5
7216585,5
7216593,5
7216601,5
7216610,5
7216618,5
7216626,5
7216635,5
7216643,5
7216651,5
7216660,5
7216668,5
7216676,5
7216685,5
7216693,5
7216701,5
7216710,5
7216718,5
7216726,5
7216735,5
7216743,5
7216751,5
7216760,5
7216768,5
7216776,5
7216785,5
7216793,5
7216801,5
7216810,5
7216818,5
7216826,5
7216835,5
7216843,5
7216851,5
7216860,5
7216868,5
7216876,5
7216885,5
7216893,5
7216901,5
7216910,5
7216918,5
7216926,5
7216935,5
7216943,5
7216951,5
7216960,5
7216968,5
7216976,5
7216985,5
7216993,5
7217001,5
7217010,5
7217018,5
7217026,5
7217035,5
7217043,5
7217051,5
7217060,5
7217068,5
7217076,5
7217085,5
7217093,5
7217101,5
7217110,5
7217118,5
7217126,5
7217135,5
7217143,5
7217151,5
7217160,5
7217168,5
7217176,5
7217185,5
7217193,5
7217201,5
7217210,5
7217218,5
7217226,5
7217235,5
7217243,5
7217251,5
7217260,5
7217268,5
7217276,5
7217285,5
7217293,5
7217301,5
7217310,5
7217318,5
7217326,5
7217335,5
7217343,5
7217351,4
7217360,4
7217368,4
7217376,4
7217385,4
7217393,4
7217401,4
7217410,4
7217418,4
7217427,4
7217435,4
7217443,4
7217451,4
7217460,4
7217468,4
7217476,4
7217485,4
7217493,4
7217501,4
7217510,4
7217518,4
7217526,4
7217535,5
7217543,5
7217551,4
7217560,4
7217568,4
7217576,4
7217585,4
7217593,4
7217601,4
7217610,4
7217618,4
7217626,4
7217635,4
7217643,4
7217651,4
7217660,4
7217668,4
7217676,4
7217685,4
7217693,4
7217701,4
7217710,4
7217718,4
7217726,4
7217735,4
7217744,4
7217751,4
7217760,4
7217768,4
7217776,4
7217785,4
7217793,4
7217801,4
7217810,4
7217818,4
7217826,4
7217835,4
7217843,4
7217851,4
7217860,4
7217868,4
7217876,4
7217885,4
7217893,3
7217901,3
7217910,3
7217918,3
7217926,3
7217935,3
7217943,3
7217951,3
7217960,3
7217968,3
7217976,3
7217985,3
7217993,3
7218001,3
7218010,3
7218018,3
7218026,3
7218035,3
7218043,3
7218051,3
7218060,5
7218068,5
7218076,5
7218085,5
7218093,3
7218101,5
7218110,5
7218118,5
7218126,3
7218135,5
7218143,3
7218151,3
7218160,3
7218168,5
7218176,5
7218185,3
7218193,5
7218201,5
7218210,5
7218218,5
7218226,5
7218235,5
7218243,5
7218251,5
7218260,5
7218268,5
7218276,5
7218285,5
7218293,5
7218301,5
7218310,5
