8177115,4
8177122,3
8177147,3
8177223,3
8177239,3
8177247,2
8177264,2
8177322,2
8177347,1
8177372,2
8177389,3
8177397,3
8177422,3
8177464,3
8177498,3
8177514,2
8177539,2
8177547,2
8177564,2
8177572,3
8177589,3
8177622,2
8177647,2
8177689,2
8177697,3
8177722,3
8177747,2
8177797,2
8177847,2
8177872,2
8177897,3
8177914,3
8178064,4
8178072,3
8178468,2
8178518,2
8178593,2
8178618,2
8178868,5
8178893,5
8178985,4
8178993,4
8179018,4
8179035,4
8179068,4
8179085,4
8179093,4
8179110,4
8179118,4
8179135,4
8179143,4
8179160,4
8179168,4
8179256,4
8179264,4
8179281,4
8179289,4
8179314,4
8179331,4
8179356,4
8179364,4
8179389,4
8179414,4
8179431,4
8179456,4
8179464,4
8179481,4
8179506,4
8179514,4
8179531,4
8179539,4
8179556,4
8179564,4
8179631,4
8179656,4
8179714,4
8179731,4
8179739,4
8179756,4
8179764,4
8179789,4
8179814,4
8179840,4
8180410,4
8180427,4
8180452,4
8180461,4
8180485,4
8180502,4
8180527,4
8180535,4
8180552,4
8180561,4
8180585,4
8180602,4
8180610,4
8180627,4
8180635,4
8180652,4
8180660,4
8180677,4
8180685,4
8180702,4
8180710,4
8180727,4
8180735,4
8180752,4
8180777,4
8180785,4
8180802,4
8180810,4
8180827,4
8180835,4
8180852,4
8180860,4
8180877,4
8180902,4
8180910,4
8180927,4
8180952,4
8180960,4
8181406,4
8181423,4
8181448,4
8181456,4
8181498,4
8181506,4
8181523,4
8181531,4
8181548,4
8181556,4
8181573,4
8181581,4
8181598,4
8181606,4
8181623,4
8181631,4
8181648,4
8181656,4
8181673,4
8181681,4
8181698,4
8181706,4
8181723,4
8181731,4
8181748,4
8181757,4
8181773,4
8181781,4
8181798,4
8181806,4
8181823,4
8181831,4
8181848,4
8181856,4
8181873,4
8181898,4
8181906,4
8181923,4
8181931,4
8181948,4
8181973,4
8181998,4
8182023,4
8182048,4
8182073,4
8182098,4
8182123,4
8182131,4
8182148,4
8182156,4
8182173,4
8182181,4
8182198,4
8182256,4
8182306,4
8182332,4
8182356,4
8182381,4
8182494,4
8182519,4
8182544,4
8182552,4
8182569,4
8182594,4
8182602,4
8182619,4
8182627,4
8182644,4
8182652,4
8182669,4
8182694,4
8182719,4
8182727,4
8182744,4
8182777,4
8182802,4
8182819,4
8182828,4
8182844,4
8182852,4
8182869,4
8182877,4
8182894,4
8182902,4
8182919,4
8182927,4
8182944,4
8182952,4
8182969,4
8182977,4
8182994,4
8183002,4
8183019,4
8183027,4
8183052,4
8183069,4
8183077,4
8183094,4
8183102,4
8183119,4
8183127,4
8183144,4
8183152,4
8183169,4
8183177,4
8183194,4
8183202,4
8183219,4
8183244,4
8183252,4
8183269,4
8183294,4
8183319,4
8183344,4
8183352,4
8183369,4
8183377,4
8183394,4
8183402,4
8183419,4
8183444,4
8183452,4
8183540,4
8183565,4
8183590,4
8183615,4
8183623,4
8183640,4
8183665,4
8183673,4
8183690,4
8183715,4
8183723,4
8184287,4
8184295,4
8184312,4
8184337,4
8184345,4
8184387,4
8184412,4
8184437,4
8184462,4
8184470,4
8184487,4
8184512,4
8184520,4
8184537,4
8184562,4
8184587,4
8184612,4
8184637,4
8184662,4
8184687,4
8184712,4
8184720,4
8184737,4
8184820,4
8184845,4
8184870,4
8184896,4
8184970,4
8184995,4
