7372327,5
7372336,5
7372361,5
7372377,5
7372386,5
7372402,4
7372411,4
7372427,5
7372436,5
7372452,5
7372461,5
7372477,5
7372486,5
7372502,4
7372511,4
7372527,5
7372536,2
7372544,5
7372552,5
7372561,5
7372569,5
7372577,5
7372586,5
7372594,5
7372602,5
7372610,5
7372619,5
7372636,5
7372652,5
7372660,5
7372686,5
7372702,5
7372711,5
7372719,5
7372727,5
7372735,5
7372744,5
7372752,5
7372760,5
7372769,5
7372785,5
7372794,5
7372802,5
7372810,5
7372819,5
7372827,5
7372835,5
7372844,5
7372852,5
7372860,5
7372877,5
7372885,1
7372894,2
7372902,4
7372910,5
7372919,5
7372927,5
7372935,5
7372944,5
7372952,5
7372960,5
7372969,5
7372977,5
7372985,5
7372994,5
7373002,5
7373010,5
7373019,5
7373027,5
7373035,5
7373044,5
7373052,5
7373060,5
7373069,5
7373077,5
7373085,5
7373094,5
7373102,5
7373110,5
7373119,5
7373127,5
7373135,5
7373144,5
7373152,5
7373160,5
7373169,5
7373177,5
7373185,5
7373194,5
7373202,5
7373210,5
7373219,5
7373227,5
7373252,5
7373760,5
7373885,5
7373902,5
7373977,4
7373985,5
7374002,5
7374027,5
7374035,5
7374052,5
7374060,5
7374078,5
7374085,4
7374102,5
7374110,4
7374127,4
7374135,5
7374152,4
7374169,5
7374177,4
7374185,5
7374194,5
7374202,5
7374210,5
7374227,5
7374235,5
7374244,5
7374252,5
7374260,5
7374269,4
7374277,5
7374285,5
7374294,5
7374302,4
7374310,4
7374319,4
7374327,4
7374335,4
7374352,4
7374360,4
7374369,5
7374377,5
7374385,5
7374402,5
7374410,5
7374427,4
7374435,4
7374444,5
7374452,5
7374460,5
7374477,5
7374485,5
7374494,4
7374502,5
7374519,5
7374527,4
7374535,5
7374552,5
7374560,4
7374577,5
7374585,5
7374594,5
7374602,5
7374610,5
7374627,5
7374635,5
7374652,5
7374660,5
7374677,5
7374685,5
7374702,5
7374710,4
7374727,4
7374735,4
7374752,5
7374760,5
7374777,5
7374785,5
7374802,5
7374810,5
7374827,5
7374835,5
7374844,5
7374852,5
7374877,5
7374885,5
7374902,5
7374910,5
7374927,5
7374935,5
7374944,5
7374952,5
7374977,5
7375002,4
7375010,5
7375027,5
7375035,5
7375052,5
7375060,5
7375077,5
7375111,5
7375127,5
7375152,5
7375160,3
7375177,4
7375185,4
7375202,5
7375210,5
7375227,4
7375235,4
7375252,5
7375260,5
7375285,5
7375302,5
7375310,4
7375327,4
7375344,4
7375352,4
7375360,5
7375377,5
7375385,5
7375402,5
7375410,5
7375427,5
7375435,5
7375452,5
7375460,3
7375477,5
7375510,5
7375527,4
7375552,5
7375560,5
7375577,5
7375585,5
7375602,5
7375610,4
7375627,3
7375635,3
7375652,5
7375660,5
7375677,3
7375685,5
7375702,5
7375710,3
7375727,4
7375735,4
7375752,3
7375760,3
7375777,4
7375785,4
7375802,4
7375810,4
7375819,4
7375827,4
7375835,4
7375852,4
7375860,4
7375877,3
7375885,4
7375902,4
7375910,4
7375927,4
7375952,4
7376460,1
7376565,5
7376573,4
7376590,4
7376615,4
7376640,3
7376648,3
7376665,4
7376673,4
7376690,4
7376698,4
7376706,4
7376715,4
7376723,4
7376740,4
7376748,4
7376765,4
7376773,4
7376781,4
7376790,4
7376798,4
7376806,4
7376815,4
7376823,4
7376840,4
7376848,4
7376865,4
7376873,4
7376890,4
7376898,5
7376906,4
7376915,4
7376923,3
7376931,3
7376940,4
7376948,4
7376956,4
7376965,4
7376973,4
7376981,4
7376990,4
7376998,4
7377015,4
7377023,4
7377040,3
7377048,4
7377056,4
7377065,4
7377073,4
7377090,4
7377098,4
7377106,4
7377115,4
7377123,4
7377140,4
7377148,4
7377165,4
7377173,4
7377182,4
7377190,4
7377198,2
7377215,3
7377223,3
7377231,3
7377240,4
7377248,4
7377256,3
7377265,3
7377273,3
7377281,4
7377290,4
7377298,4
7377315,4
7377323,4
7377331,4
7377348,4
7377365,4
7377373,4
7377390,4
7377398,4
7377406,2
7377415,1
7377423,4
7377440,5
7377448,4
7377456,2
7377465,2
7377473,2
7377481,2
7377490,2
7377498,2
7377506,2
7377515,2
7377523,2
7377531,4
7377540,4
7377548,4
7377556,4
7377565,3
7377573,3
7377590,4
7377598,4
7377615,4
7377623,3
7377648,4
7377656,4
7377665,4
7377673,4
7377681,4
7377690,4
7377698,4
7377706,4
7377715,3
7377723,3
7377731,3
7377740,3
7377748,4
7377765,4
7377773,4
7377790,4
7377798,4
7377815,3
7377823,4
7377831,4
7377840,4
7377848,4
7377865,4
7377873,4
7377890,4
7377898,4
7377915,4
7377923,4
7377940,4
7377948,4
7377956,4
7377965,2
7377973,2
7377990,4
7377998,4
7378006,4
7378015,4
7378023,4
7378031,4
7378040,4
7378048,4
7378056,4
7378065,4
7378073,4
7378081,4
7378090,4
7378098,3
7378106,4
7378115,4
7378123,4
7378140,4
7378148,4
7378156,4
7378165,4
7378173,4
7378181,4
7378190,4
7378198,4
7378215,4
7378223,4
7378240,4
7378248,4
7378448,4
7378465,4
7378473,5
7378481,5
7378490,5
7378498,5
7378506,5
7378515,5
7378523,5
7378531,5
7378540,5
7378548,5
7378556,5
7378565,5
7378573,5
7378581,5
7378590,5
7378598,5
7378606,5
7378615,5
7378623,5
7378631,4
7378640,5
7378648,5
7378656,5
7378665,5
7378673,5
7378681,5
7378690,5
7378698,5
7378706,5
7378715,5
7378723,5
7378731,5
7378740,5
7378748,5
7378756,5
7378765,5
7378773,5
7378781,5
7378789,5
7378798,5
7378806,5
7378815,5
7378823,5
7378831,5
7378840,5
7378848,5
7378856,5
7378864,5
7378873,5
7378881,5
7378889,5
7378898,5
7378906,5
7378914,5
7378923,5
7378931,5
7378940,5
7378948,5
7378956,5
7378964,5
7378973,5
7378981,5
7378989,5
7378998,5
7379006,5
7379014,5
7379023,5
7379031,5
7379039,5
7379048,5
7379056,5
7379064,5
7379073,5
7379081,5
7379089,5
7379098,5
7379106,5
7379114,5
7379123,5
7379131,5
7379139,5
7379148,5
7379156,2
7379164,2
7379173,1
7379181,2
7379189,2
7379198,2
7379206,2
7379214,2
7379223,2
7379231,4
7379239,4
7379248,4
7379256,1
7379264,4
7379273,2
7379281,4
7379289,2
7379298,2
7379306,2
7379314,1
7379323,2
7379331,3
7379348,3
7379356,1
7379364,1
7379373,1
7379381,1
7379389,4
7379398,5
7379406,4
7379414,5
7379423,5
7379431,5
7379439,5
7379448,5
7379456,5
7379464,5
7379473,5
7379481,5
7379498,5
7379506,5
7379523,5
7379531,5
7379539,5
7379548,5
7379556,5
7379564,5
7379573,5
7379581,5
7379590,5
7379598,5
7379606,5
7379623,5
7379631,5
7379639,5
7379648,5
7379656,5
7379664,5
7379673,5
7379681,5
7379698,5
7379706,5
7379714,5
7379723,5
7379731,5
7379739,5
7379748,5
7379756,5
7379773,5
7379781,4
7379798,4
7379814,4
7380198,4
7380214,4
7380239,4
7380248,4
7380264,4
7380273,4
7380289,4
7380298,4
7380314,4
7380323,4
7380331,4
7380339,4
7380348,4
7380356,4
7380364,4
7380373,4
7380382,4
7380389,4
7380398,4
7380406,4
7380414,4
7380423,4
7380431,4
7380439,4
7380448,4
7380456,4
7380464,4
7380473,4
7380481,4
7380489,4
7380498,4
7380506,4
7380514,4
7380523,4
7380531,4
7380539,4
7380548,4
7380556,2
7380564,2
7380573,4
7380581,4
7380589,4
7380598,4
7380606,4
7380614,4
7380623,2
7380631,4
7380639,4
7380648,2
7380656,4
7380664,4
7380673,4
7380681,2
7380689,2
7380698,4
7380706,4
7380714,4
7380723,4
7380731,4
7380739,4
7380748,4
7380756,4
7380764,4
7380773,4
7380781,4
7380790,4
7380798,4
7380806,4
7380814,4
7380823,4
7380831,5
7380839,4
7380848,5
7380856,5
7380864,4
7380873,4
7380881,4
7380889,4
7380898,4
7380906,4
7380914,4
7380923,5
7380931,4
7380939,5
7380948,2
7380956,5
7380964,5
7380973,5
7380981,5
7380989,5
7380998,5
7381006,5
7381014,5
7381023,4
7381031,4
7381039,4
7381048,4
7381056,4
7381064,4
7381073,4
7381081,4
7381089,4
7381098,4
7381106,4
7381114,4
7381123,4
7381131,5
7381139,4
7381148,4
7381156,4
7381173,4
7381181,4
7381190,4
7381198,4
7381206,4
7381214,4
7381223,4
7381231,4
7381239,4
7381248,4
7381256,4
7381264,4
7381273,4
7381281,4
7381289,4
7381298,4
7381306,5
7381314,4
7381323,4
7381331,5
7381356,5
7381364,4
7381373,4
7381381,4
7381389,4
7381398,4
7381406,4
7381414,4
7381423,4
7381431,4
7381439,4
7381448,4
7381456,4
7381464,4
7381473,4
7381481,4
7381489,4
7381498,4
7381506,4
7381514,4
7381523,4
7381539,4
7381548,4
7381564,4
7381573,5
7381598,5
7381606,5
7381614,5
7381623,5
7381639,4
7381648,4
7381656,4
7381673,5
7381681,5
7381689,4
7381698,4
7381714,4
7381723,5
7381739,4
7381748,4
7381764,4
7381773,4
7381781,5
7381789,4
7381798,5
7381814,5
7381823,5
7381839,5
7381848,5
7381864,5
7381873,5
7381881,5
7381889,5
7381898,5
7381906,5
7381914,5
7381923,5
7381931,5
7381939,5
7381948,5
7381956,5
7381965,5
7381973,5
7381981,5
7381989,5
7381998,5
7382006,5
7382014,5
7382023,5
7382031,5
7382039,5
7382048,5
7382064,5
7382073,5
7382089,5
7382098,5
7382106,5
7382114,5
7382123,5
7382131,5
7382139,5
7382148,5
7382156,5
7382164,5
7382173,5
7382181,5
7382189,5
7382198,5
7382206,5
7382214,5
7382223,5
7382231,5
7382239,5
7382248,5
7382256,5
7382264,5
7382273,5
7382281,5
7382289,5
7382298,5
7382306,5
7382314,5
7382323,5
7382331,5
7382339,5
7382348,5
7382356,5
7382364,5
7382373,5
7382381,5
7382389,5
7382398,5
7382406,5
7382414,5
7382423,5
7382431,5
7382439,5
7382448,5
7382456,5
7382464,5
7382473,5
7382481,5
7382489,5
7382498,5
7382506,5
7382514,5
7382523,5
7382531,5
7382539,5
7382548,5
7382556,5
7382564,5
7382573,5
7382581,5
7382589,5
7382598,5
7382606,5
7382614,5
7382623,5
7382631,5
7382639,5
7382648,5
7382656,5
7382664,5
7382673,5
7382681,5
7382689,5
7382697,5
7382706,5
7382714,5
7382722,5
7382731,5
7382739,5
7382748,5
7382756,5
7382764,5
7382773,5
7382781,5
7382789,5
7382797,5
7382806,5
7382814,5
7382823,5
7382831,5
7382839,5
7382847,5
7382856,5
7382864,5
7382872,5
7382881,5
7382898,5
7382906,5
7382922,5
7382931,5
7382947,5
7382956,5
7382972,5
7382981,5
7382989,5
7382997,5
7383006,5
7383014,5
7383023,5
7383031,5
7383039,5
7383047,5
7383056,5
7383064,5
7383072,5
7383081,5
7383089,4
7383097,4
7383106,4
7383114,4
7383122,4
7383131,4
7383139,4
7383147,4
7383156,4
7383164,4
7383172,4
7383181,4
7383189,4
7383197,4
7383206,4
7383214,4
7383222,4
7383231,4
7383239,4
7383247,4
7383256,4
7383264,4
7383273,4
7383281,2
7383289,2
7383297,4
7383306,4
7383322,4
7383331,4
7383339,4
7383347,4
7383356,4
7383364,4
7383372,4
7383381,4
7383389,4
7383397,4
7383406,4
7383422,4
7383439,4
7383448,4
7383456,4
7383472,4
7383481,4
7383489,4
7383497,4
7383506,4
7383514,4
7383522,4
7383531,4
7383539,4
7383548,4
7383556,4
7383572,4
7383581,4
7383589,4
7383597,4
7383606,4
7383614,4
7383622,4
7383631,4
7383647,4
7383656,4
7383664,5
7383672,4
7383681,4
7383689,4
7383697,4
7383706,4
7383739,4
7383747,4
7383756,4
7383764,4
7383772,4
7383781,5
7383789,5
7383798,5
7383806,5
7383814,5
7383822,5
7383831,5
7383839,5
7383847,5
7383856,5
7383864,5
7383872,5
7383881,5
7383889,5
7383897,5
7383906,5
7383914,5
7383922,5
7383931,5
7383939,5
7383947,5
7383956,5
7383964,5
7383972,5
7383981,5
7383989,5
7383997,5
7384006,5
7384014,5
7384022,5
7384031,5
7384039,5
7384047,5
7384056,5
7384064,5
7384072,5
7384081,5
7384089,5
7384097,5
7384106,5
7384114,5
7384122,5
7384131,5
7384139,5
7384147,5
7384156,5
7384164,5
7384172,5
7384181,5
7384189,5
7384197,5
7384206,5
7384214,5
7384223,5
7384231,5
7384239,5
7384247,5
7384256,5
7384264,5
7384272,5
7384281,5
7384289,5
7384297,5
7384306,5
7384314,5
7384322,5
7384331,5
7384339,5
7384348,5
7384356,5
7384364,5
7384372,5
7384381,5
7384389,5
7384397,5
7384406,5
7384414,5
7384422,5
7384431,5
7384439,5
7384447,5
7384456,5
7384464,5
7384472,5
7384481,5
7384489,5
7384497,5
7384506,5
7384514,5
7384522,5
7384531,5
7384539,5
7384789,5
7384814,5
7384839,4
7384864,4
7384872,4
7384881,4
7384889,4
7384898,4
7384914,4
7384922,5
7384931,5
7384939,5
7384947,5
7384956,5
7384964,5
7384972,5
7384981,5
7384989,5
7384997,5
7385006,5
7385014,5
7385022,5
7385031,5
7385039,5
7385047,5
7385056,5
7385064,5
7385072,5
7385081,5
7385089,5
7385097,5
7385106,5
7385114,5
7385122,5
7385131,5
7385139,5
7385147,5
7385156,5
7385164,5
7385172,5
7385189,5
7385197,5
7385206,5
7385214,5
7385222,5
7385231,4
7385239,5
7385247,5
7385256,5
7385264,5
7385272,5
7385281,5
7385289,5
7385297,5
7385306,5
7385314,5
7385322,5
7385331,5
7385339,5
7385347,5
7385356,5
7385364,5
7385372,5
7385381,5
7385389,5
7385397,5
7385406,5
7385414,5
7385422,5
7385431,5
7385439,5
7385447,5
7385456,5
7385464,5
7385472,5
7385481,5
7385489,5
7385497,5
7385506,5
7385514,5
7385522,5
7385531,5
7385539,5
7385547,5
7385556,5
7385564,5
7385590,5
7385847,5
7385864,4
7385889,4
7385914,4
7385939,4
7385964,3
7386022,5
7386031,5
7386039,5
7386047,4
7386064,4
7386072,4
7386089,5
7386097,5
7386106,5
7386114,5
7386122,4
7386139,4
7386147,5
7386156,4
7386164,5
7386172,4
7386181,5
7386189,4
7386198,4
7386206,4
7386214,4
7386222,4
7386231,4
7386239,4
7386247,4
7386256,4
7386264,4
7386272,4
7386281,4
7386289,4
7386297,4
7386306,4
7386314,4
7386322,4
7386331,4
7386339,4
7386347,4
7386356,4
7386364,4
7386372,4
7386381,4
7386389,4
7386397,4
7386406,4
7386414,4
7386422,4
7386430,4
7386439,4
7386447,4
7386456,4
7386472,4
7386481,4
7386489,4
7386497,4
7386506,4
7386514,4
7386522,4
7386530,5
7386539,4
7386547,4
7386555,4
7386564,4
7386572,4
7386580,4
7386589,4
7386597,4
7386606,4
7386614,4
7386622,4
7386630,4
7386639,4
7386647,4
7386655,4
7386664,4
7386672,4
7386680,4
7386689,4
7386697,4
7386705,4
7386714,4
7386722,4
7386731,4
7386739,4
7386747,4
7386755,4
7386764,4
7386772,4
7386780,4
7386789,4
7386797,4
7386805,4
7386814,4
7386822,4
7386830,4
7386839,4
7386847,4
7386856,4
7386864,4
7386872,4
7386897,4
7386905,5
7386914,5
7386922,5
7386930,5
7386939,5
7386947,5
7386955,5
7386964,5
7386972,5
7386980,5
7386989,5
7386997,5
7387006,5
7387014,5
7387022,5
7387030,5
7387039,5
7387047,5
7387055,5
7387064,5
7387072,5
7387080,5
7387089,5
7387097,5
7387105,5
7387114,5
7387122,5
7387131,5
7387139,5
7387147,5
7387156,5
7387164,5
7387172,5
7387180,5
7387189,5
7387197,5
7387205,5
7387214,5
7387222,5
7387230,5
7387239,5
7387247,5
7387255,5
7387264,5
7387272,5
7387280,5
7387289,5
7387297,5
7387305,5
7387314,5
7387322,5
7387330,5
7387339,5
7387347,5
7387355,5
7387364,5
7387372,5
7387380,5
7387405,5
7387414,5
7387422,5
7387430,5
7387439,5
7387447,5
7387455,5
7387464,5
7387472,5
7387480,5
7387489,5
7387497,5
7387506,5
7387514,5
7387539,5
7387547,5
7387555,5
7387564,4
7387572,4
7387580,4
7387589,4
7387597,4
7387605,4
7387614,4
7387622,4
7387630,4
7387639,4
7387647,5
7387672,4
7387680,4
7387689,5
7387697,5
7387705,4
7387714,4
7387722,4
7387730,4
7387739,4
7387747,4
7387755,4
7387764,4
7387772,4
7387780,4
7387789,4
7387797,4
7387806,4
7387814,4
7387822,4
7387830,4
7387839,4
7387847,4
7387855,4
7387864,4
7387872,4
7387880,4
7387889,4
7387897,4
7387905,4
7387914,4
7387922,4
7387930,4
7387947,4
7387955,4
7387964,4
7387972,4
7387980,4
7387989,4
7387997,4
7388005,4
7388014,4
7388022,4
7388030,4
7388039,4
7388047,4
7388055,4
7388064,4
7388072,4
7388080,4
7388089,4
7388097,4
7388105,4
7388114,4
7388122,4
7388130,4
7388139,4
7388147,4
7388155,4
7388164,4
7388172,4
7388180,4
7388189,4
7388197,4
7388206,4
7388214,4
7388222,4
7388230,4
7388239,4
7388247,4
7388255,4
7388264,4
7388272,4
7388280,4
7388289,4
7388297,4
7388305,4
7388314,4
7388322,4
7388330,4
7388339,4
7388347,4
7388355,4
7388364,4
7388372,4
7388380,4
7388389,4
7388397,4
7388405,4
7388414,5
7388422,5
7388430,4
7388439,4
7388447,5
7388455,4
7388464,4
7388472,4
7388480,4
7388489,4
7388497,4
7388505,4
7388514,5
7388522,4
7388530,4
7388539,4
7388547,4
7388555,4
7388564,4
7388572,4
7388580,4
7388589,5
7388598,4
7388606,4
7388614,4
7388622,5
7388630,5
7388639,5
7388647,5
7388655,5
7388664,5
7388672,5
7388680,5
7388689,5
7388697,5
7388705,5
7388714,5
7388722,5
7388730,5
7388739,5
7388747,5
7388755,5
7388764,5
7388772,5
7388780,5
7388789,5
7388797,5
7388805,5
7388814,5
7388822,5
7388830,5
7388839,5
7388847,5
7388855,5
7388864,5
7388872,5
7388880,5
7388889,5
7388897,5
7388905,5
7388914,5
7388922,5
7388930,5
7388939,5
7388947,5
7388955,5
7388964,5
7388972,5
7388980,5
7388989,5
7388997,5
7389005,5
7389014,5
7389022,5
7389030,5
7389039,5
7389047,5
7389055,5
7389064,5
7389072,5
7389080,5
7389089,5
7389097,5
7389105,5
7389114,5
7389122,5
7389130,5
7389139,5
7389147,5
7389155,5
7389164,5
7389172,5
7389180,5
7389189,5
7389197,5
7389205,5
7389214,5
7389222,5
7389230,5
7389239,5
7389247,5
7389255,5
7389264,5
7389272,5
7389280,5
7389289,5
7389297,5
7389305,5
7389314,5
7389322,5
7389589,5
7389597,5
7389614,5
7389622,5
7389630,5
7389639,5
7389647,5
7389655,5
7389664,5
7389672,5
7389680,5
7389689,5
7389697,5
7389705,5
7389714,5
7389722,5
7389730,5
7389739,5
7389747,5
7389755,5
7389764,5
7389772,5
7389780,5
7389789,5
7389797,5
7389805,5
7389814,5
7389822,5
7389830,5
7389839,5
7389847,5
7389855,5
7389864,5
7389872,5
7389880,5
7389889,5
7389897,5
7389905,5
7389914,5
7389922,5
7389930,5
7389939,5
7389947,5
7389955,5
7389964,5
7389972,5
7389980,5
7389989,5
7389997,5
7390005,5
7390014,5
7390022,5
7390030,5
7390039,5
7390047,5
7390055,5
7390064,5
7390072,5
7390080,5
7390089,5
7390097,5
7390105,5
7390114,5
7390122,5
7390130,5
7390139,5
7390147,5
7390155,5
7390164,5
7390172,5
7390180,5
7390189,5
7390197,4
7390214,4
7390222,4
7390239,4
7390247,5
7390264,4
7390272,4
7390480,5
7390489,3
7390505,5
7390513,5
7390530,5
7390538,5
7390547,5
7390555,5
7390563,4
7390572,4
7390580,4
7390589,5
7390597,5
7390605,5
7390613,5
7390622,5
7390630,5
7390638,5
7390647,5
7390655,5
7390663,5
7390672,5
7390680,5
7390689,5
7390697,5
7390705,5
7390714,5
7390722,5
7390730,5
7390738,5
7390747,5
7390755,5
7390763,5
7390772,5
7390780,5
7390788,5
7390797,5
7390805,5
7390813,5
7390822,5
7390830,5
7390838,5
7390847,5
7390855,4
7390863,4
7390872,4
7390880,4
7390888,4
7390897,4
7390905,4
7390913,4
7390922,4
7390930,4
7390938,4
7390947,4
7390955,4
7390963,4
7390972,4
7390980,4
7390988,4
7390997,4
7391005,3
7391013,5
7391022,5
7391030,5
7391038,4
7391047,4
7391055,4
7391063,5
7391072,4
7391080,5
7391089,5
7391097,5
7391105,3
7391113,5
7391122,5
7391130,5
7391138,5
7391147,5
7391155,5
7391163,5
7391172,5
7391180,5
7391188,5
7391197,0
7391205,3
7391214,0
7391222,5
7391230,5
7391238,0
7391247,5
7391255,0
7391263,5
7391272,0
7391280,0
7391289,5
7391297,0
7391305,5
7391313,0
7391322,5
7391330,5
7391338,0
7391347,0
7391355,0
7391363,5
7391388,0
7391397,0
7391405,6
7391413,6
7391797,5
7391863,4
7391888,4
7391913,4
7392030,5
7392038,5
7392047,5
7392055,5
7392063,5
7392072,5
7392080,5
7392088,5
7392097,5
7392105,5
7392113,5
7392122,5
7392130,5
7392138,5
7392147,5
7392155,5
7392163,5
7392172,5
7392180,5
7392188,5
7392197,5
7392205,6
7392213,6
7392222,5
7392230,5
7392238,5
7392247,4
7392255,5
7392263,5
7392272,6
7392280,5
7392288,5
7392297,5
7392305,5
7392322,5
7392330,5
7392338,5
7392347,5
7392355,5
7392363,5
7392372,5
7392380,5
7392388,5
7392397,5
7392405,3
7392422,5
7392430,5
7392438,5
7392447,5
7392455,5
7392463,5
7392472,5
7392480,5
7392488,5
7392497,5
7392505,5
7392513,5
7392522,5
7392530,5
7392539,5
7392547,5
7392555,5
7392563,5
7392572,0
7392580,5
7392588,5
7392597,0
7392605,5
7392613,0
7392622,5
7392630,5
7392638,5
7392647,5
7392655,5
7392663,5
7392672,5
7392680,5
7392688,5
7392697,5
7392705,5
7392713,5
7392722,5
7392730,5
7392738,5
7392747,5
7392755,5
7392763,5
7392772,5
7392780,5
7392789,5
7392797,5
7392805,5
7392813,5
7392822,5
7392830,5
7392838,5
7392847,5
7392855,5
7392863,5
7392872,5
7392880,5
7392888,5
7392897,5
7392905,3
7392913,5
7392922,6
7392930,6
7392938,5
7392947,5
7392955,5
7392963,5
7392972,5
7392980,5
7392988,5
7392997,5
7393005,3
7393013,5
7393022,5
7393030,5
7393038,5
7393047,5
7393055,5
7393063,5
7393072,5
7393080,5
7393088,5
7393097,0
7393105,5
7393113,5
7393122,5
7393130,5
7393138,5
7393147,5
7393155,5
7393163,5
7393172,5
7393180,5
7393189,5
7393197,5
7393205,5
7393213,5
7393222,5
7393230,5
7393238,5
7393247,5
7393255,5
7393263,5
7393272,5
7393280,5
7393288,5
7393297,5
7393305,5
7393313,5
7393322,5
7393330,5
7393338,5
7393347,5
7393355,5
7393363,5
7393372,5
7393380,5
7393388,5
7393397,5
7393405,5
7393413,5
7393422,5
7393430,5
7393438,5
7393447,5
7393456,5
7393463,5
7393472,5
7393480,5
7393488,5
7393497,5
7393505,5
7393513,5
7393522,5
7393530,5
7393538,5
7393547,5
7393555,5
7393563,5
7393572,5
7393580,5
7393589,5
7393597,5
7393605,5
7393613,5
7393622,5
7393630,5
7393638,5
7393647,5
7393655,5
7393663,5
7393672,5
7393688,5
7393847,5
7393863,5
7393888,5
7393897,5
7393913,5
7393922,5
7393930,5
7393938,5
7393947,5
7393955,5
7393963,5
7393972,5
7393980,5
7393988,5
7393997,5
7394005,5
7394013,5
7394022,5
7394030,5
7394038,5
7394047,5
7394055,5
7394063,5
7394072,5
7394080,5
7394088,5
7394097,5
7394105,5
7394113,5
7394122,5
7394130,2
7394138,2
7394147,2
7394155,5
7394163,5
7394172,5
7394180,5
7394188,5
7394196,5
7394205,5
7394213,5
7394222,5
7394230,5
7394238,5
7394246,5
7394255,5
7394263,5
7394271,5
7394280,5
7394288,5
7394296,5
7394305,5
7394313,5
7394321,5
7394330,5
7394338,5
7394347,5
7394355,5
7394363,5
7394372,5
7394380,5
7394388,5
7394396,5
7394405,5
7394413,5
7394421,5
7394430,5
7394438,5
7394446,5
7394455,5
7394463,5
7394471,5
7394480,5
7394488,5
7394497,5
7394505,5
7394513,5
7394521,5
7394530,5
7394538,5
7394546,5
7394555,5
7394563,5
7394571,5
7394580,5
7394588,5
7394596,5
7394605,5
7394613,5
7394622,5
7394630,5
7394638,5
7394646,5
7394655,5
7394663,5
7394671,5
7394680,5
7394688,5
7394696,2
7394705,5
7394713,5
7394721,5
7394730,5
7394738,5
7394747,5
7394755,5
7394763,5
7394771,5
7394780,5
7394788,5
7394796,5
7394805,5
7394813,5
7394821,5
7394830,5
7394838,5
7394846,5
7394855,5
7394863,2
7394871,5
7394880,5
7394888,5
7394896,2
7394905,2
7394921,5
7394930,2
7394938,5
7394946,5
7394955,5
7394963,5
7394971,5
7394980,5
7394988,5
7394996,5
7395005,5
7395013,5
7395022,5
7395030,5
7395038,5
7395046,5
7395055,5
7395063,5
7395071,5
7395080,5
7395088,5
7395096,5
7395105,5
7395113,5
7395121,5
7395130,5
7395138,5
7395147,5
7395155,5
7395163,5
7395171,5
7395180,5
7395188,5
7395196,5
7395205,5
7395213,5
7395221,5
7395230,5
7395238,5
7395246,5
7395255,5
7395263,5
7395271,5
7395280,5
7395288,5
7395296,5
7395305,5
7395313,5
7395321,5
7395330,5
7395338,5
7395346,5
7395355,5
7395363,5
7395371,5
7395380,5
7395388,5
7395396,5
7395405,5
7395413,5
7395421,5
7395430,5
7395438,5
7395446,5
7395455,5
7395463,5
7395471,5
7395480,5
7395488,5
7395496,5
7395505,5
7395513,5
7395521,5
7395530,5
7395538,5
7395546,5
7395555,5
7395563,5
7395571,5
7395580,5
7395588,5
7395596,5
7395605,5
7395613,5
7395621,5
7395630,5
7395638,5
7395646,5
7395655,5
7395663,5
7395672,5
7395680,5
7395688,5
7395696,5
7395705,5
7395713,5
7395721,5
7395730,5
7395738,5
7395746,5
7395755,5
7395763,5
7395771,5
7395780,5
7395788,5
7395796,5
7395805,5
7395813,5
7395821,5
7395830,5
7395838,5
7395846,5
7395855,5
7395863,5
7395871,5
7395880,5
7395888,5
7395896,5
7395905,5
7395921,5
7395938,5
7396196,0
7396205,6
7396213,0
7396221,5
7396263,5
7396305,5
7396313,3
7396321,3
7396330,3
7396338,3
7396346,3
7396355,5
7396363,3
7396371,3
7396380,3
7396388,4
7396405,4
7396413,4
7396421,4
7396430,4
7396438,4
7396446,4
7396455,4
7396463,4
7396471,4
7396480,4
7396488,4
7396496,4
7396505,4
7396513,4
7396521,4
7396530,4
7396538,4
7396546,4
7396555,4
7396563,4
7396571,4
7396580,4
7396588,4
7396596,4
7396605,4
7396613,4
7396621,4
7396630,4
7396638,4
7396646,4
7396655,4
7396663,4
7396671,4
7396680,4
7396688,4
7396696,4
7396705,4
7396713,4
7396721,4
7396730,4
7396738,4
7396746,4
7396755,4
7396763,4
7396771,5
7396780,5
7396788,5
7396796,5
7396805,5
7396813,5
7396821,5
7396830,5
7396838,5
7396846,5
7396855,5
7396863,5
7396871,5
7396880,5
7396888,5
7396896,5
7396905,5
7396913,5
7396921,5
7396930,5
7396938,5
7396946,5
7396955,5
7396963,5
7396971,5
7396980,5
7396988,5
7396996,5
7397005,5
7397013,5
7397021,5
7397030,5
7397038,5
7397046,5
7397055,5
7397063,5
7397071,5
7397080,5
7397088,5
7397096,5
7397105,5
7397113,5
7397121,5
7397130,5
7397138,5
7397146,5
7397155,5
7397163,5
7397171,5
7397180,5
7397188,5
7397196,5
7397205,5
7397213,5
7397221,5
7397230,5
7397238,5
7397246,5
7397255,5
7397263,5
7397271,5
7397280,5
7397288,5
7397296,5
7397305,5
7397313,5
7397321,5
7397330,5
7397338,5
7397346,5
7397355,5
7397363,5
7397371,5
7397380,5
7397388,5
7397396,5
7397405,5
7397413,5
7397421,5
7397430,5
7397438,5
7397446,5
7397455,5
7397463,5
7397471,5
7397480,5
7397488,5
7397496,5
7397505,5
7397513,5
7397521,5
7397530,5
7397538,5
7397546,5
7397555,5
7397563,5
7397571,5
7397580,5
7397588,5
7397596,5
7397605,5
7397613,5
7397621,5
7397630,5
7397638,5
7397646,5
7397655,5
7397663,5
7397671,5
7397680,5
7397688,5
7397696,5
7397705,5
7397713,5
7397721,5
7397730,5
7397738,5
7397746,5
7397755,5
7397763,5
7397771,5
7397780,5
7397788,5
7397796,5
7397805,5
7397813,5
7397821,5
7397830,5
7397838,5
7397846,5
7397855,5
7397863,5
7397871,5
7397880,5
7397888,5
7397896,5
7397905,5
7397913,5
7397921,5
7397930,5
7397938,5
7397946,5
7397955,5
7397963,5
7397971,5
7397980,5
7397988,5
7397996,5
7398005,5
7398013,5
7398021,5
7398030,5
7398038,5
7398046,5
7398055,5
7398063,5
7398071,5
7398079,5
7398088,5
7398096,5
7398104,5
7398113,5
7398121,5
7398130,5
7398138,5
7398146,5
7398155,5
7398163,5
7398171,5
7398179,5
7398188,5
7398196,5
7398204,5
7398213,5
7398221,5
7398229,5
7398238,5
7398246,5
7398263,5
7398629,5
7398638,5
7398663,5
7398688,4
7398696,4
7398713,4
7398721,4
7398738,4
7398746,4
7398754,4
7398763,4
7398771,4
7398779,4
7398788,4
7398797,4
7398804,4
7398813,4
7398821,4
7398838,4
7398846,4
7398863,4
7398871,4
7398879,4
7398888,2
7398896,4
7398904,4
7398913,2
7398921,2
7398930,2
7398938,2
7398946,2
7398954,2
7398963,2
7398971,2
7398979,2
7398988,2
7398996,2
7399004,2
7399013,2
7399021,2
7399029,1
7399038,1
7399046,1
7399054,1
7399063,1
7399071,1
7399079,1
7399088,1
7399096,1
7399104,1
7399113,2
7399121,1
7399129,1
7399138,5
7399146,5
7399154,5
7399163,5
7399171,5
7399179,5
7399188,5
7399196,5
7399204,5
7399213,5
7399221,5
7399229,5
7399238,5
7399246,5
7399254,5
7399263,5
7399271,5
7399279,5
7399288,5
7399296,5
7399304,5
7399313,5
7399321,5
7399329,5
7399338,5
7399346,5
7399354,5
7399363,5
7399371,5
7399379,5
7399388,5
7399396,5
7399404,5
7399421,5
7399429,5
7399446,5
7399454,5
7399463,5
7399471,5
7399479,5
7399488,5
7399496,5
7399504,5
7399513,5
7399521,5
7399529,5
7399546,5
7399554,5
7399563,5
7399571,5
7399579,5
7399588,5
7399596,5
7399604,5
7399613,5
7399621,5
7399629,5
7399638,5
7399646,5
7399654,5
7399663,5
7399671,5
7399679,5
7399688,5
7399696,5
7399704,5
7399713,5
7399721,5
7399730,5
7399738,5
7399746,5
7399754,5
7399763,5
7399771,5
7399779,5
7399788,5
7399796,5
7399804,5
7399813,5
7399821,5
7399829,5
7399838,5
7399846,5
7399854,5
7399863,5
7399871,5
7399879,5
7399888,5
7399896,5
7399904,5
7399913,5
7399921,5
7399929,5
7399938,5
7399946,5
7399954,5
7399963,5
7399971,5
7399979,5
7399988,5
7399996,5
7400004,5
7400013,5
7400021,5
7400029,5
7400038,5
7400046,5
7400054,5
7400063,5
7400071,5
7400079,5
7400088,5
7400096,5
7400104,5
7400146,5
7400154,5
7400163,5
7400171,5
7400179,5
7400188,5
7400196,5
7400204,5
7400213,5
7400221,5
7400229,5
7400238,5
7400246,5
7400254,5
7400263,5
7400271,5
7400279,5
7400288,5
7400296,5
7400304,5
7400313,5
7400321,5
7400329,5
7400338,5
7400346,5
7400363,5
7400371,5
7400713,4
7400738,5
7400788,4
7400813,4
7401013,5
7401038,5
7401063,5
7401088,5
7401113,5
7401129,5
7401138,5
7401146,5
7401154,5
7401163,5
7401179,5
7401188,4
7401196,4
7401204,4
7401213,4
7401221,4
7401229,4
7401238,4
7401246,4
7401254,4
7401263,4
7401271,4
7401279,4
7401288,4
7401296,4
7401304,4
7401313,4
7401321,4
7401329,4
7401338,4
7401346,4
7401354,4
7401363,4
7401371,4
7401379,4
7401388,4
7401396,4
7401404,4
7401413,4
7401421,4
7401429,4
7401438,4
7401446,4
7401454,4
7401463,4
7401471,4
7401479,4
7401488,4
7401496,4
7401504,4
7401513,4
7401521,4
7401529,4
7401538,4
7401546,4
7401554,4
7401563,4
7401571,4
7401579,4
7401588,4
7401596,4
7401604,4
7401613,4
7401621,4
7401629,4
7401638,4
7401646,4
7401654,4
7401663,4
7401671,4
7401679,4
7401688,4
7401696,4
7401704,4
7401713,4
7401721,4
7401729,4
7401738,4
7401746,4
7401754,4
7401763,4
7401771,4
7401779,4
7401788,4
7401796,4
7401804,3
7401813,4
7401821,4
7401829,4
7401838,4
7401846,4
7401854,4
7401863,4
7401879,4
7401888,4
7401904,4
7401913,4
7401921,4
7401929,4
7401938,4
7401946,4
7401954,4
7401962,4
7401971,4
7401979,4
7401987,4
7401996,4
7402004,4
7402012,4
7402021,4
7402029,4
7402037,4
7402046,4
7402054,4
7402063,4
7402071,4
7402079,4
7402088,4
7402096,4
7402104,4
7402112,4
7402121,4
7402129,4
7402137,4
7402146,4
7402154,4
7402162,4
7402171,4
7402179,4
7402188,4
7402196,4
7402204,4
7402212,4
7402221,4
7402229,4
7402237,4
7402246,4
7402254,4
7402262,4
7402271,4
7402279,4
7402288,4
7402296,4
7402304,4
7402313,4
7402321,4
7402329,4
7402337,4
7402346,4
7402354,4
7402362,4
7402371,4
7402379,4
7402387,4
7402396,4
7402404,4
7402413,4
7402421,4
7402429,4
7402437,4
7402446,4
7402454,4
7402462,4
7402471,4
7402479,4
7402487,4
7402496,4
7402504,4
7402512,4
7402521,4
7402529,4
7402537,4
7402546,4
7402554,4
7402562,4
7402571,4
7402579,4
7402587,4
7402596,4
7402604,4
7402612,4
7402629,4
7402637,4
7402654,4
7402663,4
7402679,4
7402687,4
7402704,4
7402712,4
7402729,4
7402737,4
7402754,4
7402762,4
7402779,4
7402787,5
7402804,3
7402812,5
7402829,5
7402837,5
7402854,5
7402862,5
7402879,5
7402887,5
7402896,5
7402904,5
7402912,5
7402921,5
7402929,5
7402937,5
7402946,5
7402954,5
7402962,5
7402971,5
7402979,5
7402987,5
7402996,5
7403004,5
7403012,5
7403021,5
7403029,5
7403037,5
7403046,5
7403054,5
7403062,5
7403071,5
7403079,5
7403087,5
7403096,5
7403104,5
7403112,5
7403137,5
7403154,5
7403163,5
7403171,5
7403179,5
7403187,4
7403196,4
7403204,4
7403212,4
7403221,4
7403229,4
7403237,4
7403246,4
7403254,4
7403262,4
7403271,4
7403279,4
7403287,4
7403296,4
7403304,4
7403312,4
7403321,4
7403329,4
7403337,4
7403346,4
7403354,4
7403362,4
7403371,5
7403379,4
7403387,5
7403396,4
7403404,4
7403412,4
7403421,4
7403429,4
7403437,4
7403446,4
7403454,4
7403463,4
7403471,4
7403479,4
7403487,4
7403496,4
7403504,4
7403512,4
7403521,4
7403529,4
7403537,4
7403546,4
7403554,4
7403562,4
7403571,4
7403579,4
7403587,4
7403596,4
7403604,4
7403613,4
7403621,4
7403629,4
7403637,4
7403646,4
7403654,4
7403662,4
7403671,4
7403679,4
7403687,4
7403696,4
7403704,4
7403712,4
7403721,4
7403729,4
7403737,4
7403746,4
7403754,4
7403762,4
7403771,4
7403779,4
7403787,5
7403796,4
7403804,4
7403812,4
7403821,4
7403829,4
7403837,5
7403846,4
7403854,4
7403862,4
7403871,4
7403879,4
7403887,4
7403896,4
7403904,4
7403912,4
7403921,4
7403929,4
7403937,4
7403946,4
7403954,4
7403962,4
7403971,4
7403979,4
7403988,4
7403996,4
7404004,4
7404012,4
7404021,4
7404029,4
7404037,4
7404046,4
7404054,4
7404062,4
7404071,4
7404079,4
7404087,4
7404096,4
7404112,4
7404371,4
7404379,4
7404471,4
7404487,4
7404504,4
7404512,4
7404537,3
7404562,4
7404587,4
7404612,4
7404621,2
7404637,2
7404662,5
7404687,4
7404712,4
7404812,4
7404821,4
7404837,4
7404846,5
7404862,5
7404871,5
7404879,5
7404887,5
7404896,5
7404904,5
7404912,5
7404921,5
7404929,5
7404937,5
7404946,5
7404954,5
7404962,5
7404971,4
7404979,5
7404987,4
7404996,5
7405004,5
7405012,4
7405021,5
7405029,5
7405037,5
7405046,5
7405054,5
7405062,5
7405071,5
7405079,5
7405087,5
7405096,5
7405104,5
7405112,5
7405121,5
7405129,5
7405137,5
7405146,5
7405154,5
7405162,5
7405171,5
7405179,5
7405187,5
7405196,5
7405204,5
7405212,5
7405221,5
7405229,5
7405237,5
7405246,5
7405254,5
7405262,5
7405271,5
7405279,5
7405287,5
7405296,5
7405304,5
7405312,4
