7042142,4
7042150,4
7042159,4
7042167,4
7042184,4
7042192,5
7042217,5
7042242,4
7042267,4
7042292,5
7042300,4
7042317,4
7042334,4
7042342,4
7042350,4
7042359,4
7042367,4
7042384,4
7042392,4
7042409,2
7042417,1
7042425,2
7042434,2
7042442,2
7042450,4
7042592,4
7042600,4
7042609,4
7042617,4
7042625,4
7042634,4
7042642,4
7042650,4
7042659,4
7042667,4
7042675,4
7042684,4
7042692,4
7042709,4
7042717,4
7042734,3
7042742,0
7042759,0
7042859,2
7042867,4
7042884,4
7042892,4
7042909,4
7042917,4
7042934,4
7042942,4
7042959,4
7042967,4
7042984,4
7042992,4
7043009,4
7043017,4
7043105,5
7043113,4
7043122,4
7043130,4
7043138,4
7043146,4
7043155,4
7043163,4
7043172,4
7043180,4
7043188,4
7043196,4
7043205,4
7043213,4
7043221,4
7043230,4
7043238,4
7043246,4
7043255,4
7043263,3
7043280,4
7043288,4
7043296,4
7043305,4
7043313,4
7043321,4
7043330,4
7043338,4
7043346,4
7043355,4
7043363,3
7043380,4
7043388,4
7043396,4
7043405,4
7043413,4
7043421,4
7043430,4
7043438,4
7043446,4
7043455,4
7043463,4
7043471,4
7043480,4
7043488,4
7043496,4
7043505,4
7043513,4
7043521,4
7043530,4
7043538,4
7043546,4
7043555,4
7043563,3
7043580,4
7043588,4
7043596,4
7043605,4
7043613,4
7043621,4
7043630,4
7043638,4
7043646,4
7043655,4
7043663,3
7043680,4
7043688,4
7043696,4
7043705,4
7043713,4
7043721,4
7043730,4
7043738,4
7043746,4
7043755,4
7043763,3
7043780,4
7043788,4
7043796,5
7043805,5
7043821,5
7043830,5
7043846,5
7043855,5
7043863,5
7043880,5
7043888,5
7043896,5
7043905,5
7043913,5
7043921,5
7043930,5
7043938,5
7043946,5
7043955,5
7043963,5
7043971,6
7043980,6
7043988,6
7043996,5
7044005,5
7044013,5
7044021,5
7044030,5
7044038,5
7044046,5
7044055,5
7044063,5
7044080,5
7044088,5
7044176,5
7044184,5
7044192,5
7044201,5
7044209,5
7044217,5
7044226,5
7044234,5
7044242,5
7044251,5
7044259,5
7044267,5
7044276,5
7044284,5
7044292,5
7044301,5
7044309,5
7044317,5
7044326,5
7044334,5
7044342,5
7044351,5
7044359,5
7044367,5
7044376,5
7044384,5
7044392,5
7044401,5
7044409,5
7044418,5
7044426,5
7044434,5
7044442,5
7044451,5
7044459,5
7044467,5
7044476,5
7044484,5
7044492,5
7044501,5
7044509,5
7044517,5
7044526,5
7044534,5
7044542,5
7044551,5
7044559,5
7044567,5
7044576,5
7044584,5
7044592,5
7044601,5
7044609,5
7044617,5
7044659,5
7044676,5
7044684,5
7044701,5
7044709,5
7044717,5
7044726,4
7044734,4
7044742,4
7044751,5
7044759,4
7044767,4
7044776,5
7044784,5
7044792,4
7044801,4
7044809,4
7044817,4
7044826,4
7044834,4
7044842,4
7044851,4
7044859,4
7044867,4
7044876,4
7044884,4
7044892,4
7044901,4
7044909,4
7044917,4
7044926,4
7044934,4
7044942,4
7044951,4
7044959,4
7044967,4
7044976,4
7044984,4
7044992,4
7045001,4
7045009,4
7045017,4
7045026,4
7045034,4
7045042,4
7045151,5
7045159,5
7045184,5
7045201,4
7045209,4
7045226,4
7045234,4
7045251,4
7045259,4
7045267,4
7045276,4
7045284,4
7045292,4
7045301,4
7045309,4
7045317,4
7045326,4
7045334,4
7045351,4
7045359,4
7045367,4
7045376,4
7045384,4
7045392,4
7045401,4
7045409,4
7045417,4
7045426,4
7045434,4
7045442,4
7045451,4
7045459,4
7045467,4
7045476,4
7045484,4
7045492,4
7045501,4
7045509,4
7045517,4
7045526,4
7045534,4
7045542,4
7045551,4
7045559,4
7045567,4
7045576,4
7045584,4
7045592,4
7045601,4
7045609,4
7045617,4
7045626,4
7045634,4
7045642,4
7045651,4
7045659,4
7045667,4
7045675,4
7045684,4
7045692,4
7045701,4
7045709,4
7045717,4
7045726,4
7045734,4
7045742,4
7045751,4
7045759,4
7045767,4
7045776,4
7045784,4
7045792,4
7045801,4
7045809,4
7045817,4
7045826,4
7045834,4
7045842,4
7045851,4
7045859,4
7045867,4
7045876,4
7045884,4
7045892,4
7045901,4
7045909,4
7045917,4
7045925,4
7045934,4
7045942,4
7045950,4
7045959,4
7045967,4
7045975,4
7045984,4
7045992,4
7046000,4
7046009,4
7046017,4
7046025,4
7046034,4
7046042,4
7046050,5
7046059,5
7046067,5
7046076,5
7046084,5
7046092,5
7046101,5
7046109,5
7046117,5
7046125,5
7046134,5
7046142,5
7046150,5
7046159,5
7046167,5
7046175,5
7046184,5
7046192,5
7046200,5
7046209,5
7046217,5
7046225,5
7046234,5
7046242,5
7046250,5
7046259,5
7046267,5
7046275,5
7046284,5
7046292,5
7046300,5
7046309,5
7046317,5
7046325,5
7046334,5
7046342,5
7046350,5
7046359,5
7046367,5
7046375,5
7046384,5
7046392,5
7046400,5
7046409,5
7046417,5
7046425,5
7046434,5
7046442,5
7046450,5
7046459,5
7046467,5
7046475,5
7046484,5
7046492,5
7046500,5
7046509,5
7046517,5
7046526,5
7046534,5
7046542,5
7046550,5
7046559,5
7046567,5
7046575,5
7046584,5
7046592,5
7046600,5
7046609,5
7046617,5
7046625,5
7046634,5
7046642,5
7046650,5
7046659,5
7046667,5
7046675,5
7046684,5
7046692,5
7046700,5
7046709,5
7046717,5
7046725,5
7046734,5
7046742,5
7046750,5
7046759,5
7046767,5
7046775,5
7046784,5
7046792,5
7046800,5
7046809,5
7046817,5
7046825,5
7046834,5
7046842,5
7046850,5
7046859,4
7046867,4
7046875,4
7046884,4
7046892,5
7046900,5
7046909,4
7046917,4
7046925,4
7046934,4
7046942,5
7046950,5
7046959,5
7046967,5
7046975,5
7046984,5
7046992,5
7047000,5
7047009,5
7047017,5
7047025,5
7047034,5
7047042,5
7047050,5
7047059,5
7047067,5
7047075,5
7047084,5
7047092,5
7047100,5
7047109,5
7047117,5
7047125,5
7047134,5
7047142,5
7047150,5
7047159,5
7047167,5
7047175,5
7047184,5
7047192,5
7047200,5
7047209,5
7047217,5
7047225,5
7047234,5
7047242,5
7047250,5
7047259,5
7047267,5
7047275,5
7047284,5
7047292,5
7047300,5
7047309,5
7047317,5
7047325,5
7047334,5
7047342,5
7047350,5
7047359,5
7047367,5
7047375,5
7047384,5
7047392,5
7047400,4
7047409,4
7047417,4
7047425,4
7047434,4
7047442,4
7047450,4
7047459,4
7047467,4
7047475,4
7047484,4
7047492,4
7047500,4
7047509,4
7047517,4
7047525,4
7047534,4
7047542,4
7047550,4
7047559,4
7047567,4
7047575,4
7047584,4
7047592,4
7047601,4
7047609,4
7047617,4
7047625,4
7047634,4
7047642,4
7047650,4
7047659,4
7047667,4
7047675,4
7047684,4
7047692,4
7047700,4
7047709,4
7047717,4
7047725,4
7047734,4
7047742,4
7047750,4
7047759,4
7047767,4
7047775,4
7047784,4
7047792,4
7047800,4
7047809,4
7047817,4
7047825,4
7047834,4
7047842,4
7047850,4
7047947,4
7047955,4
7047964,4
7047972,4
7047980,4
7047989,4
7047997,4
7048005,4
7048014,4
7048022,4
7048030,4
7048039,4
7048047,4
7048055,4
7048064,4
7048072,4
7048080,4
7048088,4
7048097,4
7048105,4
7048122,4
7048130,4
7048147,4
7048155,4
7048172,4
7048180,4
7048189,4
7048197,4
7048205,4
7048214,4
7048222,4
7048230,4
7048239,4
7048247,4
7048255,4
7048264,4
7048272,4
7048280,4
7048288,4
7048297,4
7048305,4
7048313,4
7048322,4
7048330,4
7048338,4
7048347,4
7048355,4
7048364,4
7048372,4
7048380,4
7048388,4
7048397,4
7048405,4
7048414,4
7048422,4
7048430,4
7048438,4
7048447,4
7048464,4
7048472,4
7048480,4
7048638,4
7048647,4
7048655,4
7048680,2
7048689,1
7048705,4
7048713,4
7048722,4
7048730,4
7048738,4
7048747,4
7048763,4
7048772,4
7048788,4
7048797,4
7048813,4
7048822,4
7048830,4
7048838,4
7048847,4
7048855,4
7048864,4
7048872,4
7048880,4
7048888,4
7048897,3
7048913,5
7048922,5
7049018,5
7049026,5
7049035,5
7049043,5
7049051,5
7049060,5
7049068,5
7049076,5
7049085,5
7049093,5
7049101,5
7049110,5
7049118,5
7049126,5
7049134,5
7049143,5
7049151,5
7049160,5
7049168,5
7049176,5
7049185,5
7049193,5
7049201,5
7049210,5
7049218,5
7049226,5
7049235,5
7049243,5
7049251,5
7049259,5
7049268,5
7049276,5
7049284,5
7049293,5
7049301,5
7049309,5
7049318,5
7049326,5
7049335,5
7049343,5
7049351,5
7049359,5
7049368,5
7049376,5
7049385,5
7049393,5
7049401,5
7049409,5
7049418,5
7049426,5
7049434,5
7049443,5
7049451,5
7049459,5
7049468,5
7049476,5
7049484,5
7049493,5
7049501,5
7049509,5
7049518,5
7049526,5
7049534,5
7049543,5
7049551,5
7049559,5
7049568,5
7049576,5
7049584,5
7049593,5
7049601,5
7049609,4
7049618,4
7049626,4
7049634,4
7049643,4
7049651,4
7049660,4
7049668,4
7049676,4
7049685,4
7049693,4
7049701,4
7049709,4
7049718,4
7049726,4
7049735,4
7049743,4
7049751,4
7049760,4
7049768,4
7049776,4
7049784,4
7049793,4
7049801,4
7049809,4
7049818,4
7049826,4
7049834,4
7049843,4
7049851,4
7049860,4
7049868,4
7049876,4
7049884,4
7049893,4
7049901,4
7049909,4
7049918,4
7049926,4
7049934,4
7049943,4
7049951,4
7049959,4
7049968,4
7049976,4
7049984,4
7049993,4
7050001,4
7050009,4
7050018,4
7050026,4
7050034,4
7050043,4
7050051,4
7050060,4
7050068,4
7050076,4
7050084,4
7050093,4
7050101,4
7050109,4
7050118,4
7050126,4
7050134,4
7050143,4
7050151,4
7050159,4
7050168,4
7050176,4
7050184,4
7050193,4
7050201,4
7050209,4
7050218,4
7050226,4
7050234,4
7050243,4
7050251,4
7050259,4
7050268,4
7050276,4
7050284,4
7050293,4
7050301,4
7050309,4
7050318,4
7050326,4
7050334,4
7050343,4
7050351,4
7050359,4
7050368,4
7050376,4
7050384,4
7050393,4
7050401,4
7050409,4
7050418,4
7050426,4
7050434,4
7050443,4
7050451,4
7050459,4
7050468,4
7050476,4
7050484,4
7050493,4
7050501,4
7050509,4
7050518,4
7050526,4
7050534,4
7050543,4
7050551,4
7050559,4
7050568,4
7050576,4
7050585,5
7050593,5
7050601,4
7050609,4
7050734,2
7050743,4
7050751,4
7050768,5
7050776,5
7050784,4
7050801,4
7050809,4
7050818,4
7050826,4
7050834,4
7050843,4
7050851,4
7050859,4
7050868,4
7050876,4
7050884,4
7050893,4
7050901,4
7050909,4
7050918,4
7050926,4
7050934,4
7050943,4
7050951,4
7050959,5
7050968,5
7050976,5
7050984,5
7050993,5
7051001,4
7051009,5
7051018,5
7051026,5
7051034,5
7051043,5
7051051,5
7051059,5
7051068,5
7051076,4
7051084,5
7051093,5
7051101,5
7051109,5
7051118,5
7051126,5
7051134,5
7051143,5
7051151,5
7051159,5
7051168,5
7051176,5
7051184,5
7051193,5
7051201,5
7051209,5
7051218,5
7051226,5
7051234,5
7051243,5
7051251,5
7051259,5
7051268,5
7051276,5
7051284,4
7051293,4
7051301,4
7051309,4
7051318,4
7051326,4
7051334,4
7051343,4
7051351,4
7051359,4
7051368,4
7051376,4
7051384,4
7051393,4
7051401,4
7051409,4
7051418,4
7051426,4
7051434,4
7051443,4
7051451,4
7051459,4
7051468,5
7051476,5
7051484,5
7051493,5
7051501,5
7051509,5
7051518,5
7051526,5
7051534,5
7051543,5
7051551,5
7051559,5
7051568,5
7051609,5
7051618,5
7051626,5
7051634,5
7051643,5
7051651,5
7051659,5
7051668,5
7051676,5
7051684,5
7051693,5
7051701,5
7051709,5
7051718,5
7051726,5
7051734,5
7051743,5
7051751,5
7051759,5
7051768,5
7051776,5
7051784,5
7051793,5
7051801,5
7051809,5
7051818,5
7051826,5
7051843,5
7051951,4
7051959,4
7051968,4
7051976,4
7051993,4
7052001,4
7052009,4
7052018,4
7052026,4
7052034,4
7052043,4
7052051,4
7052059,4
7052068,5
7052076,5
7052084,5
7052093,5
7052101,5
7052109,5
7052118,5
7052126,5
7052134,5
7052143,5
7052151,5
7052159,5
7052168,5
7052176,5
7052184,5
7052193,4
7052201,4
7052209,4
7052218,4
7052226,4
7052234,4
7052243,4
7052251,4
7052259,4
7052268,4
7052276,4
7052284,4
7052293,4
7052301,4
7052309,4
7052318,4
7052326,4
7052334,4
7052343,4
7052351,4
7052359,4
7052368,4
7052376,4
7052384,4
7052393,4
7052401,4
7052409,4
7052418,4
7052426,4
7052434,4
7052443,4
7052451,4
7052459,4
7052468,4
7052476,4
7052484,4
7052493,4
7052501,4
7052509,4
7052518,4
7052526,4
7052534,4
7052543,4
7052551,4
7052559,4
7052568,4
7052576,4
7052584,4
7052593,4
7052601,4
7052609,5
7052618,5
7052626,5
7052634,5
7052643,5
7052651,5
7052659,5
7052668,5
7052676,5
7052684,5
7052693,5
7052701,5
7052709,5
7052718,5
7052726,5
7052734,5
7052742,5
7052751,5
7052759,5
7052767,5
7052776,5
7052784,5
7052793,5
7052801,5
7052809,5
7052817,5
7052826,5
7052834,5
7052842,5
7052851,5
7052859,5
7052867,4
7052876,4
7052884,5
7052892,5
7052901,5
7053101,3
7053109,3
7053118,4
7053126,4
7053134,4
7053142,5
7053151,5
7053159,5
7053167,5
7053176,5
7053184,5
7053192,5
7053201,5
7053209,5
7053217,5
7053226,5
7053234,5
7053242,5
7053251,5
7053259,5
7053268,5
7053276,5
7053284,5
7053292,5
7053301,5
7053309,5
7053317,5
7053326,5
7053334,5
7053342,5
7053351,5
7053359,5
7053368,5
7053376,5
7053384,5
7053392,5
7053401,5
7053409,5
7053417,5
7053426,5
7053434,5
7053442,5
7053451,5
7053459,5
7053467,5
7053476,5
7053484,5
7053492,5
7053501,5
7053509,5
7053517,5
7053526,5
7053534,5
7053542,5
7053551,5
7053559,5
7053567,5
7053576,5
7053584,5
7053593,5
7053601,5
7053609,5
7053617,5
7053626,5
7053634,5
7053642,5
7053651,5
7053659,5
7053668,5
7053676,5
7053684,4
7053693,4
7053701,4
7053709,4
7053717,4
7053726,4
7053734,4
7053742,4
7053751,4
7053759,4
7053767,4
7053776,4
7053784,4
7053792,4
7053801,4
7053809,4
7053817,4
7053826,4
7053834,4
7053842,4
7053851,4
7053859,4
7053867,4
7053876,4
7053884,4
7053892,4
7053901,4
7053909,4
7053917,4
7053926,4
7053934,4
7053942,4
7053951,4
7053959,4
7053967,4
7053976,4
7053984,4
7053992,4
7054001,4
7054009,4
7054017,4
7054026,4
7054034,4
7054042,4
7054051,4
7054059,4
7054067,4
7054076,4
7054084,4
7054092,4
7054101,4
7054109,4
7054117,4
7054126,4
7054134,4
7054142,4
7054151,4
7054159,4
7054167,4
7054176,4
7054184,4
7054192,4
7054201,4
7054209,4
7054217,4
7054226,4
7054234,4
7054242,4
7054251,4
7054259,4
7054267,4
7054276,4
7054284,4
7054292,4
7054301,4
7054309,4
7054317,4
7054326,4
7054334,4
7054342,4
7054351,4
7054359,4
7054367,4
7054376,4
7054384,4
7054392,4
7054401,4
7054409,4
7054539,4
7054547,4
7054563,4
7054572,5
7054588,5
7054597,5
7054605,5
7054613,5
7054622,5
7054630,4
7054638,4
7054647,4
7054655,4
7054663,5
7054672,5
7054680,5
7054688,4
7054697,4
7054705,4
7054713,4
7054722,4
7054730,4
7054738,5
7054747,5
7054755,5
7054763,4
7054772,4
7054780,4
7054788,5
7054797,5
7054805,5
7054813,5
7054822,5
7054830,5
7054838,5
7054847,5
7054855,5
7054863,5
7054872,5
7054880,5
7054888,5
7054897,5
7054905,5
7054913,5
7054922,5
7054930,5
7054938,5
7054947,5
7054955,5
7054963,5
7054972,5
7054980,5
7054988,5
7054997,5
7055005,5
7055013,5
7055022,5
7055030,5
7055038,5
7055047,5
7055055,5
7055063,5
7055072,5
7055080,5
7055088,5
7055097,5
7055105,5
7055113,5
7055122,5
7055130,5
7055138,5
7055147,5
7055155,5
7055163,5
7055172,5
7055180,5
7055188,5
7055197,5
7055205,5
7055214,5
7055222,5
7055230,5
7055238,5
7055247,4
7055255,4
7055263,4
7055272,4
7055280,4
7055288,4
7055297,4
7055305,4
7055313,4
7055322,4
7055330,4
7055338,4
7055347,4
7055355,4
7055364,4
7055372,4
7055380,4
7055388,4
7055397,4
7055405,4
7055413,4
7055422,4
7055430,4
7055438,4
7055447,4
7055455,4
7055463,4
7055472,4
7055480,4
7055488,4
7055497,4
7055513,4
7055522,4
7055881,4
7055889,4
7055897,4
7055905,4
7055914,4
7055922,3
7055930,3
7055939,3
7055947,4
7055955,4
7055964,3
7055972,3
7055980,3
7055989,3
7055997,4
7056005,4
7056014,4
7056022,4
7056030,4
7056039,4
7056047,3
7056055,3
7056064,3
7056072,3
7056080,3
7056089,3
7056105,3
7056114,3
7056130,5
7056139,5
7056147,3
7056155,4
7056164,3
7056172,3
7056180,3
7056189,3
7056197,4
7056205,4
7056214,4
7056222,4
7056230,4
7056239,4
7056247,4
7056255,4
7056264,4
7056272,4
7056280,4
7056289,4
7056305,4
7056314,4
7056322,4
7056330,4
7056339,4
7056347,4
7056355,4
7056364,4
7056372,4
7056380,4
7056389,4
7056397,4
7056405,4
7056414,4
7056422,4
7056431,4
7056439,4
7056447,4
7056455,4
7056464,4
7056480,4
7056489,4
7056497,4
7056505,4
7056514,4
7056530,4
7056539,4
7056555,4
7056564,4
7056580,4
7056589,4
7056605,4
7056614,4
7056630,5
7056639,5
7056655,4
7056664,4
7056680,4
7056689,4
7056705,4
7056714,4
7056730,5
7056739,5
7056755,4
7056764,4
7056789,4
7057018,5
7057026,5
7057043,5
7057051,4
7057068,5
7057076,5
7057101,5
7057118,5
7057143,5
7057151,5
7057168,5
7057176,5
7057185,5
7057201,5
7057218,5
7057226,5
7057243,5
7057251,5
7057276,5
7057293,5
7057301,5
7057318,5
7057326,5
7057343,5
7057351,5
7057368,5
7057376,5
7057385,5
7057393,5
7057410,5
7057418,5
7057426,5
7057443,5
7057451,5
7057460,5
7057468,5
7057476,5
7057485,5
7057493,5
7057501,5
7057510,5
7057518,5
7057526,5
7057535,5
7057543,5
7057551,5
7057560,4
7057568,4
7057576,4
7057585,4
7057593,4
7057601,4
7057610,4
7057618,4
7057626,4
7057635,4
7057643,4
7057651,4
7057660,4
7057668,4
7057676,4
7057685,4
7057693,4
7057701,4
7057710,4
7057718,4
7057726,4
7057735,4
7057743,4
7057751,4
7057760,4
7057776,4
7057785,4
7057801,4
7057810,4
7057826,4
7057835,4
7057843,4
7057851,4
7057860,4
7057868,4
7057876,4
7057885,4
7057893,4
7057901,4
7057910,4
7057918,4
7057926,4
7058023,4
7058031,4
7058039,4
7058047,4
7058056,4
7058064,4
7058072,4
7058081,4
