4597256,4
4597273,5
4597281,4
4597306,3
4597331,5
4597339,5
4597356,5
4597381,5
4597406,3
4597431,5
4597448,5
4597456,5
4597481,5
4597506,5
4597523,5
4597531,5
4597547,5
4597556,5
4597597,5
4597606,5
4597623,5
4597631,5
4597648,5
4597673,5
4597731,3
4597748,5
4597797,5
4597822,5
4597872,5
4597897,5
4597906,5
4597923,5
4597948,5
4597981,5
4598022,5
4598031,3
4598048,5
4598056,5
4598072,5
4598081,5
4598106,5
4598122,5
4598131,5
4598148,5
4598156,5
4598181,5
4598223,5
4598231,5
4598248,5
4598256,5
4598281,5
4598306,5
4598322,5
4598331,5
4598348,5
4598356,5
4598397,5
4598422,5
4598431,3
4598447,5
4598472,5
4598481,5
4598497,5
4598506,3
4598522,5
4598531,3
4598547,5
4598597,5
4598606,5
4598631,5
4598647,5
4598656,5
4598672,5
4598681,5
4598697,5
4598706,5
4598731,5
4598747,5
4598756,5
4598772,5
4598781,5
4598797,5
4598806,5
4598822,5
4598831,5
4598848,5
4598856,5
4598872,5
4598881,5
4598897,5
4598906,3
4598956,5
4598972,5
4598981,5
4598997,5
4599006,3
4599047,4
4599056,4
4599072,5
4599081,4
4599097,5
4599106,4
4599131,4
4599156,4
4599173,4
4599181,4
4599197,5
4599206,4
4599231,4
4599248,4
4599256,4
4599272,5
4599281,4
4599297,5
4599323,4
4599331,4
4599347,4
4599356,4
4599372,4
4599381,4
4599397,5
4599406,4
4599422,4
4599431,4
4599448,4
4599456,4
4599472,4
4599481,4
4599497,3
4599506,4
4599522,4
4599547,4
4599556,4
4599572,3
4599581,4
4599597,4
4599606,4
4599622,4
4599631,4
4599647,4
4599656,4
4599672,4
4599681,4
4599697,3
4599706,4
4599723,4
4599731,4
4599747,4
4599756,4
4599772,5
4599781,4
4599797,5
4599806,4
4599822,4
4599831,4
4599847,4
4599856,4
4599872,3
4599881,4
4599897,3
4599906,4
4599922,4
4599947,4
4599956,4
4599997,4
4600022,3
4600047,4
4600056,4
4600072,4
4600081,4
4600097,4
4600106,4
4600122,4
4600131,4
4600156,4
4600181,4
4600197,3
4600206,3
4600231,4
4600247,4
4600256,4
4600272,4
4600281,4
4600297,4
4600306,4
4600322,4
4600339,4
4600356,4
4600372,4
4600381,4
4600406,4
4600431,4
4600456,4
4600481,4
4600506,4
4600531,4
4600556,4
4600581,4
4600597,4
4600606,4
4600622,4
4600631,4
4600639,4
4600647,4
4600656,4
4600672,5
4600681,4
4600697,4
4600706,4
4601022,5
4601031,4
4601056,4
4601072,4
4601080,4
4601097,4
4601105,4
4601122,4
4601131,4
4601147,4
4601156,4
4601173,5
4601181,4
4601197,4
4601206,4
4601222,5
4601230,5
4601256,5
4601272,5
4601280,5
4601297,5
4601305,5
4601331,5
4601347,5
4601356,5
4601372,5
4601380,5
4601397,5
4601405,5
4601430,5
4601455,5
4601472,5
4601481,5
4601497,5
4601505,5
4601530,5
4601555,5
4601572,5
4601580,5
4601597,5
4601606,5
4601630,5
4601656,5
4601672,5
4601680,5
4601697,5
4601705,3
4601730,3
4601755,5
4601772,3
4601781,5
4601797,5
4601805,5
4601830,5
4601997,5
4602022,5
4602072,5
4602130,5
4602156,5
4602181,5
4602197,5
4602205,5
4602230,3
4602256,5
4602280,5
4602297,5
4602305,5
4602322,4
4602330,5
4602355,5
4602381,5
4602397,5
4602406,3
4602422,5
4602430,4
4602447,5
4602456,5
4602472,5
4602480,5
4602522,5
4602530,5
4602547,5
4602555,5
4602580,5
4602597,5
4602605,5
4602622,5
4602630,5
4602647,5
4602655,5
4602747,5
4602755,5
4602797,5
4602872,5
4602897,5
4602905,5
4602922,5
4602947,5
4602955,5
4602972,5
4602997,5
4603005,3
4603097,5
4603105,3
4603122,5
4603155,5
4603205,3
4603222,5
4603272,5
4603297,5
4603322,5
4603347,5
4603372,5
4603397,5
4603422,5
4603447,5
4603456,5
4603472,5
4603480,5
4603497,4
4603505,5
4603522,4
4603530,4
4603547,4
4603555,4
4603572,4
4603597,4
4603605,4
4603622,4
4603630,4
4603647,4
4603680,4
4603697,4
4603705,4
4603747,4
4603756,4
4603772,4
4603781,4
4603797,4
4603805,4
4603822,4
4603830,4
4603847,4
4603855,4
4603872,4
4603880,4
4603897,4
4603905,4
4603930,4
4603947,4
4603955,4
4603972,4
4603980,4
4603997,4
4604005,4
4604022,4
4604030,4
4604047,4
4604055,4
4604080,4
4604097,4
4604105,4
4604122,4
4604130,4
4604147,4
4604155,4
4604172,4
4604180,4
4604205,4
4604222,4
4604230,4
4604247,4
4604255,4
4604272,4
4604280,4
4604297,4
4604305,4
4604322,4
4604330,4
4604347,4
4604355,4
4604372,4
4604380,4
4604397,4
4604405,4
4604422,4
4604430,4
4604447,4
4604455,4
4604472,4
4604480,5
4604497,5
4604505,5
4604522,5
4604530,5
4604547,5
4604555,5
4604572,5
4604580,5
4604597,5
4604622,5
4604630,5
4604647,5
4604656,5
4604672,5
4604681,5
4604705,5
4604730,5
4604755,5
4604772,5
4604780,5
4604805,5
4604814,5
4604830,5
4604839,3
4605456,4
4605572,5
4605706,3
4605881,4
4605906,5
4605931,5
4605956,5
4605972,5
4605981,5
4606031,5
4606056,5
4606081,5
4606106,5
4606131,5
4606156,5
4606172,5
4606181,5
4606206,5
4606231,5
4606256,5
4606272,5
4606281,5
4606289,5
4606306,3
4606331,5
4606356,5
4606364,3
4606373,5
4606381,5
4606406,3
4606431,5
4606456,5
4606481,4
4606506,5
4606531,4
4606556,4
4606581,4
4606606,5
4606631,4
4606656,4
4606672,4
4606681,4
4606706,4
4606731,4
4606756,4
4606781,4
4606831,4
4606981,5
4607056,4
4607081,4
4607106,4
4607181,4
4607256,4
4607281,4
4608006,4
4608030,4
4608055,4
4608169,5
4608194,4
4608202,5
4608219,5
4608244,5
4608269,4
4608294,4
4608310,5
4608319,4
4608335,5
4608344,5
4608369,5
4608394,4
4608419,5
4608444,4
4608469,4
4608494,4
4608510,5
4608519,4
4608544,4
4608569,4
4608594,4
4608619,4
4608669,4
4608969,3
4609019,3
4609044,3
4609069,3
4609094,4
4609119,3
4609219,4
4609244,4
4609269,4
4609294,4
4609319,4
4610766,4
4610774,4
4610790,3
4610799,3
4610815,2
4610824,4
4610840,4
4610849,4
4610865,4
4610874,4
4610890,5
4610899,4
4610915,4
4610924,3
4610940,3
4610949,4
4610965,4
4610974,5
4610990,5
4610999,4
4611015,4
4611024,4
4611040,4
4611049,4
4611074,4
4611090,4
4611099,4
4611115,4
4611124,4
4611140,4
4611149,4
4611165,4
4611174,4
4611190,4
4611199,4
4611215,4
4611224,4
4611265,4
4611290,5
4611315,5
4611340,5
4611365,5
4611390,5
4611416,5
4611465,5
4611490,5
4611515,5
4611540,5
4611590,5
4611615,5
4611665,5
4611674,5
4611690,1
4611699,5
4611715,5
4611724,4
4611740,5
4611748,4
4611765,5
4611773,4
4611790,1
4611799,4
4611815,1
4611824,4
4611840,1
4611849,4
4611873,2
4611890,1
4611899,4
4611915,1
4611923,2
4611941,1
4611948,4
4611990,4
4611998,4
4612015,4
4612023,4
4612040,4
4612048,4
4612065,4
4612073,4
4612090,4
4612098,4
4612123,4
4612148,4
4612165,4
4612190,4
4612198,4
4612215,4
4612223,4
4612240,4
4612248,4
4612273,4
4612290,4
4612298,4
4612323,4
4612340,4
4612348,4
4612365,4
4612373,4
4612390,4
4612398,4
4612407,4
4612415,4
4612423,4
4612440,3
4612448,4
4612465,4
4612473,3
4612490,4
4612498,4
