7258212,5
7258229,5
7258237,5
7258245,5
7258254,5
7258345,5
7259416,5
7259971,5
7260146,5
7260196,5
7260271,5
7260321,5
7260371,5
7260421,5
7260554,3
7260746,5
7260754,3
7260796,1
7260892,3
7260917,5
7260942,2
7260967,1
7260992,1
7261017,5
7261050,5
7261142,2
7261167,2
7261183,1
7261242,2
7261267,3
7261292,3
7261317,3
7261342,2
7261367,2
7261392,3
7261417,3
7261425,3
7261467,3
7261492,3
7261517,3
7261542,3
7261567,3
7261592,3
7261617,3
7261642,3
7261667,2
7261692,3
7261717,3
7261742,3
7261767,3
7261792,3
7261817,3
7261850,3
7261867,5
7261988,3
7262038,1
7262046,1
7262113,5
7262321,3
7262388,5
7262488,5
7262521,3
7262563,1
7262588,3
7262613,2
7262621,2
7262638,2
7262663,2
7262688,3
7262713,1
7262721,1
7262738,1
7262763,1
7262788,5
7262813,1
7262821,1
7262838,1
7262862,1
7262888,3
7262913,1
7262921,1
7262938,1
7263034,1
7263059,1
7263084,5
7263109,1
7263134,2
7263150,5
7263159,5
7263184,5
7263209,1
7263259,5
7263292,3
7263334,5
7263359,5
7263384,5
7263409,5
7263417,5
7263434,5
7263459,5
7263484,5
7263492,3
7263517,3
7263559,5
7263583,5
7263592,5
7263617,5
7263659,5
7263684,5
7263733,5
7263758,5
7263784,5
7263809,5
7263833,1
7263858,5
7263883,5
7263892,3
7263959,5
7263984,5
7263992,3
7264008,5
7264017,5
7264105,5
7264130,5
7264155,5
7264180,5
7264230,5
7264254,5
7264279,5
7264288,5
7264305,5
7264330,5
7264355,5
7264380,5
7264388,5
7264454,5
7264488,3
7264504,5
7264529,5
7264579,5
7264588,5
7264605,5
7264629,5
7264654,5
7264679,2
7264688,2
7264705,2
7264730,5
7264754,5
7264779,5
7264788,5
7264804,5
7264855,5
7264879,5
7264888,5
7264904,5
7264929,5
7264954,5
7264963,3
7264979,5
7264988,5
7265004,5
7265029,5
7265054,5
7265079,5
7265176,5
7265200,5
7265226,5
7265251,5
7265275,5
7265300,5
7265600,5
7265625,4
7265675,5
7265700,5
7265725,5
7265750,5
7265775,2
7265800,5
7265825,5
7265850,5
7265875,5
7265884,5
7265900,5
7265925,3
7265950,5
7265959,3
7265975,5
7265984,5
7266000,5
7266025,3
7266051,5
7266059,3
7266075,5
7266084,5
7266100,5
7266125,5
7266150,5
7266159,3
7266247,5
7266255,5
7266271,5
7266296,5
7266322,5
7266346,5
7266355,5
7266371,5
7266421,5
7266446,5
7266455,5
7266496,5
7266521,5
7266546,5
7266555,5
7266571,5
7266596,6
7266621,5
7266671,5
7266696,5
7266746,5
7266755,5
7266771,5
7266871,5
7266896,5
7266946,5
7266955,5
7266971,5
7266996,5
7267046,5
7267055,5
7267072,5
7267096,6
7267121,5
7267171,5
7267221,5
7267318,5
7267326,3
7267367,3
7267817,3
7267892,5
7267917,5
7268017,5
7268042,5
7268067,5
7268117,5
7268142,5
7268167,5
7268192,5
7268217,5
7268242,5
7268251,5
7268267,5
7268292,5
7268301,5
7268389,5
7268413,5
7268438,5
7268463,1
7268472,1
7268838,1
7268863,1
7268913,1
7268938,1
7268963,1
7268988,1
7269013,1
7269038,1
7269063,1
7269113,1
7269122,4
7269138,4
7269163,4
7269188,1
7269213,1
7269222,1
7269238,5
7269263,1
7269288,5
7269313,5
7269338,1
7269363,1
7269460,1
7269484,1
7269509,1
7269560,5
7269584,5
7269609,2
7269959,5
7270009,3
7270059,2
7270084,1
7270110,2
7270134,1
7270159,5
7270184,5
7270209,5
7270234,5
7270259,5
7270284,5
7270309,5
7270334,5
7270359,5
7270531,5
7270555,5
7270580,6
7270589,6
7270605,6
7270630,6
7270655,6
7270680,5
7270705,6
7270755,6
7270780,6
7270789,6
7270805,6
7270830,6
7270880,5
7270889,5
7270905,5
7270980,5
7270989,5
7271005,5
7271030,3
7271064,3
7271080,5
7271089,5
7271105,5
7271130,3
7271155,5
7271180,2
7271189,2
7271205,2
7271230,3
7271255,2
7271280,3
7271305,3
7271330,5
7271355,5
7271364,3
7271380,3
7271389,5
7271405,5
7271430,3
7271455,4
7271505,4
7271602,4
7271626,5
7271651,3
7271676,4
7271701,4
7271726,1
7271751,5
7271776,5
7271826,5
7271860,3
7271926,5
7271960,3
7272026,5
7272060,3
7272126,5
7272160,3
7272226,5
7272326,5
7272426,5
7272526,5
7272802,4
7272877,4
7273377,3
7273402,3
7273452,4
7273477,4
7273502,4
7273527,5
7273552,4
7273561,3
7273577,3
7273602,3
7273627,5
7273652,4
7273661,3
7273677,3
7273702,3
7273898,5
7273923,5
7273948,5
7274023,5
7274048,5
7274098,5
7274123,5
7274198,5
7274223,5
7274232,3
7274273,5
7274298,5
7274323,5
7274648,5
7274673,5
7274723,5
7274798,5
7274823,5
7275694,5
7275719,5
7275769,0
7275794,1
7275844,1
7275894,3
7275991,4
7276015,4
7276040,4
7276065,4
7276090,4
7276115,4
7276140,4
7276165,4
7276190,4
7276215,4
7276240,4
7276265,4
7276290,4
7276315,4
7276340,4
7276365,4
7276390,4
7276415,4
7276440,4
7276465,4
7276490,4
7276498,3
7277061,5
7277086,1
7277111,1
7277136,5
7277186,1
7277211,4
7277236,4
7277261,4
7277286,4
7277311,4
7277336,4
7277386,5
7277511,5
7277636,5
7277886,5
7277894,3
7277911,3
7277994,5
7278157,5
7278182,4
7278190,3
7278207,3
7278265,5
7278307,5
7278332,5
7278366,5
7278832,4
7278857,4
7278932,5
7278957,5
7278982,4
7279007,4
7279032,4
7279057,4
7279083,4
7279107,4
7279203,4
7279228,2
7279278,1
7279553,0
7279628,5
7279678,5
7279703,5
7280053,2
7280078,2
7280128,1
7280153,5
7280178,5
7280275,5
7280299,5
7280374,5
7280424,5
7280449,5
7280474,5
7280549,5
7280574,5
7280624,5
7280649,5
7280699,5
7280749,5
7280774,5
7280799,5
7280824,5
7280849,5
7280874,5
7280924,5
7280949,5
7280974,5
7281024,5
7281049,5
7281074,5
7281099,5
7281124,5
7281149,5
7281174,5
7281199,5
7281224,5
7281249,5
7281395,4
7281420,4
7281445,4
7281470,4
7281495,5
7281520,4
7281545,4
7281570,4
7281595,5
7281620,4
7281645,4
7281670,4
7281720,4
7281745,4
7281820,2
7281845,2
7281870,1
7281895,5
7281920,2
7281945,1
7281970,1
7281995,5
7282020,1
7282028,1
7282045,1
7282070,1
7282095,5
7282120,2
7282145,2
7282170,2
7282195,5
7282220,1
7282245,2
7282270,2
7282295,1
7282320,2
7282416,1
7282441,2
7282466,2
7282491,2
7282516,2
7282541,2
7282566,2
7282591,2
7282641,1
7282666,1
7282691,1
7282716,1
7282741,1
7282766,1
7282791,1
7282816,1
7282841,1
7282866,1
7282891,1
7282916,1
7282941,1
7282966,1
7282991,1
7283016,1
7283041,1
7283066,1
7283091,1
7283116,1
7283141,1
7283166,4
7283512,4
7283537,2
7283587,2
7283612,1
7283637,1
7283662,5
7283687,1
7283737,1
7283762,5
7283787,1
7283812,1
7283837,5
7283862,5
7283887,1
7283912,1
7283937,1
7283962,5
7283987,1
7284012,1
7284037,1
7284062,5
7284087,1
7284112,1
7284137,1
7284162,5
7284187,1
7284212,1
7284237,1
7284262,5
7284287,1
7284312,1
7284337,1
7284362,1
7284387,5
7284412,1
7284437,1
7284462,1
7284558,1
7284583,1
7284608,1
7284633,1
7284658,5
7284683,1
7284708,1
7284733,1
7284758,5
7284783,1
7284808,1
7284833,5
7284858,5
7284908,1
7284933,1
7284958,5
7284983,1
7285008,5
7285058,5
7285083,1
7285108,1
7285133,5
7285158,5
7285183,1
7285208,1
7285533,2
7285754,4
7285787,4
7286037,4
7286087,4
7286137,4
7286162,4
7286187,4
7286287,4
7286429,5
7286454,4
7286479,4
7286504,4
7286529,4
7286554,4
7286768,5
7286775,5
7286792,5
7286800,3
7286817,5
7286825,5
7286842,4
7286850,5
7286892,5
7286900,5
7286925,5
7286950,5
7286967,5
7286975,5
7286992,5
7287000,5
7287017,4
7287025,4
7287042,4
7287050,5
7287067,5
7287075,5
7287092,5
7287100,5
7287117,5
7287125,5
7287142,5
7287150,5
7287175,5
7287192,5
7287200,5
7287217,4
7287225,4
7287242,4
7287250,4
7287267,5
7287275,5
7287300,4
7287375,4
7287392,4
7287400,4
7287417,4
7287425,4
7287442,4
7287450,4
7287467,4
7287475,4
7287492,4
7287500,5
7287525,5
7287542,4
7287567,5
7287575,5
7287592,4
7287600,4
7287617,4
7287625,4
7287642,4
7287667,5
7287692,5
7287700,5
7287717,4
7287725,4
7287742,4
7287750,4
7287863,4
7287871,4
7287888,5
7287896,5
7287913,5
7287921,5
7287946,5
7287963,5
7287971,5
7287988,5
7287996,5
7288013,5
7288038,5
7288046,5
7288063,5
7288071,5
7288088,5
7288096,5
7288113,5
7288121,5
7288138,5
7288146,5
7288163,5
7288171,5
7288188,5
7288196,4
7288221,5
7288246,5
7288263,5
7288271,5
7288288,5
7288296,4
7288313,4
7288321,5
7288338,5
7288363,4
7288371,4
7288396,4
7288413,4
7288421,4
7288438,5
7288446,4
7288471,4
7288488,4
7288496,4
7288538,5
7288546,5
7288563,5
7288571,5
7288588,5
7288596,5
7288613,5
7288621,5
7288638,5
7288671,4
7288793,5
7288826,3
7288868,3
7288918,4
7288993,5
7289001,3
7289068,2
7289293,2
7289518,4
7289543,4
7289643,4
7289718,4
7289743,4
7289768,4
7290935,3
7290960,3
7290968,3
7290985,1
7291010,1
7291035,3
7291060,5
