7094264,4
7094273,4
7094281,4
7094289,4
7094298,4
7094306,4
7094314,4
7094323,4
7094331,4
7094339,4
7094348,4
7094356,4
7094364,4
7094373,4
7094381,4
7094389,4
7094398,4
7094406,4
7094414,4
7094423,4
7094431,4
7094439,4
7094448,4
7094456,4
7094464,4
7094473,4
7094481,4
7094489,4
7094498,4
7094506,4
7094514,4
7094523,4
7094531,4
7094539,4
7094548,4
7094556,4
7094564,4
7094573,4
7094581,4
7094589,4
7094598,4
7094606,4
7094614,4
7094623,4
7094631,4
7094639,4
7094648,4
7094656,4
7094664,4
7094673,4
7094681,4
7094689,4
7094698,4
7094706,4
7094714,4
7094723,4
7094731,4
7094739,4
7094748,4
7094756,4
7094764,2
7094773,4
7094781,5
7094789,5
7094798,5
7094806,2
7094814,2
7094823,2
7094831,2
7094840,2
7094848,2
7094856,2
7094864,5
7094873,2
7094881,4
7094889,2
7094898,2
7094906,5
7094914,5
7094923,2
7094931,2
7094939,1
7094948,2
7094956,4
7094964,4
7094973,3
7094981,3
7094989,4
7094998,4
7095014,4
7095023,4
7095031,4
7095039,4
7095048,4
7095056,4
7095064,4
7095073,5
7095081,4
7095089,4
7095098,4
7095106,2
7095114,4
7095123,4
7095139,4
7095148,5
7095156,4
7095164,4
7095173,4
7095181,4
7095189,4
7095198,4
7095214,4
7095222,4
7095240,4
7095248,4
7095256,4
7095264,4
7095273,4
7095281,4
7095289,4
7095298,4
7095306,4
7095314,4
7095323,4
7095331,4
7095339,4
7095348,4
7095356,4
7095364,4
7095373,4
7095381,4
7095389,4
7095397,4
7095406,4
7095414,4
7095423,3
7095431,3
7095439,2
7095448,3
7095456,3
7095464,4
7095472,4
7095481,4
7095489,4
7095498,4
7095506,4
7095514,4
7095522,4
7095531,4
7095539,4
7095547,3
7095564,3
7095572,4
7095581,4
7095589,4
7095597,4
7095606,4
7095614,4
7095623,4
7095631,4
7095640,4
7095647,4
7095656,4
7095664,4
7095672,4
7095681,4
7095689,4
7095698,4
7095706,4
7095714,4
7095722,4
7095731,4
7095739,4
7095747,4
7095756,4
7095764,4
7095772,4
7095781,4
7095789,4
7095797,4
7095806,4
7095814,4
7095822,4
7095831,4
7095839,4
7095847,4
7095856,4
7095864,4
7095872,4
7095881,4
7095889,4
7095898,4
7095906,4
7095914,4
7095923,4
7095931,4
7095939,4
7095948,4
7095956,4
7095964,4
7095973,4
7095981,4
7095989,4
7095997,4
7096006,4
7096014,4
7096023,4
7096031,4
7096039,4
7096047,4
7096056,4
7096064,4
7096072,4
7096081,4
7096089,4
7096098,4
7096106,4
7096114,4
7096122,4
7096131,4
7096139,4
7096147,4
7096156,4
7096164,4
7096172,4
7096181,4
7096189,4
7096197,4
7096206,4
7096214,5
7096222,5
7096231,5
7096239,5
7096247,5
7096256,5
7096264,5
7096272,5
7096281,5
7096289,5
7096297,5
7096306,5
7096314,5
7096322,5
7096331,5
7096339,5
7096347,5
7096356,5
7096364,5
7096372,5
7096381,5
7096389,5
7096397,5
7096406,5
7096414,5
7096422,5
7096431,5
7096439,5
7096447,5
7096456,5
7096464,5
7096473,5
7096481,5
7096489,5
7096498,5
7096506,5
7096514,5
7096522,5
7096531,5
7096539,5
7096547,5
7096556,5
7096564,5
7096572,5
7096581,5
7096589,5
7096597,5
7096606,5
7096614,5
7096622,5
7096647,5
7096814,5
7096839,5
7096864,5
7096872,1
7096889,5
7096897,5
7096914,5
7096922,5
7096939,5
7096947,5
7096964,5
7096972,1
7096989,5
7096997,5
7097014,5
7097022,5
7097039,5
7097047,5
7097064,5
7097072,2
7097089,5
7097097,5
7097106,5
7097114,5
7097122,5
7097139,5
7097147,5
7097164,5
7097172,5
7097189,5
7097197,5
7097214,5
7097222,5
7097239,5
7097247,5
7097264,5
7097272,5
7097289,5
7097297,5
7097314,5
7097323,5
7097339,5
7097347,5
7097364,5
7097372,5
7097389,2
7097397,4
7097414,4
7097422,4
7097439,4
7097447,4
7097464,4
7097472,4
7097489,4
7097497,4
7097514,4
7097522,4
7097539,4
7097547,4
7097564,4
7097572,4
7097581,4
7097589,4
7097597,4
7097606,4
7097614,4
7097622,4
7097639,4
7097647,4
7097664,4
7097672,4
7097689,4
7097697,4
7097706,4
7097714,4
7097722,4
7097731,4
7097739,4
7097747,4
7097756,4
7097764,4
7097772,4
7097781,4
7097789,4
7097797,4
7097814,5
7097822,5
7097831,5
7097839,5
7097847,5
7097856,5
7097864,5
7097872,5
7097881,5
7097889,5
7097897,5
7097906,5
7097914,5
7097922,5
7097931,5
7097939,5
7097947,5
7097956,5
7097964,5
7097972,5
7097981,5
7097989,5
7097997,5
7098006,5
7098014,5
7098022,5
7098039,5
7098047,5
7098056,5
7098064,5
7098072,5
7098089,5
7098097,5
7098106,5
7098114,5
7098122,5
7098139,5
7098147,5
7098164,5
7098172,5
7098181,5
7098190,5
7098197,5
7098206,5
7098214,5
7098222,5
7098231,5
7098247,5
7098256,5
7098272,5
7098281,5
7098289,5
7098298,5
7098306,5
7098314,5
7098322,5
7098331,5
7098347,5
7098356,5
7098364,5
7098372,5
7098381,5
7098389,5
7098397,5
7098406,5
7098414,5
7098422,5
7098431,5
7098439,5
7098447,5
7098464,5
7098472,5
7098489,5
7098497,5
7098514,5
7098522,5
7098539,5
7098547,5
7098564,5
7098589,5
7098597,5
7098614,5
7098622,5
7098639,5
7098647,5
7098664,5
7098672,5
7098689,5
7098698,5
7098714,5
7098722,5
7098739,5
7098748,5
7098764,5
7098772,5
7098789,5
7098797,5
7098814,5
7098822,5
7098839,5
7098847,5
7098864,5
7098872,5
7098889,5
7098897,5
7098914,5
7098922,5
7098939,5
7098947,5
7098964,5
7098972,5
7098989,5
7098997,5
7099014,5
7099022,5
7099039,5
7099047,5
7099064,5
7099072,5
7099089,5
7099097,5
7099114,5
7099122,5
7099139,5
7099148,5
7099164,6
7099172,5
7099189,5
7099197,5
7099214,5
7099222,5
7099239,5
7099247,5
7099264,5
7099272,1
7099289,1
7099297,1
7099314,5
7099322,5
7099339,5
7099347,5
7099364,5
7099372,5
7099389,5
7099397,5
7099414,5
7099422,5
7099439,5
7099447,5
7099464,5
7099472,5
7099489,5
7099497,5
7099514,5
7099522,5
7099531,5
7099539,5
7099547,5
7099555,5
7099564,5
7099572,5
7099580,5
7099589,5
7099597,5
7099606,5
7099614,5
7099622,5
7099630,5
7099647,5
7099655,5
7099664,5
7099672,1
7099689,1
7099698,2
7099714,5
7099722,5
7099739,5
7099747,5
7099755,1
7099764,5
7099772,4
7099780,4
7099789,4
7099797,4
7099805,4
7099814,4
7099822,4
7099830,4
7099839,4
7099847,4
7099855,4
7099864,4
7099872,4
7099880,4
7099889,4
7099897,4
7099905,4
7099914,4
7099922,4
7099930,4
7099939,4
7099947,4
7099955,4
7099964,4
7099972,4
7099980,4
7099989,4
7099997,4
7100014,4
7100022,4
7100031,4
7100039,4
7100047,4
7100055,4
7100064,4
7100072,4
7100080,4
7100089,4
7100097,4
7100106,4
7100114,4
7100122,4
7100130,4
7100139,4
7100147,4
7100155,4
7100164,4
7100172,4
7100180,4
7100189,4
7100197,4
7100205,4
7100214,4
7100222,4
7100230,4
7100239,4
7100247,4
7100255,4
7100264,4
7100272,4
7100280,4
7100289,4
7100297,4
7100305,4
7100314,4
7100322,4
7100330,4
7100339,4
7100347,4
7100355,4
7100364,4
7100372,4
7100381,4
7100389,4
7100397,4
7100405,4
7100414,4
7100422,4
7100430,4
7100439,4
7100447,4
7100455,4
7100464,4
7100472,4
7100489,4
7100497,4
7100506,4
7100514,4
7100522,4
7100530,5
7100539,5
7100547,5
7100556,5
7100564,5
7100572,2
7100580,2
7100589,2
7100597,2
7100605,5
7100614,5
7100622,5
7100630,5
7100639,5
7100647,5
7100656,2
7100664,2
7100672,2
7100680,2
7100689,2
7100697,2
7100714,2
7100722,2
7100730,4
7100739,4
7100747,4
7100755,4
7100764,4
7100772,4
7100780,4
7100789,4
7100797,4
7100805,4
7100814,4
7100822,4
7100830,4
7100839,4
7100847,4
7100855,4
7100864,4
7100872,4
7100880,4
7100889,4
7100897,4
7100905,4
7100914,4
7100922,4
7100930,4
7100939,4
7100947,4
7100955,4
7100964,4
7100972,4
7100980,4
7100989,4
7100997,4
7101005,4
7101014,4
7101022,4
7101030,4
7101039,4
7101047,4
7101055,4
7101064,4
7101072,4
7101080,4
7101089,4
7101097,4
7101105,4
7101114,4
7101122,4
7101130,4
7101139,4
7101147,4
7101155,4
7101164,4
7101172,4
7101180,4
7101189,4
7101197,4
7101205,4
7101214,4
7101222,4
7101230,4
7101239,4
7101247,4
7101255,4
7101264,4
7101272,4
7101280,4
7101289,4
7101297,4
7101305,4
7101314,4
7101322,4
7101330,4
7101339,4
7101347,4
7101355,4
7101364,4
7101372,4
7101380,4
7101389,4
7101397,4
7101405,4
7101414,4
7101422,4
7101430,4
7101439,4
7101447,4
7101455,2
7101464,5
7101472,5
7101480,5
7101489,5
7101497,1
7101505,5
7101514,5
7101522,5
7101530,5
7101539,5
7101547,5
7101555,5
7101572,1
7101580,1
7101589,1
7101597,1
7101605,5
7101614,5
7101622,5
7101630,5
7101639,5
7101647,5
7101655,2
7101664,1
7101672,1
7101680,1
7101689,2
7101697,1
7101705,1
7101714,5
7101722,5
7101730,5
7101739,5
7101747,5
7101764,5
7101772,5
7101780,1
7101789,2
7101797,5
7101805,1
7101814,1
7101822,1
7101830,5
7101839,5
7101847,5
7101855,5
7101864,5
7101872,5
7101880,1
7101889,1
7101897,2
7101905,2
7101914,1
7101922,5
7101930,5
7101939,5
7101947,5
7101955,5
7101964,5
7101972,5
7101980,5
7101989,5
7101997,5
7102005,5
7102014,5
7102022,5
7102030,5
7102039,5
7102047,5
7102055,5
7102064,5
7102072,5
7102080,5
7102089,5
7102097,4
7102355,5
7102364,2
7102389,5
7102397,1
7102405,2
7102414,2
7102422,2
7102430,4
7102439,5
7102447,2
7102455,5
7102464,5
7102472,5
7102480,5
7102489,5
7102497,5
7102505,5
7102514,5
7102522,5
7102530,5
7102539,5
7102547,5
7102555,2
7102564,4
7102572,4
7102855,4
7102864,4
7102872,4
7102880,4
7102889,4
7102897,4
7102905,4
7102914,4
7102922,4
7102930,4
7102939,4
7102947,4
7102955,4
7102964,4
7102972,4
7102980,4
7102989,4
7102997,4
7103013,4
7103022,4
7103030,4
7103039,4
7103047,4
7103055,4
7103064,4
7103072,4
7103080,4
7103088,4
7103097,4
7103105,4
7103114,4
7103122,4
7103130,4
7103138,4
7103147,4
7103155,4
7103164,4
7103172,4
7103180,4
7103188,4
7103197,4
7103205,4
7103214,4
7103222,4
7103230,4
7103239,4
7103247,4
7103255,4
7103264,4
7103272,4
7103280,4
7103288,4
7103297,4
7103305,4
7103314,4
7103322,4
7103330,4
7103338,4
7103347,4
7103355,4
7103363,4
7103372,4
7103380,4
7103389,4
7103397,4
7103405,4
7103413,4
7103422,4
7103430,4
7103438,4
7103447,4
7103455,4
7103463,4
7103472,4
7103480,4
7103489,4
7103497,4
7103505,4
7103513,4
7103522,4
7103530,4
7103538,4
7103547,4
7103556,4
7103563,4
7103572,4
7103580,4
7103589,4
7103597,4
7103605,4
7103613,4
7103622,4
7103630,4
7103638,4
7103647,4
7103655,4
7103663,4
7103672,4
7103680,4
7103688,4
7103697,4
7103705,4
7103713,4
7103722,4
7103738,4
7103747,4
7103764,4
7103772,4
7103780,4
7103788,4
7103797,4
7103805,4
7103813,4
7103822,4
7103838,4
7103847,4
7103855,4
7103863,4
7103872,4
7103880,4
7103888,4
7103897,4
7103905,4
7103913,4
7103922,4
7103930,4
7103938,4
7103947,4
7103955,4
7103963,4
7103972,4
7103980,4
7103989,4
7103997,4
7104005,4
7104013,4
7104022,4
7104030,4
7104039,4
7104047,4
7104055,4
7104063,4
7104072,4
7104080,4
7104088,4
7104097,4
7104105,4
7104113,4
7104122,4
7104130,4
7104138,4
7104147,4
7104155,4
7104163,4
7104172,4
7104180,4
7104189,4
7104197,4
7104205,4
7104213,4
7104222,4
7104230,4
7104238,4
7104247,4
7104255,4
7104263,4
7104272,4
7104280,4
7104288,4
7104297,4
7104313,4
7104322,4
7104330,4
7104338,4
7104347,4
7104488,5
7104572,3
7104605,3
7104622,4
7104630,4
7104638,4
7104647,4
7104655,4
7104663,4
7104672,4
7104680,4
7104689,4
7104697,4
7104705,4
7104713,4
7104722,4
7104730,4
7104738,4
7104747,4
7104755,4
7104763,4
7104772,4
7104780,4
7104788,4
7104797,4
7104805,4
7104813,4
7104822,4
7104830,4
7104838,4
7104847,4
7104855,4
7104863,4
7104872,4
7104880,4
7104888,4
7104897,4
7104905,4
7104913,4
7104922,4
7104930,4
7104938,4
7104947,4
7104955,4
7104963,4
7104972,4
7104980,4
7104989,4
7104997,4
7105013,4
7105022,4
7105038,4
7105047,4
7105055,4
7105063,4
7105072,4
7105080,4
7105088,4
7105097,4
7105105,4
7105113,4
7105122,4
7105130,4
7105138,4
7105147,4
7105155,4
7105163,4
7105172,4
7105180,4
7105188,4
7105197,4
7105205,4
7105213,4
7105222,4
7105230,4
7105239,4
7105247,4
7105255,4
7105263,4
7105272,4
7105280,4
7105288,4
7105297,4
7105305,4
7105313,4
7105322,4
7105330,4
7105338,4
7105347,4
7105355,4
7105363,4
7105372,4
7105380,4
7105388,4
7105397,4
7105405,4
7105413,4
7105422,4
7105430,4
7105438,4
7105447,4
7105455,4
7105463,4
7105472,4
7105488,4
7105497,4
7105505,4
7105513,4
7105522,4
7105530,4
7105538,4
7105547,4
7105555,4
7105563,4
7105572,4
7105580,4
7105589,4
7105597,4
7105605,4
7105613,4
7105622,4
7105630,4
7105638,4
7105647,4
7105655,4
7105663,4
7105672,4
7105680,4
7105688,4
7105697,4
7105705,4
7105713,4
7105722,4
7105730,4
7105738,4
7105747,4
7105763,4
7105772,4
7105788,4
7105797,4
7105805,4
7105813,4
7105822,4
7105830,4
7105838,4
7105847,4
7105863,4
7105872,4
7105888,4
7105897,4
7105913,4
7105922,4
7105938,4
7105947,4
7106035,4
7106042,4
7106051,4
7106059,4
7106067,4
7106076,4
7106084,4
7106093,4
7106101,4
7106109,4
7106117,4
7106126,4
7106134,4
7106143,4
7106151,4
7106160,4
7106167,4
7106176,4
7106184,4
7106193,4
7106201,4
7106209,4
7106217,4
7106226,4
7106234,4
7106242,4
7106251,4
7106259,4
7106267,4
7106276,4
7106284,4
7106292,4
7106301,4
7106309,4
7106317,4
7106326,4
7106334,4
7106342,4
7106351,4
7106359,4
7106367,4
7106376,4
7106384,4
7106393,4
7106401,4
7106409,4
7106417,4
7106426,4
7106434,4
7106442,4
7106451,4
7106459,4
7106467,4
7106476,4
7106484,4
7106493,4
7106501,4
7106509,4
7106517,4
7106526,4
7106534,4
7106542,4
7106551,4
7106559,4
7106567,4
7106576,4
7106584,4
7106592,4
7106601,4
7106609,4
7106617,4
7106626,4
7106634,4
7106642,4
7106651,4
7106659,4
7106667,4
7106676,4
7106684,4
7106692,4
7106701,4
7106709,4
7106717,4
7106726,4
7106734,4
7106742,4
7106751,4
7106759,4
7106767,4
7106776,4
7106784,4
7106792,4
7106801,4
7106809,4
7106817,4
7106826,4
7106834,4
7106842,4
7106851,4
7106859,4
7106867,4
7106876,4
7106884,4
7106892,4
7106901,4
7106909,4
