6954144,2
6954152,3
6954160,3
6954169,3
6954177,3
6954185,2
6954194,2
6954202,2
6954211,2
6954219,2
6954227,2
6954236,3
6954244,2
6954252,2
6954260,2
6954269,3
6954277,2
6954285,2
6954294,2
6954302,2
6954310,2
6954319,2
6954327,2
6954336,3
6954344,2
6954352,2
6954360,2
6954369,4
6954377,5
6954385,4
6954394,4
6954402,4
6954410,4
6954419,4
6954427,4
6954435,4
6954444,4
6954452,2
6954460,2
6954469,4
6954477,5
6954485,5
6954494,5
6954502,5
6954510,5
6954519,5
6954527,5
6954535,5
6954544,5
6954552,4
6954560,5
6954569,4
6954577,4
6954585,5
6954594,5
6954602,5
6954611,5
6954619,5
6954627,4
6954636,5
6954644,5
6954652,5
6954660,5
6954669,4
6954677,4
6954685,5
6954694,5
6954702,4
6954710,5
6954719,5
6954727,4
6954736,4
6954744,5
6954752,4
6954760,5
6954769,2
6954777,3
6954785,3
6954794,3
6954802,3
6954810,3
6954819,3
6954827,3
6954835,3
6954844,3
6954852,3
6954860,2
6954869,2
6954877,3
6954885,3
6954894,3
6954902,4
6954910,3
6954919,3
6954927,4
6954935,4
6954944,3
6954952,3
6954960,2
6954969,4
6954977,4
6954985,2
6954994,2
6955002,4
6955210,4
6955219,4
6955227,4
6955235,4
6955244,5
6955260,4
6955269,2
6955285,5
6955294,5
6955310,5
6955319,5
6955335,5
6955344,5
6955360,5
6955369,5
6955385,5
6955394,5
6955410,1
6955419,2
6955435,5
6955444,5
6955460,5
6955469,5
6955485,5
6955494,4
6955510,4
6955519,5
6955527,4
6955535,5
6955544,5
6955552,4
6955560,5
6955569,4
6955577,4
6955585,5
6955594,5
6955602,4
6955610,5
6955619,5
6955627,4
6955635,4
6955644,5
6955652,4
6955660,5
6955669,4
6955677,4
6955686,5
6955694,5
6955702,3
6955710,2
6955719,4
6955735,2
6955744,2
6955760,2
6955769,2
6955785,3
6955794,3
6955810,3
6955819,3
6955835,3
6955844,3
6955860,3
6955869,3
6955885,2
6955894,5
6955910,5
6955919,5
6955935,5
6955944,5
6955960,5
6955969,4
6956285,5
6956294,5
6956469,4
6956485,4
6956494,4
6956502,5
6956510,5
6956519,5
6956527,5
6956535,5
6956544,5
6956552,5
6956560,5
6956569,5
6956577,5
6956585,5
6956594,5
6956602,5
6956611,5
6956619,5
6956627,5
6956635,5
6956644,5
6956652,5
6956660,5
6956669,5
6956677,5
6956685,5
6956694,5
6956702,5
6956710,5
6956719,5
6956727,5
6956735,5
6956824,5
6956832,4
6956840,5
6956849,4
6956857,5
6956865,5
6956874,5
6956882,5
6956890,5
6956899,5
6956907,5
6956924,4
6956932,4
6956940,5
6956949,3
6956957,5
6956965,5
6956974,5
6956982,5
6956990,5
6956999,5
6957007,5
6957024,5
6957032,5
6957040,5
6957049,3
6957057,5
6957065,5
6957074,5
6957082,5
6957090,5
6957099,5
6957107,5
6957124,5
6957132,5
6957140,5
6957149,5
6957157,5
6957165,5
6957174,5
6957182,5
6957190,5
6957199,5
6957207,5
6957224,5
6957232,5
6957240,5
6957249,5
6957257,5
6957265,5
6957274,5
6957282,5
6957290,5
6957299,5
6957307,3
6957324,5
6957332,5
6957340,5
6957349,5
6957357,5
6957365,5
6957374,5
6957382,5
6957390,5
6957399,5
6957407,3
6957424,5
6957432,5
6957440,5
6957449,5
6957457,6
6957465,6
6957474,5
6957482,5
6957490,5
6957499,5
6957507,3
6957524,4
6957532,4
6957540,5
6957549,4
6957557,2
6957724,4
6957732,4
6957749,4
6957757,4
6957765,4
6957774,2
6957782,5
6957790,4
6957799,5
6957807,5
6957815,5
6957823,5
6957832,5
6957840,5
6957848,2
6957857,5
6957865,5
6957874,5
6957882,2
6957890,2
6957899,2
6957907,5
6957915,5
6957923,5
6957932,5
6957940,5
6957949,5
6957957,5
6957965,5
6957974,3
6957982,5
6957990,5
6957999,5
6958007,3
6958024,5
6958032,5
6958040,5
6958048,5
6958057,5
6958065,5
6958073,5
6958082,5
6958090,5
6958098,5
6958107,3
6958124,5
6958132,5
6958140,5
6958149,4
6958157,5
6958165,4
6958357,4
6958382,4
6958390,4
6958398,4
6958407,4
6958415,4
6958423,4
6958432,4
6958440,4
6958448,4
6958457,4
6958465,4
6958473,5
6958482,4
6958490,4
6958498,4
6958507,5
6958515,4
6958523,4
6958532,4
6958540,4
6958548,4
6958557,4
6958565,4
6958573,2
6958582,2
6958590,4
6958599,4
6958607,4
6958615,4
6958623,5
6958632,2
6958640,2
6958648,5
6958657,4
6958665,4
6958673,4
6958682,4
6958690,4
6958699,5
6958707,5
6958715,4
6958723,4
6958732,4
6958740,4
6958748,4
6958757,4
6958765,4
6958773,4
6958782,4
6958790,4
6958798,4
6958815,4
6958823,4
6958840,4
6959082,4
6959107,4
6959123,4
6959132,4
6959148,4
6959157,4
6959173,4
6959182,4
6959198,4
6959207,4
6959223,4
6959232,4
6959248,4
6959257,4
6959273,4
6959282,5
6959298,5
6959307,5
6959323,5
6959332,5
6959348,5
6959357,5
6959373,4
6959382,4
6959398,5
6959407,5
6959423,5
6959432,5
6959448,5
6959457,5
6959473,5
6959482,5
6959499,5
6959507,5
6959523,5
6959532,5
6959548,5
6959557,4
6959887,4
6959895,4
6959912,4
6959920,4
6959937,4
6959945,4
6959962,4
6959970,4
6959987,5
6959995,4
6960011,4
6960020,4
6960037,4
6960045,4
6960062,4
6960070,4
6960087,5
6960112,5
6960120,5
6960137,5
6960145,4
6960161,4
6960170,5
6960186,5
6960195,5
6960212,5
6960220,5
6960237,5
6960245,5
6960261,5
6960270,5
6960286,5
6960295,5
6960311,5
6960320,5
6960336,5
6960345,5
6960361,5
6960370,5
6960386,5
6960395,5
6960411,5
6960420,5
6960436,5
6960445,5
6960461,4
6960470,4
6960486,4
6960495,4
6960511,4
6960520,4
6960536,4
6960545,4
6960561,4
6960570,4
6960586,4
6960595,4
6960603,4
6960611,4
6960620,4
6960628,4
6960636,4
6960645,4
6960653,4
6960661,4
6960670,4
6960678,4
6960686,4
6960695,4
6960703,4
6960711,4
6960720,4
6960728,4
6960736,4
6960745,4
6960753,4
6960761,4
6960770,4
6960778,4
6960786,4
6960795,4
6960803,4
6960811,4
6960820,4
6960828,4
6960836,4
6960845,4
6960853,4
6960861,4
6960870,4
6960958,4
6960966,4
6960974,4
6960983,4
6960991,4
6960999,4
6961007,4
6961016,4
6961024,4
6961033,4
6961041,4
6961049,4
6961057,4
6961066,4
6961074,4
6961083,4
6961091,4
6961099,4
6961107,4
6961116,4
6961124,4
6961133,4
6961141,4
6961149,4
6961158,4
6961166,4
6961174,4
6961182,4
6961191,4
6961199,4
6961208,4
6961216,4
6961224,4
6961232,4
6961241,4
6961249,4
6961258,4
6961266,4
6961274,4
6961282,4
6961291,4
6961299,4
6961307,4
6961316,4
6961324,4
6961332,4
6961341,4
6961349,4
6961358,4
6961366,4
6961375,4
6961382,4
6961391,4
6961399,4
6961408,4
6961416,4
6961424,4
6961432,4
6961441,3
6961457,4
6961466,4
6961474,4
6961482,4
6961491,4
6961499,4
6961507,4
6961516,4
6961524,4
6961532,4
6961541,4
6961549,4
6961557,4
6961566,4
6961574,4
6961582,4
6961591,4
6961599,4
6961607,4
6961616,4
6961624,4
6961633,4
6961641,4
6961649,4
6961657,4
6961666,4
6961674,4
6961682,4
6961691,4
6961699,4
6961707,4
6961716,4
6961724,4
6961732,4
6961741,4
6961749,4
6961757,4
6961766,4
6961774,4
6961782,4
6961791,4
6961799,4
6961808,4
6961816,4
6961824,4
6961832,4
6961841,4
6961849,4
6961857,4
6961866,4
6961874,4
6961882,4
6961891,4
6961899,4
6961907,4
6961916,4
6961924,4
6961932,4
6961941,4
6961949,4
6961958,4
6961966,4
6961974,4
6961982,4
6961991,4
6961999,4
6962007,4
6962016,4
6962024,4
6962032,4
6962041,3
6962049,4
6962057,4
6962066,4
6962074,4
6962082,4
6962091,4
6962099,4
6962107,4
6962116,4
6962124,4
6962132,4
6962141,4
6962149,4
6962157,4
6962166,4
6962174,4
6962182,4
6962191,4
6962199,4
6962207,4
6962216,4
6962224,4
6962232,4
6962241,4
6962249,3
6962416,4
6962424,4
6962432,4
6962441,4
6962457,4
6962466,4
6962474,4
6962482,4
6962491,4
6962499,4
6962507,4
6962516,4
6962524,4
6962532,4
6962541,4
6962549,4
6962558,4
6962566,4
6962574,4
6962582,4
6962591,4
6962599,4
6962608,4
6962616,4
6962624,4
6962632,4
6962641,4
6962649,4
6962657,4
6962666,4
6962674,4
6962682,4
6962691,4
6962699,4
6962708,4
6962716,4
6962724,4
6962732,4
6962741,4
6962749,4
6962757,4
6962766,4
6962774,4
6962782,4
6962791,4
6962799,4
6962807,4
6962816,4
6962824,4
6962832,4
6962841,4
6962849,4
6962857,4
6962866,4
6962874,4
6962882,4
6962891,4
6962899,4
6962907,4
6962916,4
6962924,4
6962932,4
6962941,4
6962949,4
6962957,4
6962966,4
6962974,4
6962982,4
6962991,4
6962999,4
6963007,4
6963016,4
6963024,4
6963032,4
6963041,4
6963049,4
6963057,4
6963066,4
6963074,4
6963082,4
6963091,4
6963099,4
6963108,4
6963116,4
6963124,4
6963132,4
6963141,4
6963149,4
6963157,4
6963166,4
6963174,4
6963182,4
6963191,4
6963199,4
6963207,4
6963216,4
6963224,4
6963232,4
6963241,4
6963249,4
6963257,4
6963266,4
6963274,4
6963282,4
6963291,4
6963299,4
6963307,4
6963316,4
6963324,4
6963332,4
6963341,4
6963349,4
6963524,5
6963541,5
6963549,5
6963557,5
6963566,5
6963574,5
6963582,5
6963591,5
6963599,5
6963607,5
6963616,5
6963624,5
6963632,5
6963641,5
6963649,5
6963657,5
6963666,5
6963674,5
6963682,5
6963691,5
6963699,5
6963707,5
6963716,5
6963724,5
6963732,5
6963741,5
6963749,5
6963757,5
6963766,5
6963774,5
6963782,5
6963791,5
6963799,5
6963807,5
6963816,5
6963824,5
6963832,5
6963841,5
6963849,5
6963857,5
6963866,5
6963874,5
6963882,5
6963891,5
6963899,5
6963907,5
6963916,5
6963924,5
6963932,5
6963941,4
6963949,5
6963957,5
6963966,5
6963974,5
6963982,5
6963991,5
6963999,5
6964007,5
6964016,5
6964024,5
6964032,5
6964040,5
6964049,5
6964057,5
6964066,5
6964074,5
6964082,5
6964091,5
6964099,5
6964107,5
6964116,5
6964124,5
6964132,5
6964141,5
6964149,5
6964157,5
6964166,5
6964174,5
6964182,5
6964191,5
6964199,5
6964207,5
6964216,5
6964224,5
6964232,5
6964241,5
6964249,5
6964257,5
6964266,5
6964274,5
6964282,5
6964291,5
6964299,5
6964307,5
6964316,5
6964324,5
6964332,5
6964341,5
6964349,5
6964357,5
6964366,5
6964374,5
6964382,5
6964391,5
6964399,4
6964407,4
6964416,5
6964424,5
6964432,5
6964441,4
6964449,4
6964457,5
6964466,4
6964474,4
6964482,5
6964491,2
6964499,4
6964507,4
6964515,4
6964524,4
6964532,2
6964540,5
6964549,4
6964557,2
6964566,2
6964574,4
6964582,5
6964591,5
6964599,4
6964607,2
6964615,2
6964624,4
6964632,5
6964641,5
6964649,5
6964657,2
6964665,4
6964674,4
6964682,4
