6833191,1
6833216,1
6833257,1
6833266,1
6833274,1
6833291,1
6833316,1
6833332,1
6833366,5
6833374,5
6833382,5
6833391,5
6833407,5
6833416,5
6833432,5
6833441,5
6833632,5
6833641,5
6833657,5
6833666,5
6833682,5
6833691,5
6833707,5
6833716,5
6833732,5
6833741,5
6833749,6
6833757,6
6833766,6
6833774,6
6833782,6
6833791,6
6833816,5
6833841,5
6833857,5
6833866,5
6833882,5
6833891,5
6834842,4
6834866,4
6834875,4
6834891,4
6834900,4
6834916,4
6834941,4
6834950,4
6834966,4
6834975,4
6834991,4
6835000,4
6835016,4
6835041,4
6835050,4
6835066,4
6835075,4
6835091,4
6835100,4
6835116,4
6835141,4
6835150,4
6835166,4
6835175,4
6835191,4
6835200,4
6835225,4
6835241,4
6835250,4
6835266,4
6835275,4
6835291,4
6835300,4
6835316,4
6835447,4
6835455,4
6835605,5
6835647,4
6835671,5
6835730,4
6835746,4
6835755,4
6835771,4
6835780,4
6835796,4
6835805,4
6835830,4
6835846,4
6835855,4
6835871,4
6835880,4
6835896,4
6835905,4
6835921,4
6835930,4
6835946,4
6835955,4
6835971,4
6835980,4
6835996,4
6836005,4
6836030,4
6836046,4
6836055,4
6836071,4
6836080,4
6836096,4
6836105,4
6836121,4
6836130,4
6836146,4
6836154,4
6836171,4
6836180,4
6836196,4
6836205,4
6836230,4
6836255,4
6836280,4
6836304,4
6836321,4
6836330,4
6836354,4
6836371,4
6836379,4
6836396,4
6836405,4
6836421,4
6836430,4
6836526,4
6836542,4
6836551,4
6836567,4
6836576,4
6836592,4
6836601,4
6836626,4
6836942,5
6836967,4
6836992,5
6837000,5
6837017,5
6837025,5
6837042,5
6837050,5
6837067,5
6837084,0
6837101,5
6837125,5
6837150,5
6837167,5
6837175,5
6837184,5
6837192,5
6837201,5
6837209,5
6837217,5
6837225,5
6837242,5
6837250,5
6837267,5
6837292,5
6837309,5
6837317,5
6837342,0
6837367,5
6837376,5
6837392,5
6837467,5
6837492,5
6837567,6
6837575,6
6837592,6
6837600,6
6837617,5
6837626,6
6837642,5
6837650,6
6837667,6
6837675,6
6837692,6
6837700,6
6837709,6
6837717,0
6837725,5
6837742,6
6837750,6
6837767,5
6837776,0
6837800,0
6837817,5
6837825,5
6837842,0
6837850,5
6837876,5
6837884,0
6837900,5
6837909,0
6837917,5
6837942,0
