3763089,0
3763114,0
3763735,0
3765377,0
3765677,0
3765702,0
3765777,0
3765827,0
3765852,0
3765877,0
3765902,0
3765927,0
3765952,0
3765977,0
3766002,0
3766027,0
3766077,0
3766102,0
3766127,0
3766152,0
3766177,0
3766202,0
3766227,0
3766252,0
3766277,0
3766302,0
3766327,0
3767133,0
3767579,0
3767604,0
3767629,0
3767654,0
3767679,0
3767704,0
3767829,0
3767854,0
3767879,0
3768029,0
3768079,0
3768129,0
3768154,0
3768204,0
3768229,0
3768254,0
3768404,0
3768429,0
3768479,0
3768504,0
3768529,0
3768604,0
3768742,0
3768817,0
3768842,0
3768859,4
3768867,4
3768917,0
3768942,0
3769042,0
3769067,0
3769117,0
3769167,0
3769567,0
3769667,0
3770043,0
3770143,0
3770243,0
3770268,0
3770343,0
3770368,0
3770989,0
3771014,0
3771039,0
3771114,0
3771189,0
3771214,0
3771289,0
3771314,0
3771364,0
3771439,0
3771464,0
3771489,0
3771564,0
3771639,0
3772144,0
3772161,0
3772169,0
3772186,0
3772244,0
3772261,0
3772369,2
3772644,5
3772669,5
3772694,5
3772719,0
3772744,0
3772769,0
3772794,0
3772819,0
3772844,0
3772869,0
3772894,0
3773232,0
3773257,0
3773282,0
3773299,0
3773307,0
3773424,0
3775391,4
3775424,4
3775591,4
3775891,0
3776712,0
3776737,0
3776787,0
3776887,0
3776912,0
3776937,0
3776962,0
3776987,0
3777012,0
3777037,0
3777592,0
3777617,0
3777667,0
3777716,0
3777767,0
3777792,0
3777817,0
3777866,0
3777892,0
3777916,0
3777942,0
3778017,0
3778042,0
3778116,0
3778141,0
3778166,0
3778241,0
3778291,0
3778571,0
3778596,0
3778621,0
3778646,0
3778746,0
3778788,0
3778796,0
3778812,0
3778838,5
3778863,5
3778937,1
3778987,1
3779013,1
3779062,1
3779113,1
3779137,1
3779187,2
3779238,1
3779262,1
3779287,5
3779312,5
3779371,5
3779446,5
3779462,5
3779471,5
3779487,5
3779546,5
3779642,2
3779658,2
3779667,2
3779683,2
3779759,2
3779767,2
3779783,2
3779833,2
3779942,2
3779983,5
3780033,2
3780108,2
3780133,2
3780233,2
3780283,2
3780308,1
3780317,1
3780342,1
3780358,1
3780383,1
3780408,1
3780442,1
3780458,1
3780467,1
3780533,2
3780583,2
3780729,5
3780738,5
3780829,1
3780838,1
3780854,1
3780879,1
3780913,1
3780929,1
3780979,1
3781004,1
3781013,1
3781054,1
3781129,5
3781154,1
3781254,1
3781263,2
3781279,2
3781288,1
3781329,6
3781429,1
3781438,1
3781504,5
3781554,1
3781629,2
3781800,0
3781901,0
3782534,0
3782559,0
3782584,5
3782634,5
3782659,1
3782675,1
3782709,5
3782734,1
3782759,5
3782880,5
3782930,5
3782955,5
3783030,5
3783055,5
3783071,5
3783130,5
3783155,5
3783180,5
3783196,1
3783205,1
3783230,2
3783255,1
3783305,1
3783330,2
3783421,1
3783455,1
3783596,5
3783621,0
3783655,0
3783721,1
3783730,6
3783992,6
3784167,5
3784192,1
3784201,1
3784226,1
3784267,1
3784292,5
3784351,1
3784592,4
3784892,4
3784997,4
3785313,0
3785322,4
3785338,4
3785397,4
3785422,4
3785438,3
3785497,4
3785513,2
3785522,2
3785538,0
3785588,4
3785597,4
3785622,4
3785638,0
3785713,0
3785722,0
3785738,0
3785838,0
3785913,0
3785922,0
3785938,0
3785988,0
3786013,0
3786022,4
3786038,4
3786097,4
3786113,4
3786138,0
3786213,0
3786238,0
3786338,0
3786397,4
3786421,4
3786438,4
3786496,0
3786522,0
3786547,0
3786597,0
3786738,0
3786771,0
3786788,0
3786813,0
3787013,0
3787038,0
3787096,0
3787113,4
3787138,4
3787188,0
3787196,4
3787213,4
3787238,4
3787344,0
3787368,0
3787393,0
3787402,0
3787418,0
3787427,0
3787443,0
3787468,4
3787493,6
3787577,6
3787593,6
3787677,6
3787693,6
3787718,6
3787743,1
3787777,1
3787793,1
3787843,1
3787868,1
3787877,1
3787902,1
3787918,1
3787952,1
3787993,1
3788027,4
3788076,6
3788093,6
3788168,2
3788276,1
3788318,1
3788489,2
3788514,2
3788614,1
3788639,1
3788714,1
3788739,1
3788964,1
3789089,1
3789114,5
3789139,0
3789189,0
3789197,0
3789239,0
3789439,0
3789619,0
3789627,0
3789644,0
3789719,0
3789727,0
3789744,0
3789819,0
3789827,0
3789844,0
3789944,0
3789969,0
3790019,0
3790028,0
3790044,0
3790069,0
3790119,0
3790127,0
3790144,0
3790244,0
3790419,0
3790427,0
3790444,0
3790519,0
3790544,0
3790569,0
3790715,0
3790723,0
3790740,0
3790815,0
3790823,0
3790840,0
3790890,0
3790915,0
3790965,0
3790998,0
3791115,0
3791315,0
3791365,0
3791440,0
3791465,0
3791515,0
3791540,0
3791640,0
3791836,0
3791861,0
3791886,0
3791911,0
3791936,0
3791961,0
3791994,4
3792036,0
3792136,5
3792286,1
3792311,1
3792361,1
3792386,1
3792411,1
3792486,1
3792561,1
3792986,0
3793111,0
3793261,2
3793269,2
3793286,2
3793311,2
3793319,5
3793336,5
3793344,2
3793369,2
3793386,2
3793411,1
3793419,1
3793516,1
3793524,1
3793541,1
3793566,1
3793575,1
3793591,1
3793616,1
3793666,1
3793691,1
3793741,1
3793766,1
3793791,2
3793866,5
3793891,5
3793966,5
3793991,5
3794016,5
3794041,0
3794066,5
3794074,1
3794091,1
3794149,1
3794174,2
3794191,1
3794216,1
3794249,1
3794266,1
3794274,1
3794291,1
3794316,1
3794349,1
3794374,2
3794391,1
3794441,5
3794449,5
3794466,2
3794474,2
3794491,1
3794499,1
3794587,0
3794595,0
3794612,5
3794712,5
3794737,5
3794745,0
3795095,0
3795120,0
3795170,0
3795195,0
3795295,4
3795908,0
3795958,0
3796041,6
3796091,6
3796133,6
3796216,6
3796233,6
3796241,1
3796283,1
3796316,1
3796333,1
3796358,1
3796383,2
3796391,2
3796408,2
3796433,2
3796458,2
3796466,2
3796558,2
3796583,2
3796737,2
3796754,2
3796779,2
3796837,4
3796937,0
3796962,0
3797037,0
3797062,0
3797137,0
3797162,0
3797262,4
3797362,0
3797437,0
3797462,4
3798033,4
3798233,4
3798333,4
3798533,4
3798633,0
3799104,0
3799129,0
3799146,0
3799221,0
3799229,0
3799446,0
3799521,0
3799546,0
3799721,0
3799729,0
3799942,2
3799967,2
3800042,2
3800050,2
3800067,2
3800217,2
3800242,2
3800267,2
3800300,2
3800375,2
3800417,2
3800442,2
3800492,2
3800517,2
3800542,2
3800567,2
3800575,2
3800592,2
3800617,2
3800667,2
3800692,2
3800700,2
3800775,2
3800817,2
3800825,1
3800867,1
3800875,2
3800900,2
3801013,2
3801038,2
3801046,2
3801113,2
3801138,2
3801188,2
3801371,4
3801771,4
3801788,0
3801813,0
3801888,0
3801896,0
3801913,0
3802084,0
3802184,0
3802209,5
3802234,5
3802284,1
3802292,1
3802334,1
3802359,1
3802392,1
3802434,6
3802442,2
3802459,2
3802484,2
3802492,1
3802509,1
3802517,2
3802542,1
3802559,1
3802567,3
3802584,3
3802592,1
3802609,1
3802617,1
3802642,2
3802659,2
3802684,2
3802692,2
3802709,2
3802717,2
3802734,2
3802742,1
3802759,1
3802767,1
3802784,1
3802792,2
3802809,2
3802817,2
3802834,2
3802842,1
3802859,1
3802867,1
3802884,1
3802892,1
3802909,1
3802917,1
3802934,1
3802942,1
3802959,1
3802967,1
3802984,1
3802992,1
3803009,1
3803017,1
3803034,1
3803042,1
3803059,1
3803155,1
3803163,2
3803180,2
3803188,2
3803205,3
3803213,3
3803230,2
3803238,1
3803255,1
3803263,1
3803280,1
3803288,1
3803305,1
3803313,1
3803330,1
3803355,1
3803363,1
3803380,1
3803388,1
3803405,2
3803413,2
3803430,2
3803438,1
3803455,1
3803463,1
3803480,1
3803505,2
3803513,2
3803530,2
3803538,2
3803555,1
3803580,1
3803588,1
3803605,2
3803630,2
3803655,2
3803663,2
3803680,2
3803688,2
3803705,2
3803713,2
3803730,2
3803755,2
3803780,1
3803788,1
3803805,1
3803813,2
3803830,2
3803855,2
3803880,2
3803888,2
3803905,2
3803913,2
3803930,2
3803938,2
3803955,2
3804005,4
3804013,2
3804030,2
3804088,2
3804105,2
3804113,2
3804138,3
3804226,3
3804234,3
3804251,3
3804276,3
3804301,3
3804309,3
3804334,3
3804351,3
3804359,2
3804376,2
3804384,2
3804409,2
3804434,3
3804451,3
3804476,2
3804484,2
3804501,2
3804509,2
3804526,2
3804534,2
3804551,2
3804559,2
3804576,3
3804584,2
3804601,2
3804609,2
3804626,2
3804651,2
3804659,2
3804676,2
3804684,3
3804701,3
3804726,3
3804751,3
3804759,3
3804776,3
3804784,2
3804801,2
3804809,2
3804834,2
3804851,2
3804859,2
3804876,2
3804884,2
3804901,2
3804909,2
3804926,2
3804951,2
3804959,3
3804976,3
3804984,2
3805001,2
3805009,2
3805051,2
3805076,0
3805101,0
3805126,0
3805547,0
3805647,0
3805747,2
3805755,2
3805772,2
3805780,2
3805797,2
3805822,3
3805872,3
3805880,2
3805897,2
3805905,3
3805922,3
3805930,1
3805947,1
3805972,1
3805997,1
3806005,3
3806022,3
3806047,3
3806072,1
3806080,3
3806097,2
3806122,3
3806130,2
3806147,2
3806172,1
3806180,1
3806205,2
3806222,2
3806247,2
3806255,1
3806272,1
3807639,4
3807664,4
3807764,4
3807772,4
3807797,4
3807839,4
3807864,4
3808022,2
3808064,1
3808072,1
3808097,3
3808114,3
3808122,1
3808139,5
3808147,5
3808164,5
3808172,5
3808197,5
3808222,2
3808239,2
3808247,2
3808264,2
3808272,2
3808289,3
3808297,3
3808322,2
3808339,2
3808347,2
3808364,2
3808372,2
3808389,2
3808397,2
3808414,3
3808422,3
3808518,2
3808535,2
3808543,3
3808635,4
3808668,4
3808935,2
3808943,2
3808960,1
3808968,2
3808985,1
3809010,1
3809018,1
3809035,1
3809060,3
3809110,3
3809118,2
3809135,2
3810002,2
3810010,2
3810027,2
3810052,2
3810060,2
3810077,2
3810085,2
3810102,2
3810127,2
