3576118,0
3576127,0
3576143,0
3576152,0
3576168,0
3576177,0
3576193,0
3576202,0
3576218,0
3576235,0
3576243,0
3576252,0
3576260,0
3576268,0
3576285,0
3576293,0
3576302,0
3576310,0
3576318,0
3576327,0
3576335,0
3576343,5
3576352,5
3576360,5
3576368,5
3576377,5
3576385,5
3576393,5
3576402,5
3576410,5
3576418,5
3576427,5
3576435,5
3576443,5
3576452,5
3576460,5
3576468,5
3576477,5
3576493,5
3576502,5
3576518,5
3576527,5
3576535,5
3576543,5
3576552,5
3576568,5
3576577,5
3576593,5
3576602,5
3576618,5
3576627,5
3576635,5
3576644,5
3576652,5
3576660,5
3576668,5
3576677,5
3576693,5
3576702,5
3576718,5
3576727,5
3576735,5
3576743,5
3576760,5
3576810,5
3576835,5
3576852,5
3576860,5
3576868,5
3576893,5
3576902,5
3576918,5
3576927,5
3576935,5
3576943,5
3576952,5
3576960,5
3576968,5
3576985,5
3576993,5
3577002,5
3577018,5
3577027,5
3577035,5
3577043,5
3577060,5
3577068,5
3577077,5
3577094,5
3577102,5
3577127,5
3577135,5
3577143,5
3577152,5
3577160,5
3577168,5
3577177,5
3577193,5
3577202,5
3577210,5
3577218,5
3577227,5
3577235,5
3577243,5
3577332,5
3577340,5
3577356,5
3577365,5
3577381,5
3577390,6
3577406,6
3577415,6
3577432,6
3577440,6
3577448,6
3577456,6
3577465,6
3577481,6
3577490,6
3577506,6
3577515,6
3577531,6
3577540,6
3577556,6
3577565,6
3577581,6
3577590,6
3577606,6
3577615,6
3577631,6
3577640,6
3577656,6
3577665,6
3577681,6
3577690,6
3577706,6
3577856,6
3577865,6
3577881,6
3577890,6
3577906,6
3577915,6
3577931,6
3577956,6
3577965,6
3577982,6
3577990,6
3578006,6
3578015,6
3578031,6
3578040,6
3578056,6
3578065,6
3578081,6
3578090,6
3578106,6
3578115,6
3578131,6
3578156,6
3578165,6
3578190,6
3578206,6
3578215,6
3578231,6
3578240,6
3578256,6
3578281,6
3578290,6
3578306,6
3578315,6
3578403,6
3578411,6
3578427,6
3578436,6
3578461,6
3578477,6
3578486,6
3578502,5
3578511,5
3578527,5
3578536,5
3578552,5
3578561,5
3578577,5
3578586,5
3578602,5
3578611,5
3578627,5
3578636,5
3578652,5
3578661,5
3578677,5
3578686,5
3578702,5
3578711,5
3578727,5
3578736,5
3578752,5
3578761,5
3578777,5
3578786,5
3578802,5
3578811,5
3578827,5
3578836,5
3578852,5
3578861,1
3579011,1
3579019,1
3579027,1
3579036,1
3579052,1
3579061,1
3579077,1
3579086,1
3579128,5
3579152,5
3579177,5
3579186,5
3579202,5
3579211,5
3579227,5
3579236,1
3579252,1
3579261,1
3579269,1
3579278,1
3579286,1
3579294,1
3579311,1
3579319,1
3579344,1
3579369,1
3579377,1
3579532,5
3579548,5
3579557,5
3579573,5
3579582,5
3579598,5
3579607,5
3579615,5
3579623,5
3579632,5
3579640,5
3579648,5
3579657,5
3579665,5
3579673,5
3579682,5
3579690,5
3579698,5
3579707,5
3579715,5
3579723,5
3579732,5
3579740,5
3579748,5
3579757,5
3579765,5
3579773,5
3579782,5
3579790,5
3579798,5
3579807,5
3579823,5
3579832,5
3579840,5
3579848,5
3579857,6
3579865,6
3579873,6
3579882,6
3579890,6
3579898,6
3579907,6
3580023,2
3580032,2
3580040,2
3580048,1
3580057,1
3580065,2
3580073,2
3580082,1
3580090,1
3580098,1
3580107,1
3580115,1
3580123,1
3580132,1
3580140,1
3580148,1
3580157,1
3580165,1
3580173,1
3580190,1
3580198,1
3580207,1
3580215,1
3580223,1
3580232,1
3580240,1
3580248,1
3580257,1
3580265,1
3580273,1
3580282,1
3580290,1
3580298,1
3580307,1
3580323,1
3580332,1
3580340,1
3580348,1
3580357,1
3580365,1
3580373,1
3580382,4
3580390,1
3580398,1
3580407,1
3580415,1
3580423,1
3580432,1
3580440,1
3580448,1
3580457,1
3580465,1
3580473,1
3580482,1
3580498,1
3580507,1
3580523,1
3580532,1
3580548,1
3580557,1
3581799,1
3581808,1
3581816,1
3581824,1
3581833,1
3581841,1
3581849,1
3581858,1
3581866,1
3581874,1
3581883,1
3581891,1
3581900,1
3581908,1
3581916,1
3581924,1
3581933,1
3581941,1
3581949,1
3581958,1
3581966,1
3581974,1
3581983,1
3581991,1
3582000,1
3582008,1
3582016,5
3582024,5
3582033,5
3582049,5
3582058,5
3582066,1
3582074,1
3582083,1
3582091,5
3582224,5
3582249,0
3582258,0
3582274,0
3582283,0
3582299,0
3582308,0
3582324,0
3582333,0
3582349,0
3582358,0
3582374,0
3582383,0
3582400,0
3582408,0
3582424,0
3582433,0
3582441,0
3582450,0
3582458,0
3582474,0
3582483,0
3582499,0
3582508,0
3582524,5
3582533,5
3582541,5
3582549,5
3582558,5
3582566,5
3582574,5
3582583,5
3582591,0
3582599,0
3582608,0
3582624,0
3582633,0
3582658,0
3582674,0
3582683,0
3582699,0
3582708,0
3582724,0
3582733,0
3582741,0
3582749,0
3582758,0
3582854,0
3582870,0
3582879,0
3582887,0
3582904,0
3582912,0
3582929,0
3582937,0
3582945,0
3582979,0
3583004,0
3583029,0
3583037,0
3583129,0
3583145,0
3583154,0
3583195,0
3583204,0
3583212,0
3583229,0
3583237,0
3583245,0
3583254,0
3583270,0
3583279,0
3583295,0
3583304,0
3583329,0
3583337,0
3583345,0
3583354,0
3583362,0
3583370,0
3583379,0
3583395,0
3583404,0
3583429,0
3583445,0
3583504,0
3583512,0
3583520,0
3583529,0
3583537,0
3583545,0
3583554,0
3583570,0
3583579,0
3583595,0
3583604,0
3583620,0
3583629,0
3583637,0
3583645,0
3583654,0
3583670,0
3583679,0
3583695,0
3583703,0
3583720,0
3583729,0
3583745,0
3583754,0
3583762,0
3583770,0
3583779,0
3583795,0
3583804,0
3583820,0
3583828,0
3585005,5
3585013,5
3585030,5
3585038,5
3585055,5
3585105,4
3585121,4
3585130,4
3585138,4
3585146,4
3585154,1
3585180,1
3585205,2
3585230,2
3585238,2
3585263,2
3585279,2
3585330,1
3585363,1
3585380,1
3585405,1
3585413,5
3585429,5
3585438,5
3585454,5
3585463,5
3585479,5
3585488,5
3585505,5
3585530,5
3585538,5
3585555,5
3585563,5
3585579,5
3585604,5
3585613,1
3585629,1
3585638,1
3585646,1
3585663,1
3585679,4
3585704,1
3585721,1
3585729,5
3585738,5
3585746,5
3585754,5
3585763,5
3585779,5
3585788,5
3585804,5
3585830,5
3585854,5
3585879,5
3585904,5
3585929,5
3585938,5
3585954,5
3585979,5
3586004,5
3586029,5
3586154,5
3586163,0
3586204,0
3586213,0
3586229,0
3586238,0
3586246,0
3586254,0
3586304,0
3586329,0
3586346,0
3586363,0
3586379,0
3586404,0
3586429,0
3586438,5
3586446,5
3586454,5
3586480,5
3586504,0
3586538,0
3586546,0
3586554,0
3586563,0
3586571,0
3586580,0
3586596,0
3586604,5
3586613,5
3586621,5
3586629,5
3586638,0
3586663,0
3586671,0
3586679,0
3586688,0
3586696,0
3586704,0
3586721,0
3586729,0
3586738,0
3586746,0
3586763,0
3586771,0
3586779,4
3586788,4
3586796,4
3586805,4
3586813,4
3586821,4
3586829,4
3586838,5
3586846,5
3586854,5
3586871,4
3586879,4
3586888,4
3586896,4
3586905,4
3586913,4
3586921,4
3586929,4
3586938,4
3586946,4
3586954,4
3586971,4
3586979,4
3586988,4
3586996,4
3587005,0
3587021,0
3587030,0
3587038,0
3587046,0
3587054,0
3587063,0
3587071,0
3587079,0
3587096,0
3587104,0
3587113,5
3587121,4
3587129,1
3587138,1
3587146,1
3587163,2
3587171,2
3587179,2
3587188,1
3587196,1
3587205,1
3587213,1
3587221,1
3587229,1
3587238,1
3587246,1
3587254,1
3587263,1
3587271,1
3587279,1
3587288,1
3587296,1
3587305,1
3587313,1
3587321,1
3587329,4
3587338,1
3587346,1
3587363,1
3587371,1
3587379,4
3587388,1
3587396,1
3587405,4
3587413,1
3587421,1
3587429,1
3587438,2
3587446,2
3587454,4
3587471,4
3587479,1
3587488,1
3587496,1
3587504,1
3587513,1
3587521,1
3587530,5
3587538,1
3587546,1
3587554,1
3587563,1
3587571,1
3587579,1
3587588,1
3587596,1
3587604,1
3587621,1
3587629,1
3587638,1
3587646,1
3587663,1
3587671,1
3587679,1
3587688,1
3587696,1
3587705,1
3587721,1
3587729,2
3587738,2
3587746,2
3587754,2
3587763,1
3587771,1
3587780,4
3587788,1
3587796,1
3587804,4
3587813,1
3587821,1
3587829,1
3587838,1
3587846,1
3587863,1
3587871,1
3587879,1
3587888,1
3587896,1
3587905,1
3587913,5
3587921,5
3587929,5
3587938,5
3588096,6
3588104,6
3588113,6
3588121,6
3588129,6
3588138,6
3588146,6
3588154,6
3588163,0
3588171,0
3588179,0
3588196,0
3588204,0
3588213,0
3588229,0
3588238,0
3588246,0
3588254,0
3588263,0
3588271,0
3588279,0
3588288,0
3588296,0
3588304,0
3588313,0
3588321,0
3588329,0
3588338,0
3588346,0
3588363,0
3588371,0
3588396,0
3588413,0
3588429,0
3588438,0
3588463,0
3588521,0
3588538,0
3588546,0
3588563,0
3588571,0
3588596,0
3588604,0
3588613,0
3588621,0
3588629,0
3588638,0
3588646,0
3588654,0
3588662,0
3588671,0
3588704,0
3588713,0
3588729,0
3588738,0
3588746,0
3588754,0
3588763,0
3588771,0
3588779,0
3588804,0
3588821,0
3588829,0
3588929,5
3588971,5
3588979,5
3588987,5
3588996,0
3589004,0
3589012,0
3589021,0
3589038,0
3589046,0
3589054,0
3589062,0
3589071,0
3589079,0
3589088,0
3589096,0
3589104,0
3589112,0
3589121,0
3589129,0
3589138,0
3589146,0
3589154,0
3589171,0
3589179,0
3589187,0
3589196,0
3589204,0
3589213,0
3589221,0
3589229,0
3589237,0
3589246,0
3589254,0
3589262,0
3589271,0
3589279,0
3589287,0
3589296,0
3589312,0
3589321,0
3589329,0
3589338,0
3589346,0
3589354,4
3589362,4
3589371,4
3589379,4
3589387,4
3589396,4
3589404,4
3589412,4
3589437,4
3589446,4
3589454,4
3589479,4
3589529,4
3589579,4
3589696,0
3589704,0
3589729,0
3589746,0
3589829,0
3589837,0
3589846,0
3589854,0
3589871,0
3589879,0
3589896,0
3589904,0
3589921,0
3589929,0
3589946,0
3589971,0
3589996,0
3590004,0
3590021,0
3590029,0
3590046,0
3590071,0
3590079,4
3590096,0
3590104,0
3590121,0
3590129,0
3590146,0
3590171,0
3590204,0
3590221,0
3590229,0
3590238,0
3590246,0
3590254,0
3590271,0
3590279,0
3590304,4
3590321,4
3590329,1
3590338,1
3590346,4
3590354,4
3590379,4
3590404,4
3590412,4
3590421,4
3590429,5
3590438,5
3590454,5
3590479,5
3590504,5
3590512,5
3590521,5
3590529,5
3590537,5
3590554,5
3590562,5
3590579,5
3590587,5
3590604,5
3590629,5
3590654,5
3590662,5
3590679,5
3590687,5
3590704,5
3590712,1
3590729,1
3590737,1
3590754,1
3590762,1
3590779,1
3590804,5
3590812,5
3590829,5
3590837,6
3590854,6
3590862,6
3590879,6
3590887,1
3590904,1
3590929,1
3590938,1
3590946,1
3590954,5
3591104,5
3591121,0
3591129,0
3591137,0
3591154,0
3591162,0
3591179,0
3591187,0
3591237,0
3591246,0
3591254,0
3591262,0
3591279,0
3591287,0
3591304,0
3591312,0
3591321,0
3591329,0
3591337,0
3591346,0
3591354,0
3591362,0
3591379,0
3591404,0
3591412,0
3591429,0
3591437,0
3591446,0
3591454,0
3591462,0
3591471,0
3591479,0
3591496,0
3591504,0
3591512,0
3591529,0
3591537,0
3591546,0
3591554,0
3591562,0
3591571,0
3591579,0
3591587,0
3591596,0
3591604,0
3591612,0
3591621,0
3591629,0
3591637,0
3591654,0
3591662,0
3591671,0
3591679,0
3591687,0
3591704,0
3591712,0
3591721,0
3591729,0
3591737,0
3591746,0
3591754,0
3591762,0
3591771,0
3591779,0
3591787,0
3591796,0
3591804,0
3591812,0
3591821,0
3591829,0
3591837,0
3591846,0
3591854,0
3591862,0
3591871,0
3591879,0
3591887,0
3591896,0
3591904,0
3591912,0
3591921,0
3591929,0
3591937,0
3591946,0
3591954,0
3591971,0
3591979,0
3591987,0
3591996,0
3592004,0
3592012,0
3592021,0
3592029,0
3592037,0
3592046,0
3592054,0
3592062,0
3592071,0
3592079,0
3592104,0
3592229,5
3592237,5
3592254,5
3592262,0
3592279,0
3592287,0
3592312,0
3592321,0
3592329,0
3592337,0
3592346,0
3592354,0
3592362,0
3592387,0
3592395,0
3592412,0
3592421,0
3592429,5
3592437,0
3592446,0
3592454,0
3592462,0
3592470,0
3592479,0
3592487,0
3592495,0
3592504,0
3592512,0
3592521,0
3592529,0
3592537,0
3592545,0
3592554,0
3592562,0
3592571,0
3592579,0
3592587,0
3592595,0
3592604,0
3592612,0
3592621,0
3592637,0
3592696,0
3592712,0
3592721,0
3592729,0
3592737,0
3592762,0
3592771,0
3592787,0
3592796,0
3592812,0
3592820,0
3592829,0
3592837,0
3592854,0
3592871,0
3592879,0
3592887,0
3592895,0
3592904,0
3592912,0
3592921,0
3592929,0
3592945,0
3592971,0
3592979,0
3592987,0
3592995,0
3593004,0
3593012,0
3593021,0
3593029,0
3593037,0
3593045,0
3593071,0
3593079,0
3593096,0
3593104,0
3593112,0
3593120,0
3593129,0
3593137,0
3593145,0
3593163,0
3593171,0
3593179,0
3593229,5
3593329,0
3593337,0
3593345,0
3593362,0
3593379,0
3593404,0
3593412,0
3593420,0
3593429,0
3593437,0
3593445,0
3593454,0
3593462,0
3593471,0
3593479,0
3593487,0
3593496,0
3593504,0
3593512,0
3593520,0
3593529,0
3593537,0
3593545,0
3593554,0
3593562,0
3593570,0
3593579,0
3593595,0
3593604,0
3593612,0
3593620,0
3593629,0
3593637,0
3593645,0
3593662,0
3593670,0
3593679,0
3593695,0
3593704,0
3593712,0
3593720,0
3593729,0
3593737,0
3593745,0
3593762,0
3593770,0
3593779,0
3593795,0
3593804,0
3593812,0
3593820,0
3593829,0
3593837,0
3593845,0
3593862,0
3593870,0
3593879,0
3593895,0
3593904,0
3593912,0
3593920,0
3593929,0
3593937,0
3593945,0
3593954,0
3593962,0
3593970,0
3593979,0
3593987,0
3593995,0
3594004,0
3594012,0
3594020,0
3594029,0
3594037,0
3594045,0
3594054,0
3594062,0
3594071,0
3594079,0
3594087,0
3594095,0
3594104,0
3594112,0
3594120,0
3594129,0
3594137,0
3594145,0
3594154,0
3594162,0
3594170,0
3594179,0
3594187,0
3594195,0
3594204,0
3594220,0
3594262,0
3594270,0
3594279,0
3594287,0
3594295,0
3594304,0
3594312,0
3594320,0
3594329,0
3594337,0
3594345,0
3594354,0
3594362,0
3594370,0
3594379,0
3594387,0
3594396,0
3594404,0
3594412,0
3594420,0
3594429,0
3594445,0
3594462,0
3594470,0
3594479,0
3594487,0
3594495,0
3594504,0
3594512,0
3594520,0
3594529,0
3594695,0
3594704,0
3594712,0
3594720,0
3594729,0
3594737,0
3594745,0
3594754,0
3594770,0
3594779,0
3594787,0
3594796,0
3594804,0
3594812,0
3594820,0
3594829,0
3594837,0
3594845,0
3594854,0
3594862,0
3594870,0
3594879,0
3594887,0
3594895,0
3594904,0
3594912,0
3594920,0
3594929,0
3594937,0
3594945,0
3594954,0
3594962,0
3594970,0
3594979,0
3594987,0
3594995,0
3595004,0
3595012,0
3595020,0
3595029,0
3595037,0
3595045,0
3595054,0
3595062,0
3595070,0
3595079,5
3595087,5
3595095,5
3595104,5
3595112,5
3595120,5
3595129,5
3595137,5
3595145,5
3595154,5
3595162,5
3595170,5
3595179,5
3595187,5
3595195,1
3595204,1
3595212,1
3595220,1
3595229,1
3595237,5
3595245,5
3595254,5
3595262,5
3595270,5
3595279,5
3595287,5
3595295,5
3595304,5
3595312,5
3595320,5
3595329,5
3595337,5
3595345,5
3595354,5
3595362,5
3595370,5
3595379,5
3595387,5
3595395,5
3595404,5
3595412,5
3595420,6
3595429,6
3595437,6
3595445,6
3595454,6
3595462,6
3595470,6
3595479,6
3595487,6
3595495,6
3595504,6
3595512,6
3595520,6
3595529,6
3595537,2
3595545,2
3595562,1
3595570,1
3595579,1
3595595,1
3595604,1
3595612,1
3595620,1
3595629,4
3595637,1
3595645,1
3595654,1
3595662,1
3595670,1
3595679,1
3595695,1
3595704,4
3595712,6
3595720,6
3595729,6
3595737,6
3595745,6
3595754,6
3595762,6
3595770,6
3595779,6
3595787,1
3595795,1
3595804,1
3595812,1
3595820,1
3595829,2
3595837,2
3595845,2
3595854,2
3595862,2
3595870,2
3595879,2
3595895,2
3595904,2
3595920,2
3595929,4
3595937,6
3595945,6
3595954,4
3595962,6
3595970,6
3595979,4
3595987,1
3595995,1
3596004,1
3596012,1
3596020,1
3596029,1
3596037,1
3596045,1
3596054,1
3596062,1
3596070,1
3596079,1
3596087,1
3596095,1
3596103,5
3596112,1
3596120,1
3596129,5
3596137,5
3596145,5
3596154,5
3596162,5
3596170,5
3596179,5
3596187,1
3596195,1
3596204,1
3596212,1
3596220,1
3596229,1
3596237,1
3596245,1
3596254,1
3596262,1
3596270,1
3596279,1
3596295,1
3596304,1
3596312,1
3596320,1
3596329,1
3596337,1
3596345,1
3596354,1
3596362,1
3596370,1
3596378,1
3596387,1
3596395,1
3596404,1
3596412,1
3596420,1
3596429,1
3596437,1
3596445,1
3596453,1
3596462,1
3596470,1
3596478,1
3596562,1
3596570,2
3596578,2
3596587,2
3596595,2
3596604,2
3596612,3
3596620,3
3596629,3
3596645,3
3596653,3
3596662,3
3596670,3
3596679,3
3596687,4
3596703,4
3596712,3
3596720,3
3596728,3
3596737,3
3596753,2
3596762,2
3596770,2
3596778,2
3596803,3
3596812,3
3596820,3
3596829,3
3596837,3
3596853,3
3596862,3
3596878,4
3596904,3
3596912,3
3596928,3
3596937,3
3596954,3
3596962,2
3596978,2
3597004,2
3597012,2
3597028,2
3597037,2
3597045,2
3597053,2
3597062,2
3597070,2
3597078,2
3597087,2
3597103,2
3597112,2
3597120,2
3597128,3
3597137,3
3597153,4
3597162,3
3597178,3
3597187,3
3597195,3
3597203,3
3597212,3
3597228,3
3597237,3
3597245,3
3597253,4
3597262,2
3597270,2
3597278,2
3597287,2
3597295,2
3597304,2
3597312,2
3597320,2
3597328,2
3597337,2
3597345,2
3597353,2
3597362,2
3597370,2
3597378,3
3597387,3
3597395,3
3597404,3
3597412,2
3597420,2
3597429,2
3597437,2
3597445,2
3597453,2
3597462,2
3597470,2
3597478,2
3597487,2
3597495,2
3597503,2
3597512,2
3597520,2
3597528,2
3597537,2
3597545,2
3597553,2
3597562,2
3597570,2
3597578,2
3597595,2
3597603,2
3597612,2
3597678,4
3597703,4
3597737,4
3597745,4
3597753,2
3597762,2
3597770,2
3597778,2
3597787,2
3597795,2
3597803,2
3597812,2
3597820,2
3597828,2
3597837,2
3597845,2
3598003,5
3598020,5
3598028,5
3598045,0
3598053,0
3598062,0
3598070,0
3598078,0
3598103,0
3598112,0
3598120,0
3598137,0
3598145,0
3598153,0
3598162,0
3598170,0
3598178,0
3598187,0
3598195,0
3598203,0
3598212,0
3598220,0
3598228,0
3598237,0
3598245,0
3598253,0
3598262,0
3598270,0
3598278,0
3598287,0
3598295,0
3598312,0
3598320,0
3598328,0
3598337,0
3598345,0
3598353,0
3598362,0
3598370,0
3598378,0
3598387,0
3598395,0
3598403,0
3598412,0
3598420,0
3598429,0
3598437,0
3598445,0
3598453,0
3598462,0
3598470,0
3598478,0
3598487,0
3598495,0
3598503,0
3598512,0
3598520,0
3598528,0
3598537,0
3598545,0
3598562,0
3598570,0
3598595,0
3598603,0
3598612,0
3598620,0
3598628,0
3598637,0
3598645,0
3598662,0
3598670,0
3598678,0
3598695,0
3598703,0
3598712,0
3598720,0
3598728,0
3598737,0
3598745,0
3598762,0
3598770,0
3598778,0
3598795,0
3598803,0
3598812,0
3598820,0
3598828,0
3598837,0
3598845,0
3598853,0
3598862,0
3598870,0
3598878,0
3598895,0
3598903,0
3598912,0
3598920,0
3598928,0
3598937,0
3598945,0
3598953,0
3598962,0
3598970,0
3598978,0
3598987,0
3598995,0
3599028,4
3599153,3
3599162,3
3599170,2
3599178,1
3599187,1
3599195,1
3599203,5
3599212,1
3599220,1
3599228,1
3599237,1
3599245,1
3599254,1
3599262,1
3599270,1
3599278,1
3599287,1
3599295,1
3599303,1
3599312,1
3599320,1
3599328,1
3599337,1
3599345,1
3599353,1
3599370,1
3599378,1
3599387,1
3599395,1
3599403,5
3599412,1
3599420,1
3599428,1
3599437,1
3599445,1
3599453,1
3599470,1
3599478,2
3599495,2
3599503,2
3599512,2
3599520,2
3599528,2
3599537,2
3599545,2
3599553,2
3599570,2
3599578,2
3599587,2
3599595,2
3599603,2
3599612,3
3599620,3
3599628,3
3599637,3
3599645,3
3599653,1
3599662,1
3599670,1
3599678,1
3599687,1
3599695,1
3599704,1
3599712,1
3599720,1
3599728,1
3599737,1
3599745,1
3599762,1
3599770,5
3599778,5
3599795,0
3599803,0
3599811,0
3599820,0
3599828,0
3599837,0
3599845,0
3599853,0
3599862,0
3599870,0
3599878,0
3599887,0
3599895,5
3599903,5
3599912,5
3599920,0
3599928,0
3599937,0
3599945,0
3599953,0
3599962,0
3599970,0
3599978,0
3600003,0
3600012,0
3600020,0
3600028,0
3600037,0
3600045,0
3600053,0
3600070,0
3600078,0
3600095,0
3600103,0
3600120,0
3600128,0
3600137,0
3600145,0
3600161,0
3600170,0
3600178,0
3600195,0
3600203,0
3600211,0
3600245,0
3600261,0
3600270,0
3600278,0
3600286,0
3600295,0
3600303,0
3600311,0
3600320,0
3600328,0
3600345,0
3600353,0
3600361,5
3600370,5
3600378,5
3600386,5
3600395,5
3600403,5
3600411,5
3600420,5
3600428,5
3600436,5
3600445,5
3600453,5
3600462,5
3600470,5
3600478,5
3600486,5
3600495,5
3600503,5
3600511,5
3600520,5
3600528,5
3600545,1
3600553,1
3600570,1
3600578,1
3600595,2
3600603,2
3600620,2
3600628,2
3600653,2
3600670,2
3600678,2
3600695,2
3600703,2
3600711,2
3600720,2
3600728,2
3600745,2
3600753,2
3600770,2
3600778,2
3600803,2
3600828,2
3600853,2
3600878,2
3600886,2
3600903,2
3600920,2
3600953,2
3600978,2
3600986,2
3601003,2
3601011,2
3601020,2
3601028,2
3601036,2
3601053,2
3601061,2
3601078,2
3601086,2
3601103,2
3601111,3
3601128,3
3601136,3
3601153,3
3601162,2
3601178,2
3601195,2
3601203,3
3601211,3
3601220,3
3601228,3
3601236,3
3601245,3
3601253,3
3601261,2
3601270,2
3601278,2
3601295,2
3601303,2
3601311,3
3601320,3
3601328,3
3601336,3
3601345,3
3601353,3
3601370,3
3601378,3
3601395,3
3601403,3
3601411,2
3601420,2
3601428,2
3601436,2
3601445,2
3601453,3
3601461,3
3601470,3
3601478,3
3601486,3
3601495,3
3601503,3
3601511,3
3601520,3
3601528,3
3601536,3
3601545,3
3601553,3
3601561,3
3601570,3
3601578,4
3601586,3
3601595,3
3601603,3
3601611,3
3601620,3
3601628,3
3601636,3
3601645,3
3601653,3
3601661,3
3601670,3
3601678,3
3601686,3
3601695,3
3601703,4
3601711,3
3601720,3
3601728,3
3601736,3
3601745,3
3601753,3
3601761,3
3601770,3
3601778,3
3601786,3
3601795,3
3601803,3
3601811,3
3601820,3
3601828,4
3601836,3
3601845,3
3601853,3
3601861,4
3601928,4
3602003,4
3602011,1
3602020,1
3602028,1
3602036,1
3602045,1
3602053,2
3602061,2
3602070,2
3602095,2
3602111,2
3602120,2
3602136,2
3602145,2
3602153,2
3602170,2
3602178,2
3602186,2
3602203,2
3602211,2
3602228,2
3602236,2
3602370,1
3602378,4
3602403,5
3602411,5
3602428,5
3602436,5
3602453,5
3602461,5
3602470,0
3602478,0
3602486,0
3602495,0
3602503,0
3602511,0
3602520,0
3602528,0
3602536,0
3602545,0
3602553,0
3602561,0
3602570,0
3602578,0
3602586,0
3602595,0
3602603,0
3602611,0
3602628,0
3602653,0
3602661,0
3602678,0
3602686,0
3602695,0
3602703,0
3602711,0
3602720,0
3602728,0
3602745,0
3602753,0
3602761,0
3602770,0
3602778,0
3602786,0
3602795,0
3602803,0
3602811,0
3602820,0
3602828,0
3602836,0
3602845,0
3602861,0
3602870,0
3602878,0
3602886,0
3602895,0
3602903,0
3602978,0
3602986,0
3602995,0
3603003,0
3603028,0
3603061,0
3603078,5
3603086,5
3603103,5
3603111,5
3603128,5
3603136,5
3603178,5
3603186,5
3603203,5
3603211,5
3603228,5
3603236,0
3603253,0
3603278,0
3603286,0
3603303,0
3603311,0
3603328,0
3603336,0
3603353,0
3603386,4
3603524,4
3603541,0
3603549,0
3603566,0
3603574,0
3603591,5
3603599,5
3603616,5
3603766,5
3603774,4
3603791,4
3603799,4
3603816,4
3603833,0
3603841,0
3603858,0
3603866,0
3603874,0
3603883,0
3603891,0
3603899,0
3603908,0
3603916,0
3603924,0
3603941,0
3603974,0
3603991,0
3604008,0
3604016,0
3604024,0
3604041,0
3604049,0
3604058,0
3604066,0
3604099,0
3604108,0
3604149,0
3604183,0
3604191,0
3604200,0
3604208,0
3604216,0
3604241,0
3604274,0
3604291,0
3604333,0
3604341,0
3604349,0
3604358,0
3604366,0
3604374,5
3604383,1
3604391,1
3604399,3
3604408,3
3604416,3
3604424,3
3604432,3
3604441,3
3604458,3
3604466,3
3604483,3
3604491,3
3604508,3
3604516,3
3604532,3
3604541,3
3604557,3
3604566,4
3604574,4
3604583,4
3604591,4
3604599,3
3604607,3
3604616,3
3604624,3
3604632,3
3604641,3
3604658,3
3604666,3
3604674,3
3604682,3
3604691,4
3604699,3
3604707,3
3604716,3
3604724,3
3604732,3
3604741,3
3604749,3
3604758,3
3604766,3
3604774,3
3604791,4
3604799,3
3604807,3
3604816,3
3604824,3
3604832,3
3604841,3
3604849,3
3604857,3
3604866,3
3604874,3
3604882,3
3604891,3
3604899,3
3604916,4
3604924,4
3604941,4
3604949,3
3604966,3
3604974,3
3604991,3
3604999,3
3605007,3
3605016,3
3605024,3
3605032,3
3605041,3
3605049,3
3605057,3
3605066,3
3605074,3
3605082,3
3605091,4
3605099,3
3605107,3
3605116,3
3605132,3
3605141,3
3605149,3
3605158,3
3605166,4
3605174,4
3605216,4
3605274,6
3605282,6
3605291,0
3605299,0
3605308,0
3605316,0
3605324,0
3605341,0
3605349,0
3605357,0
3605366,0
3605374,0
3605391,0
3605399,0
3605407,0
3605416,0
3605424,0
3605432,0
3605441,0
3605449,0
3605457,0
3605466,0
3605474,0
3605482,0
3605491,0
3605499,0
3605507,0
3605516,0
3605524,0
3605532,0
3605541,0
3605657,0
3605666,0
3605682,0
3605691,0
3605699,0
3605724,0
3605749,0
3605757,0
3605774,0
3605782,0
3605791,0
3605799,0
3605807,0
3605816,0
3605824,0
3605832,0
3605841,0
3605849,0
3605857,0
3605866,0
3605874,0
3605882,0
3605891,0
3605899,0
3605907,0
3605916,0
3605924,0
3605932,0
3605957,0
3605966,4
3605999,4
3606007,4
3606016,4
3606032,0
3606049,0
3606057,0
3606074,0
3606082,0
3606099,0
3606107,0
3606116,0
3606124,0
3606132,0
3606141,0
3606166,0
3606174,0
3606191,0
3606216,0
3606224,0
3606232,0
3606241,0
3606249,0
3606257,0
3606266,5
3606282,5
3606299,5
3606316,5
3606341,5
3606441,5
3606574,0
3606582,0
3606591,0
3606641,0
3606649,0
3606657,0
3606666,0
3606674,0
3606691,0
3606699,0
3606816,5
3606916,5
3606941,5
3606949,1
3606966,1
3606974,1
3606982,1
3606991,1
3606999,1
3607016,5
3607049,5
3607074,1
3607082,1
3607099,1
3607107,2
3607116,2
3607132,2
3607141,2
3607157,2
3607166,2
3607174,2
3607191,2
3607199,2
3607216,2
3607241,2
3607257,2
3607266,3
3607274,3
3607282,3
3607291,3
3607307,3
3607316,3
3607332,3
3607341,3
3607357,3
3607366,2
3607374,2
3607382,2
3607391,2
3607399,2
3607407,2
3607416,1
3607432,2
3607441,2
3607457,2
3607466,2
3607482,2
3607491,2
3607499,2
3607507,2
3607516,2
3607532,2
3607541,2
3607557,2
3607566,2
3607591,2
3607616,2
3607641,2
3607657,2
3607666,2
3607674,2
3607682,2
3607691,2
3607699,2
3607707,2
3607716,3
3607732,3
3607741,3
3607749,2
3607757,2
3607766,1
3607774,1
3607782,1
3607791,1
3607799,1
3607807,1
3607816,2
3607832,2
3607841,2
3607849,2
3607857,2
3607866,2
3607874,2
3607882,2
3607891,2
3607899,2
3607908,2
3607916,2
3607932,2
3607941,2
3607957,2
3607966,2
3607982,2
3607991,2
3608007,2
3608015,2
3608024,2
3608032,2
3608041,2
3608049,2
3608057,2
3608066,3
3608074,3
3608082,3
3608091,3
3608107,3
3608115,3
3608124,3
3608132,3
3608141,3
3608149,3
3608157,3
3608166,3
3608174,3
3608182,3
3608190,3
3608199,3
3608207,3
3608215,3
3608232,3
3608240,3
3608249,3
3608257,3
3608266,4
3608274,3
3608282,3
3608290,4
3608307,4
3608316,4
3608332,3
3608341,3
3608349,3
3608357,3
3608366,4
3608374,3
3608382,3
3608391,4
3608399,3
3608407,3
3608415,3
3608424,3
3608432,3
3608582,5
3608590,5
3608607,0
3608616,0
3608632,0
3608640,0
3608649,0
3608657,0
3608665,0
3608674,0
3608682,0
3608690,0
3608707,0
3608715,0
3608724,0
3608732,0
3608740,0
3608749,0
3608757,0
3608765,0
3608774,0
3608782,0
3608790,0
3608799,0
3608807,0
3608815,0
3608824,0
3608832,0
3608840,0
3608849,0
3608857,0
3608865,0
3608874,0
3608882,0
3608890,0
3608899,0
3608907,0
3608915,0
3608924,0
3608932,0
3608940,0
3608949,0
3608957,0
3608966,0
3608974,0
3608982,0
3608990,0
3608999,0
3609007,0
3609015,0
3609024,0
3609032,0
3609040,0
3609049,0
3609057,0
3609065,0
3609074,0
3609115,0
3609124,0
3609132,0
3609140,0
3609149,0
3609166,0
3609174,0
3609190,0
3609199,0
3609215,0
3609224,0
3609240,0
3609249,0
3609307,0
3609324,0
3609340,5
3609366,5
3609374,0
3609382,0
3609390,0
3609399,0
3609407,0
3609415,0
3609424,0
3609440,0
3609449,0
3609457,0
3609465,0
3609474,0
3609482,0
3609499,0
3609507,0
3609515,0
3609524,0
3609532,0
3609540,0
3609549,0
3609557,0
3609565,0
3609574,0
3609582,0
3609590,0
3609624,0
3609640,0
3609649,0
3609665,0
3609699,0
3609707,0
3609715,0
3609724,0
3609732,0
3609740,5
3609757,4
3609940,4
3609949,4
3609965,4
3609974,4
3609990,4
3609999,3
3610007,3
3610015,3
3610024,3
3610032,3
3610040,3
3610049,3
3610057,3
3610066,3
3610074,3
3610082,3
3610090,3
3610099,3
3610115,3
3610124,3
3610132,3
3610141,3
3610149,3
3610165,3
3610174,3
3610182,3
3610190,3
3610199,3
3610207,3
3610215,3
3610224,3
3610232,3
3610240,3
3610249,3
3610257,3
3610265,3
3610274,3
3610282,3
3610290,3
3610299,3
3610307,3
3610315,3
3610332,3
3610340,3
3610349,3
3610357,3
3610365,3
3610374,3
3610382,3
3610399,3
3610407,3
3610415,4
3610424,3
3610432,3
3610440,3
3610449,3
3610465,3
3610474,3
3610482,3
3610490,2
3610499,2
3610507,2
3610515,2
3610532,2
3610540,2
3610549,2
3610557,2
3610565,2
3610574,3
3610582,3
3610607,3
3610615,3
3610624,3
3610632,3
3610640,3
3610649,3
3610657,3
3610665,3
3610674,3
3610682,3
3610690,3
3610699,3
3610707,3
3610715,3
3610732,3
3610740,3
3610749,3
3610757,3
3610765,3
3610774,3
3610782,3
3610790,3
3610807,3
3610840,4
3610865,5
3610915,5
3610932,5
3610940,5
3610949,0
3610957,0
3610965,0
3610974,0
3610982,0
3610990,0
3610999,0
3611007,0
3611015,5
3611032,0
3611040,0
3611049,0
3611057,0
3611065,5
3611082,0
3611099,0
3611107,0
3611115,0
3611124,0
3611132,0
3611140,0
3611149,0
3611157,0
3611165,0
3611174,0
3611182,0
3611199,0
3611207,0
3611215,0
3611224,0
3611232,0
3611240,0
3611249,0
3611257,0
3611282,0
3611290,0
3611299,0
3611307,0
3611315,0
3611324,0
3611332,0
3611340,0
3611349,0
3611365,0
3611374,0
3611382,0
3611390,0
3611432,0
3611440,0
3611449,0
3611465,0
3611474,0
3611507,0
3611515,0
3611524,0
3611540,0
3611557,0
3611565,0
3611574,0
3611582,0
3611615,5
3611715,5
3611740,5
3611748,5
3611757,5
3611782,5
3611815,5
3611832,0
3611840,0
3611857,0
3611865,0
3611882,0
3611890,0
3611907,0
3611915,0
3611932,0
3611940,0
3611949,0
3611957,0
3611965,0
3611982,0
3611990,0
3611999,0
3612007,0
3612015,0
3612023,0
3612032,0
3612040,0
3612048,0
3612057,0
3612082,0
3612090,0
3612099,0
3612107,0
3612115,0
3612123,0
3612132,0
3612140,0
3612157,0
3612165,0
3612190,0
3612207,0
3612215,0
3612232,0
3612240,0
3612257,0
3612265,0
3612282,0
3612290,0
3612307,0
3612315,0
3612332,0
3612340,0
3612357,0
3612365,0
3612382,0
3612390,0
3612398,0
3612440,0
3612457,0
3612465,0
3612490,0
3612498,0
3612507,0
3612515,0
3612524,0
3612540,0
3612548,0
3612574,0
3612665,4
3612690,4
3612707,0
3612715,0
3612723,0
3612732,0
3612740,0
3612790,0
3612840,0
3612873,0
3612882,0
3612907,0
3612915,0
3612923,0
3612940,0
3612948,0
3612965,0
3613015,0
3613040,0
3613073,0
3613082,0
3613090,0
3613107,0
3613115,0
3613132,0
3613140,0
3613157,0
3613165,0
3613173,0
3613190,0
3613207,0
3613215,0
3613232,0
3613240,0
3613249,0
3613257,0
3613282,0
3613290,0
3613307,0
3613315,0
3613332,0
3613340,0
3613348,0
3613357,0
3613365,0
3613373,0
3613382,0
3613390,0
3613407,0
3613415,0
3613432,0
3613440,0
3613448,0
3613457,0
3613465,0
3613473,0
3613482,0
3613490,0
3613507,0
3613515,0
3613532,0
3613540,0
3613557,0
3613565,0
3613573,0
3613582,0
3613590,0
3613607,0
3613615,0
3613623,0
3613648,0
3613657,0
3613665,0
3613673,0
3613682,0
3613690,0
3613749,0
3613765,0
3613782,0
3613790,0
3613815,0
3613823,0
3613832,0
3613953,0
3613978,0
3613994,0
3614003,0
3614028,0
3614044,0
3614053,0
3614061,0
3614069,0
3614078,0
3614119,0
3614128,0
3614244,6
3614253,6
3614261,0
3614269,0
3614278,0
3614286,0
3614303,0
3614311,0
3614336,0
3614353,0
3614361,0
3614378,0
3614386,0
3614394,0
3614403,0
3614411,0
3614428,0
3614453,0
3614486,0
3614494,0
3614503,0
3614511,0
3614528,0
3614544,0
3614553,0
3614594,0
3614603,0
3614611,0
3614619,0
3614628,0
3614686,1
3614703,1
3614711,1
3614719,5
3614728,5
3614736,1
3614744,1
3614753,1
3614761,1
3614769,1
3614778,1
3614786,1
3614794,1
3614803,1
3614811,1
3614819,1
3614828,5
3614836,1
3614844,1
3614853,1
3614861,1
3614869,1
3614877,1
3614886,1
3614894,1
3614903,1
3614911,1
3614919,1
3614928,1
3614936,1
3614944,1
3614952,1
3614961,1
3614969,1
3614978,5
3614986,1
3614994,1
3615002,1
3615011,1
3615019,1
3615027,1
3615036,1
3615044,1
3615052,5
3615061,1
3615069,1
3615077,5
3615086,1
3615094,1
3615102,1
3615111,1
3615127,1
3615136,1
3615144,1
3615152,4
3615161,6
3615169,6
3615177,6
3615186,6
3615202,6
3615211,6
3615227,6
3615236,6
3615252,4
3615261,1
3615277,1
3615286,6
3615302,6
3615311,6
3615328,6
3615336,6
3615352,6
3615361,6
3615378,6
3615386,6
3615402,6
3615411,6
3615427,6
3615436,6
3615452,6
3615477,2
3615486,2
3615502,2
3615511,2
3615528,2
3615536,2
3615552,2
3615561,2
3615578,2
3615586,2
3615602,2
3615611,2
3615627,2
3615636,2
3615653,2
3615661,2
3615677,2
3615686,2
3615702,2
3615711,2
3615727,2
3615736,2
3615752,2
3615877,2
3615911,2
3615927,2
3615936,2
3615952,2
3615961,2
3615977,2
3615986,1
3616002,1
3616011,1
3616027,1
3616052,1
3616077,1
3616086,1
3616102,1
3616111,1
3616128,1
3616152,1
3616161,1
3616177,5
3616202,5
3616227,1
3616252,1
3616277,1
3616286,1
3616302,1
3616311,1
3616327,1
3616352,1
3616377,1
3616386,1
3616402,1
3616411,1
3616419,1
3616436,1
3616444,1
3616452,1
3616469,1
3616477,1
3616486,1
3616494,1
3616502,5
3616511,5
3616519,1
3616528,1
3616536,1
3616544,1
3616552,1
3616561,1
3616569,1
3616577,1
3616586,1
3616594,1
3616602,4
3616611,1
3616619,1
3616627,1
3616644,1
3616652,1
3616669,1
3616677,1
3616694,1
3616702,1
3616719,1
3616727,1
3616736,1
3616744,1
3616752,5
3616769,1
3616777,1
3616786,1
3616794,1
3616802,1
3616811,1
3616819,1
3616827,1
3616836,1
3616844,1
3616852,1
3616861,1
3616869,1
3616877,1
3616886,1
3616894,1
3616902,1
3616911,1
3616919,1
3616927,1
3616936,1
3616944,1
3616952,5
3616969,5
3616977,5
3616986,1
3616994,1
3617002,1
3617011,1
3617019,1
3617027,1
3617036,1
3617044,1
3617052,1
3617061,1
3617069,1
3617077,1
3617086,1
3617094,1
3617102,1
3617111,1
3617119,1
3617127,1
3617136,1
3617144,1
3617152,1
3617169,1
3617177,4
3617186,1
3617194,1
3617211,1
3617219,1
3617236,1
3617244,1
3617252,1
3617261,1
3617269,1
3617277,5
3617294,1
3617302,1
3617319,1
3617327,1
3617336,1
3617344,2
3617352,2
3617361,2
3617369,2
3617386,2
3617394,2
3617411,2
3617419,2
3617436,2
3617444,2
3617452,2
3617469,2
3617477,2
3617486,2
3617494,2
3617502,2
3617511,2
3617519,2
3617527,2
3617536,2
3617544,2
3617552,2
3617561,6
3617569,6
3617577,6
3617586,2
3617594,2
3617602,2
3617611,2
3617619,2
3617636,2
3617644,2
3617661,2
3617669,2
3617686,2
3617694,2
3617702,2
3617711,2
3617719,2
3617727,2
3617736,2
3617744,2
3617752,2
3617761,2
3617769,2
3617777,2
3617802,2
3617811,2
3617819,2
3617827,2
3617836,3
3617844,3
3617852,3
3617861,3
3617869,3
3617877,3
3617886,3
3617894,3
3617902,3
3617911,3
3617919,3
3617927,3
3617936,3
3617944,3
3617952,3
3617961,3
3617969,3
3617977,3
3617986,3
3617994,3
3618002,3
3618011,3
3618019,3
3618027,3
3618036,3
3618044,3
3618052,3
3618061,3
3618069,3
3618077,4
3618086,3
3618094,3
3618102,3
3618111,3
3618119,3
3618127,3
3618136,3
3618144,3
3618152,3
3618161,3
3618169,3
3618177,3
3618186,3
3618194,3
3618202,3
3618211,3
3618219,3
3618227,3
3618236,3
3618244,3
3618252,3
3618269,3
3618277,3
3618286,3
3618294,3
3618302,4
3618311,3
3618319,3
3618327,3
3618336,3
3618344,3
3618352,3
3618361,3
3618369,3
3618377,3
3618386,3
3618394,3
3618402,3
3618410,3
3618419,3
3618427,3
3618444,3
3618452,2
3618461,2
3618469,1
3618477,5
3618486,5
3618494,5
3618502,5
3618511,5
3618519,5
3618527,5
3618535,5
3618544,5
3618552,5
3618561,5
3618577,5
3618669,4
3618677,4
3618694,6
3618702,6
3618719,6
3618727,6
3618735,0
3618744,0
3618752,0
3618769,6
3618777,6
3618786,6
3618794,6
3618802,6
3618811,6
3618819,6
3618827,6
3618835,6
3618844,6
3618852,6
3618869,6
3618877,6
3618885,6
3618894,6
3618902,6
3618910,6
3618919,6
3618927,6
3618944,6
3619069,5
3619077,5
3619085,5
3619094,5
3619102,5
3619110,5
3619119,5
3619127,5
3619135,5
3619144,5
3619152,5
