3707006,5
3707014,5
3707023,5
3707031,5
3707039,5
3707048,5
3707056,5
3707064,5
3707072,5
3707081,5
3707089,5
3707097,5
3707106,5
3707114,5
3707123,5
3707131,5
3707139,5
3707148,5
3707156,5
3707164,5
3707173,5
3707181,5
3707189,5
3707198,5
3707206,5
3707214,5
3707223,5
3707231,5
3707239,5
3707248,5
3707256,5
3707264,5
3707272,5
3707281,5
3707289,5
3707298,5
3707306,5
3707314,5
3707323,5
3707331,5
3707339,5
3707348,5
3707356,5
3707364,5
3707373,5
3707381,5
3707389,5
3707398,5
3707406,5
3707414,5
3707423,5
3707431,5
3707439,5
3707447,5
3707456,5
3707464,5
3707472,5
3707481,5
3707489,5
3707498,5
3707514,5
3707523,5
3707531,5
3707539,5
3707548,5
3707556,5
3707564,5
3707572,5
3707581,5
3707589,5
3707598,5
3707606,5
3707614,5
3707622,5
3707631,5
3707639,5
3707648,5
3707656,5
3707664,5
3707673,5
3707681,5
3707689,5
3707697,5
3707706,5
3707714,5
3707723,5
3707731,5
3707739,5
3707747,5
3707756,0
3707764,0
3707772,0
3707781,0
3707789,0
3707798,0
3707806,0
3707814,0
3707822,0
3707831,0
3707839,0
3707848,0
3707856,0
3707864,0
3707873,0
3707881,0
3707889,0
3707897,0
3707906,0
3707914,0
3707922,0
3707931,0
3707939,0
3707948,0
3707956,0
3707964,0
3707972,0
3707981,0
3707989,0
3707997,0
3708006,0
3708014,0
3708022,0
3708031,0
3708039,0
3708048,0
3708056,0
3708064,0
3708073,5
3708081,5
3708089,1
3708097,1
3708106,1
3708114,1
3708122,1
3708131,1
3708139,1
3708147,1
3708156,1
3708164,1
3708172,1
3708181,1
3708189,1
3708197,1
3708206,1
3708214,1
3708222,1
3708231,1
3708239,1
3708247,1
3708256,1
3708264,1
3708272,1
3708281,1
3708289,1
3708297,1
3708306,1
3708314,1
3708322,1
3708331,1
3708339,1
3708347,1
3708356,6
3708364,6
3708372,6
3708381,6
3708389,6
3708397,6
3708406,6
3708414,6
3708422,6
3708431,6
3708439,6
3708447,6
3708456,6
3708464,6
3708472,6
3708481,6
3708489,6
3708497,6
3708506,6
3708514,6
3708522,6
3708531,6
3708539,6
3708547,6
3708556,6
3708564,6
3708572,6
3708581,6
3708589,6
3708597,6
3708614,6
3708622,6
3708631,6
3708639,6
3708647,6
3708656,6
3708664,6
3708672,6
3708681,6
3708689,6
3708697,6
3708714,6
3708722,6
3708731,6
3708739,6
3708747,6
3708756,6
3708764,6
3708772,6
3708781,6
3708789,6
3708798,6
3708806,6
3708814,6
3708822,6
3708831,6
3708839,6
3708847,6
3708856,6
3708864,6
3708872,6
3708881,6
3708889,6
3708897,6
3708906,5
3708914,5
3708922,5
3708931,5
3708939,5
3708947,5
3708956,5
3708964,5
3708972,5
3708981,5
3708989,5
3708997,5
3709006,4
3709014,4
3709022,6
3709031,6
3709039,6
3709047,6
3709056,6
3709064,6
3709072,6
3709081,6
3709089,6
3709097,6
3709106,6
3709114,6
3709122,6
3709131,6
3709139,6
3709147,6
3709156,4
3709164,4
3709347,6
3709356,6
3709389,6
3709397,6
3709414,6
3709422,6
3709431,6
3709447,6
3709456,6
3709464,6
3709472,6
3709481,6
3709489,6
3709497,6
3709506,6
3709514,6
3709522,6
3709531,6
3709539,6
3709547,6
3709556,6
3709564,6
3709572,6
3709581,6
3709589,6
3709597,6
3709606,6
3709614,6
3709622,6
3709631,6
3709639,6
3709647,4
3709656,4
3709664,5
3709672,5
3709681,5
3709689,5
3709697,5
3709706,5
3709714,5
3709722,5
3709731,5
3709739,5
3709747,5
3709756,5
3709764,5
3709772,4
3709781,4
3709789,4
3709797,4
3709806,4
3709814,4
3709822,4
3709831,6
3709839,6
3709847,6
3709856,6
3709864,6
3709872,0
3709881,0
3709889,0
3709897,0
3709906,0
3709914,0
3709922,0
3709931,0
3709939,0
3709947,0
3709956,0
3709964,0
3709972,0
3709981,0
3709989,0
3709997,0
3710006,0
3710014,0
3710022,0
3710031,0
3710039,0
3710047,0
3710056,1
3710064,1
3710072,1
3710081,1
3710089,1
3710097,1
3710106,1
3710114,1
3710122,1
3710131,1
3710139,1
3710147,1
3710156,1
3710164,1
3710172,1
3710181,1
3710189,1
3710197,1
3710206,1
3710214,1
3710222,1
3710231,1
3710239,1
3710247,1
3710256,5
3710264,5
3710272,5
3710281,5
3710289,5
3710297,5
3710306,5
3710314,5
3710322,5
3710331,5
3710339,5
3710347,5
3710356,5
3710364,5
3710372,5
3710381,5
3710389,5
3710397,5
3710406,5
3710414,5
3710422,5
3710431,5
3710439,5
3710447,5
3710456,5
3710464,5
3710472,5
3710481,5
3710489,5
3710497,5
3710506,5
3710514,5
3710522,5
3710531,5
3710539,5
3710547,5
3710556,5
3710564,5
3710572,5
3710581,5
3710589,5
3710597,5
3710606,5
3710614,5
3710622,5
3710631,5
3710639,5
3710647,5
3710656,5
3710664,5
3710672,5
3710681,5
3710689,1
3710697,1
3710706,1
3710714,1
3710722,1
3710731,1
3710739,1
3710747,1
3710756,1
3710764,1
3710772,1
3710781,1
3710789,1
3710797,1
3710806,1
3710814,1
3710822,1
3710831,1
3710839,5
3710847,5
3710856,5
3710864,5
3710872,5
3710889,5
3710897,5
3710906,5
3710914,5
3710922,5
3710931,5
3710939,5
3710947,5
3710956,5
3710964,5
3710972,4
3710981,4
3710989,1
3710997,1
3711014,1
3711022,1
3711031,6
3711039,6
3711047,6
3711055,6
3711064,6
3711072,6
3711081,6
3711089,6
3711097,6
3711106,6
3711114,6
3711122,6
3711131,6
3711139,6
3711147,6
3711156,6
3711164,6
3711172,6
3711180,4
3711189,4
3711197,6
3711205,6
3711214,6
3711222,6
3711230,6
3711239,6
3711247,6
3711256,6
3711264,6
3711272,6
3711281,6
3711289,6
3711297,6
3711314,6
3711322,6
3711331,6
3711339,6
3711355,6
3711522,6
3711530,4
3711539,4
3711547,4
3711555,6
3711564,6
3711572,6
3711581,6
3711589,6
3711597,6
3711614,6
3711622,6
3711630,6
3711639,6
3711647,6
3711656,6
3711664,6
3711672,6
3711689,6
3711697,6
3711714,6
3711722,6
3711730,6
3711739,6
3711747,6
3711755,6
3711764,6
3711772,6
3711789,6
3711797,6
3711805,6
3711814,6
3711822,6
3711831,4
3712022,4
3712031,4
3712039,4
3712047,4
3712055,4
3712064,4
3712072,6
3712089,6
3712097,6
3712114,6
3712122,6
3712130,6
3712139,6
3712147,6
3712155,6
3712164,6
3712172,6
3712180,6
3712189,6
3712197,6
3712205,6
3712214,6
3712222,6
3712230,6
3712239,6
3712247,6
3712255,6
3712264,6
3712272,6
3712280,6
3712289,6
3712297,6
3712305,6
3712314,6
3712322,6
3712330,6
3712339,6
3712347,6
3712355,6
3712364,6
3712372,6
3712380,6
3712389,6
3712397,6
3712406,6
3712414,6
3712422,6
3712430,6
3712439,6
3712447,6
3712455,6
3712464,6
3712472,1
3712480,1
3712489,1
3712497,1
3712505,1
3712514,1
3712522,1
3712530,1
3712539,1
3712547,1
3712555,1
3712564,1
3712572,1
3712589,1
3712597,1
3712605,1
3712614,1
3712622,1
3712630,1
3712639,1
3712647,1
3712655,1
3712664,1
3712672,1
3712689,1
3712697,1
3712705,1
3712714,1
3712722,1
3712730,1
3712739,1
3712747,1
3712755,1
3712764,1
3712772,1
3712780,1
3712789,1
3712797,1
3712805,1
3712814,1
3712822,1
3712830,1
3712839,1
3712847,1
3712855,1
3712864,1
3712872,1
3712880,1
3712889,1
3712897,1
3712905,1
3712914,1
3712922,1
3712930,1
3712939,1
3712947,1
3712955,1
3712964,1
3712972,1
3712980,2
3712989,2
3712997,2
3713005,2
3713014,2
3713022,2
3713030,2
3713039,2
3713047,2
3713055,2
3713064,2
3713072,2
3713080,2
3713089,2
3713097,2
3713105,2
3713114,2
3713122,2
3713130,2
3713139,2
3713147,2
3713155,2
3713164,2
3713172,2
3713180,2
3713189,2
3713197,2
3713205,2
3713214,2
3713222,2
3713230,2
3713239,1
3713247,1
3713255,1
3713264,1
3713272,1
3713280,1
3713289,1
3713297,1
3713305,1
3713314,1
3713322,1
3713330,1
3713339,1
3713347,1
3713355,1
3713514,4
3713530,4
3713547,4
3713555,4
3713564,2
3713572,2
3713580,2
3713589,2
3713597,2
3713605,2
3713614,2
3713622,2
3713630,2
3713639,2
3713647,2
3713655,2
3713664,2
3713672,2
3713680,2
3713689,2
3713697,2
3713714,2
3713722,2
3713730,2
3713739,2
3713747,2
3713755,2
3713764,2
3713772,2
3713780,2
3713789,2
3713797,2
3713805,1
3713814,1
3713822,1
3713830,1
3713839,1
3713847,1
3713855,2
3713864,2
3713872,2
3713880,2
3713889,2
3713897,2
3713905,2
3713914,1
3713922,1
3713930,1
3713939,1
3713947,1
3713955,1
3713964,1
3713972,1
3713980,1
3713989,1
3713997,1
3714005,1
3714014,1
3714022,1
3714030,1
3714039,1
3714047,1
3714055,1
3714064,1
3714072,1
3714080,1
3714089,1
3714097,1
3714105,1
3714114,1
3714122,1
3714130,1
3714139,1
3714147,1
3714155,1
3714164,1
3714172,1
3714180,1
3714189,1
3714197,1
3714205,1
3714214,1
3714222,1
3714230,1
3714239,1
3714247,1
3714255,1
3714264,1
3714272,1
3714280,2
3714289,2
3714297,1
3714305,0
3714314,0
3714322,0
3714331,0
3714339,0
3714347,6
3714355,6
3714364,6
3714372,6
3714380,6
3714389,6
3714397,6
3714405,6
3714414,6
3714422,6
3714430,6
3714439,6
3714447,6
3714455,6
3714464,6
3714472,6
3714480,6
3714489,6
3714497,5
3714505,5
3714514,5
3714522,5
3714530,5
3714539,5
3714547,5
3714555,5
3714564,5
3714572,5
3714580,5
3714589,5
3714597,5
3714605,5
3714614,5
3714622,5
3714630,5
3714639,5
3714647,5
3714655,5
3714664,5
3714672,5
3714680,5
3714689,5
3714697,5
3714705,5
3714714,5
3714722,5
3714730,5
3714739,5
3714922,5
3714930,5
3714939,5
3714947,5
3714955,5
3714964,5
3714972,1
3714980,1
3714988,1
3714997,1
3715005,1
3715014,1
3715022,1
3715030,1
3715038,1
3715047,1
3715055,1
3715064,1
3715072,1
3715080,1
3715089,1
3715097,1
3715105,1
3715113,5
3715122,5
3715130,5
3715138,5
3715147,5
3715155,5
3715164,1
3715172,1
3715180,2
3715189,2
3715197,2
3715213,2
3715222,2
3715230,2
3715239,2
3715247,2
3715255,2
3715263,2
3715272,2
3715288,2
3715297,2
3715314,1
3715322,1
3715330,1
3715338,1
3715355,1
3715364,1
3715380,1
3715388,1
3715397,1
3715405,1
3715413,1
3715422,1
3715430,1
3715438,1
3715447,1
3715455,1
3715463,2
3715472,2
3715480,2
3715488,2
3715497,2
3715505,2
3715513,2
3715522,1
3715530,1
3715539,1
3715555,1
3715563,1
3715580,1
3715588,1
3715597,1
3715605,1
3715613,1
3715622,1
3715630,1
3715638,1
3715647,1
3715655,1
3715663,1
3715672,1
3715680,1
3715688,1
3715697,1
3715705,1
3715714,1
3715722,1
3715747,1
3715755,1
3715763,1
3715772,1
3715780,1
3715788,1
3715797,1
3715805,1
3715813,1
3715822,1
3715830,1
3715838,1
3715847,1
3715855,1
3715863,1
3715872,1
3715880,1
3715889,1
3715897,1
3715905,1
3715914,1
3715922,1
3715930,1
3715938,1
3715947,1
3715955,1
3715963,1
3715972,1
3715980,1
3715988,1
3715997,1
3716005,1
3716013,1
3716022,1
3716030,1
3716038,1
3716047,1
3716055,1
3716063,1
3716072,1
3716080,1
3716088,1
3716097,1
3716105,1
3716113,1
3716122,1
3716130,1
3716139,1
3716147,1
3716155,1
3716163,1
3716172,1
3716180,1
3716188,5
3716197,5
3716205,0
3716213,0
3716222,0
3716230,0
3716238,0
3716247,0
3716255,0
3716263,0
3716272,0
3716280,0
3716288,0
3716297,0
3716305,0
3716313,0
3716322,0
3716330,0
3716338,0
3716347,0
3716355,0
3716363,0
3716372,0
3716380,0
3716388,0
3716397,0
3716405,0
3716413,0
3716422,0
3716430,0
3716438,0
3716447,0
3716455,0
3716463,0
3716472,0
3716480,0
3716488,0
3716497,0
3716505,0
3716513,0
3716522,0
3716530,0
3716538,0
3716547,0
3716555,0
3716563,0
3716572,0
3716580,0
3716588,0
3716597,0
3716605,0
3716613,0
3716622,0
3716630,0
3716638,0
3716647,0
3716655,0
3716663,0
3716672,0
3716680,0
3716688,0
3716697,0
3716705,0
3716863,0
3716872,0
3716880,0
3716897,0
3716905,0
3716913,0
3716922,0
3716930,0
3716938,0
3716947,0
3716955,0
3716963,0
3716972,0
3716980,0
3716988,0
3716997,0
3717005,0
3717013,0
3717022,0
3717030,0
3717038,0
3717047,0
3717055,0
3717063,0
3717072,0
3717080,0
3717088,0
3717097,0
3717105,0
3717113,0
3717122,0
3717130,0
3717138,0
3717147,0
3717155,0
3717163,0
3717172,0
3717180,0
3717188,0
3717197,0
3717205,0
3717213,0
3717222,0
3717230,0
3717238,0
3717247,0
3717255,0
3717263,0
3717272,0
3717280,0
3717288,0
3717297,0
3717305,0
3717488,0
3717497,0
3717513,0
3717522,0
3717530,0
3717538,0
3717547,0
3717555,0
3717563,0
3717572,0
3717580,0
3717588,0
3717597,0
3717605,0
3717613,0
3717622,0
3717630,0
3717638,0
3717647,0
3717655,0
3717663,0
3717672,0
3717680,0
3717688,0
3717697,0
3717705,0
3717713,0
3717722,0
3717730,0
3717738,0
3717747,0
3717755,0
3717763,0
3717772,0
3717780,0
3717788,0
3717797,0
3717805,0
3717813,0
3717822,0
3717830,0
3717838,6
3717847,6
3717855,6
3717863,6
3717872,6
3717880,6
3717888,6
3717913,6
3717922,6
3717930,6
3717938,6
3717947,6
3717955,6
3717963,6
3717972,6
3717980,6
3717988,2
3717997,2
3718005,2
3718013,2
3718022,2
3718030,2
3718038,2
3718047,2
3718055,2
3718063,2
3718072,2
3718080,2
3718088,2
3718097,2
3718105,2
3718113,2
3718122,2
3718130,2
3718138,2
3718147,2
3718155,2
3718163,2
3718172,2
3718180,2
3718188,2
3718197,2
3718205,2
3718213,6
3718222,6
3718230,6
3718238,6
3718247,6
3718255,6
3718263,6
3718272,6
3718280,6
3718288,6
3718297,6
3718305,6
3718313,6
3718322,6
3718330,6
3718338,6
3718347,6
3718355,6
3718363,6
3718372,6
3718380,6
3718388,6
3718397,6
3718405,6
3718413,6
3718422,6
3718430,6
3718438,6
3718447,6
3718455,6
3718463,6
3718471,6
3718480,6
3718488,6
3718497,6
3718505,6
3718513,6
3718522,6
3718530,6
3718539,6
3718547,6
3718555,6
3718563,6
3718572,6
3718580,6
3718588,6
3718596,6
3718605,6
3718613,6
3718622,6
3718630,6
3718638,6
3718646,6
3718655,6
3718663,6
3718671,6
3718680,6
3718689,6
3718697,6
3718705,6
3718713,6
3718721,6
3718730,6
3718738,6
3718747,6
3718755,6
3718780,6
3718788,6
3718797,6
3718805,6
3718813,6
3718822,6
3718830,6
3718838,6
3718847,6
3718855,6
3718863,6
3718872,6
3718880,6
3718888,6
3718896,6
3718905,6
3718913,6
3718922,6
3718930,6
3718938,6
3718947,6
3718955,6
3718963,6
3718971,6
3718980,6
3718988,6
3718996,6
3719005,6
3719013,6
3719021,6
3719030,6
3719038,6
3719047,6
3719055,6
3719063,6
3719072,6
3719080,6
3719088,6
3719096,6
3719105,6
3719113,6
3719121,6
3719130,6
3719138,6
3719147,6
3719155,6
3719163,6
3719171,6
3719180,6
3719188,0
3719196,0
3719205,0
3719213,0
3719221,0
3719230,0
3719238,0
3719247,0
3719255,0
3719263,0
3719271,0
3719280,6
3719288,6
3719296,6
3719305,6
3719313,6
3719321,6
3719330,6
3719338,6
3719346,6
3719355,6
3719363,6
3719371,6
3719380,6
3719388,6
3719397,6
3719405,6
3719413,6
3719421,6
3719430,0
3719438,0
3719446,0
3719455,0
3719463,0
3719471,0
3719480,0
3719488,0
3719496,0
3719505,0
3719513,0
3719521,0
3719530,0
3719538,0
3719547,0
3719555,0
3719563,0
3719571,0
3719580,0
3719588,0
3719596,0
3719605,0
3719613,0
3719621,0
3719630,0
3719638,0
3719646,0
3719655,0
3719663,0
3719671,0
3719680,0
3719688,0
3719696,0
3719705,0
3719713,0
3719721,0
3719730,0
3719738,0
3719747,0
3719755,0
3719763,0
3719771,0
3719780,0
3719788,0
3719796,0
3719805,0
3719813,0
3719821,0
3719830,0
3719838,0
3719846,0
3719855,0
3719863,0
3719871,0
3719880,5
3720071,5
3720080,5
3720088,5
3720096,5
3720105,5
3720113,0
3720121,0
3720130,0
3720138,0
3720146,0
3720155,0
3720163,0
3720171,0
3720180,0
3720188,0
3720196,0
3720205,0
3720213,0
3720221,0
3720230,0
3720238,0
3720246,0
3720255,0
3720263,0
3720271,0
3720280,0
3720288,0
3720296,0
3720305,0
3720313,0
3720321,0
3720330,0
3720338,0
3720346,0
3720355,0
3720363,0
3720371,0
3720380,0
3720388,0
3720396,0
3720405,0
3720413,0
3720421,0
3720430,0
3720438,0
3720446,0
3720455,0
3720463,0
3720471,0
3720480,0
3720488,0
3720496,0
3720505,0
3720513,0
3720521,0
3720530,0
3720538,0
3720546,0
3720555,0
3720563,0
3720571,0
3720580,0
3720588,0
3720596,0
3720605,0
3720613,0
3720621,0
3720630,0
3720638,0
3720646,0
3720655,0
3720663,0
3720671,0
3720680,0
3720688,0
3720696,0
3720705,0
3720713,0
3720721,0
3720730,0
3720738,0
3720746,0
3720755,0
3720763,0
3720788,0
3720796,0
3720805,0
3720813,0
3720821,0
3720830,0
3720838,5
3721063,5
3721071,5
3721088,0
3721096,0
3721105,0
3721113,0
3721122,0
3721130,0
3721138,0
3721146,0
3721155,0
3721163,0
3721171,0
3721180,5
3721188,5
3721196,5
3721205,5
3721213,0
3721221,0
3721230,0
3721238,0
3721246,0
3721255,0
3721263,0
3721271,0
3721280,5
3721288,5
3721296,5
3721305,5
3721313,0
3721321,0
3721330,0
3721338,0
3721346,6
3721355,6
3721363,6
3721371,6
3721380,6
3721388,6
3721396,0
3721405,0
3721413,0
3721421,0
3721430,0
3721438,0
3721446,6
3721455,6
3721463,6
3721471,6
3721480,6
3721488,6
3721496,0
3721505,0
3721513,0
3721521,0
3721530,0
3721538,0
3721546,0
3721555,0
3721563,0
3721571,5
3721580,5
3721588,5
3721596,5
3721605,0
3721613,0
3721621,0
3721630,0
3721638,0
3721646,0
3721655,0
3721663,0
3721671,0
3721680,5
3721688,5
3721696,5
3721705,0
3721713,0
3721721,0
3721730,0
3721738,0
3721746,0
3721755,0
3721763,0
3721771,0
3721780,0
3721788,0
3721796,0
3721805,0
3721813,0
3721821,0
3721830,0
3721838,0
3721846,0
3721855,0
3721863,0
3721871,0
3721880,0
3721888,0
3721896,0
3721905,0
3721913,0
3721921,0
3721930,0
3721938,0
3721946,0
3721955,0
3721963,0
3721971,0
3721980,0
3721988,0
3721996,0
3722005,0
3722013,0
3722021,0
3722030,0
3722038,0
3722046,0
3722055,0
3722063,0
3722071,0
3722080,0
3722088,0
3722096,0
3722105,0
3722113,0
3722121,0
3722130,0
3722138,0
3722146,0
3722155,0
3722163,0
3722171,0
3722180,0
3722188,0
3722196,0
3722205,0
3722213,0
3722221,0
3722230,0
3722238,0
3722246,0
3722254,0
3722263,0
3722271,0
3722280,0
3722288,0
3722296,0
3722305,0
3722313,0
3722321,0
3722330,0
3722338,0
3722346,0
3722355,0
3722363,0
3722371,0
3722380,0
3722388,0
3722396,0
3722405,0
3722413,0
3722421,0
3722430,0
3722438,0
3722446,0
3722454,0
3722463,0
3722471,0
3722480,0
3722488,0
3722496,0
3722505,0
3722513,0
3722521,0
3722530,0
3722538,0
3722546,0
3722555,0
3722563,0
3722571,0
3722579,0
3722588,0
3722596,0
3722604,0
3722613,0
3722621,0
3722630,0
3722638,0
3722646,0
3722655,0
3722663,0
3722671,0
3722680,0
3722688,0
3722696,0
3722705,0
3722713,0
3722721,0
3722729,0
3722738,0
3722746,0
3722755,0
3722763,1
3722771,1
3722780,2
3722788,2
3722796,2
3722804,2
3722813,2
3722821,2
3722830,2
3722838,2
3722846,2
3722854,2
3722863,2
3722871,2
3722888,2
3722896,2
3722905,2
3722913,2
3722921,2
3722929,2
3722938,2
3722946,2
3722954,2
3722963,2
3722971,2
3722979,2
3722988,2
3722996,2
3723013,2
3723021,2
3723029,2
3723038,2
3723046,2
3723054,2
3723063,2
3723071,2
3723079,2
3723088,2
3723096,2
3723113,2
3723121,2
3723129,2
3723138,2
3723146,2
3723154,2
3723163,2
3723171,2
3723179,2
3723188,2
3723196,2
3723204,2
3723213,2
3723221,2
3723229,2
3723238,2
3723246,2
3723254,2
3723263,2
3723271,2
3723279,2
3723288,2
3723296,2
3723304,2
3723313,2
3723321,2
3723329,2
3723338,2
3723346,2
3723354,2
3723363,2
3723371,2
3723379,2
3723388,2
3723396,2
3723404,2
3723413,2
3723421,2
3723429,2
3723438,2
3723446,6
3723454,6
3723463,6
3723471,6
3723479,6
3723488,6
3723496,6
3723504,6
3723513,6
3723521,6
3723529,6
3723538,6
3723546,6
3723554,6
3723563,6
3723571,6
3723579,6
3723588,6
3723596,6
3723604,6
3723613,6
3723621,6
3723629,6
3723638,6
3723646,6
3723654,6
3723663,6
3723671,6
3723679,6
3723688,6
3723696,6
3723704,6
3723713,6
3723721,6
3723729,6
3723738,6
3723746,6
3723754,6
3723763,6
3723771,6
3723779,6
3723788,6
3723796,6
3723804,6
3723813,6
3723821,6
3723829,6
3723838,6
3723846,6
3723854,6
3723863,6
3723871,6
3723879,6
3723888,6
3723896,6
3723904,6
3723913,6
3723921,6
3723929,6
3723938,6
3723946,6
3723954,6
3723963,6
3723971,6
3723979,6
3723988,6
3723996,6
3724004,6
3724013,6
3724021,6
3724029,6
3724038,6
3724046,6
3724054,6
3724063,6
3724071,6
3724079,6
3724088,6
3724096,6
3724104,6
3724113,6
3724121,6
3724129,6
3724138,6
3724146,6
3724154,6
3724163,6
3724171,6
3724179,6
3724188,6
3724196,6
3724338,6
3724354,6
3724363,6
3724371,6
3724379,6
3724388,6
3724396,6
3724404,0
3724413,0
3724421,0
3724429,0
3724438,0
3724446,0
3724454,0
3724463,0
3724471,0
3724479,0
3724488,0
3724496,0
3724504,0
3724513,0
3724521,0
3724529,0
3724538,0
3724546,0
3724554,0
3724563,0
3724571,0
3724579,0
3724588,0
3724596,0
3724604,0
3724613,0
3724621,0
3724629,0
3724638,0
3724646,0
3724654,0
3724663,0
3724671,0
3724679,0
3724688,0
3724696,6
3724704,6
3724713,6
3724938,0
3724946,0
3724954,0
3724963,0
3724971,0
3724979,0
3724988,0
3724996,0
3725004,0
3725013,0
3725021,0
3725029,0
3725038,0
3725046,0
3725054,0
3725063,0
3725071,0
3725079,0
3725088,0
3725096,0
3725104,0
3725113,0
3725121,0
3725129,0
3725138,0
3725146,0
3725154,0
3725163,0
3725171,0
3725179,0
3725188,0
3725196,0
3725204,0
3725213,0
3725221,0
3725229,0
3725238,0
3725246,0
3725254,0
3725263,0
3725271,0
3725279,0
3725288,0
3725296,0
3725304,0
3725313,0
3725321,0
3725329,0
3725338,0
3725346,0
3725354,0
3725363,0
3725371,0
3725379,0
3725388,0
3725396,0
3725404,0
3725413,0
3725421,0
3725429,0
3725438,0
3725446,0
3725454,0
3725463,6
3725471,6
3725479,6
3725488,6
3725496,6
3725504,6
3725513,6
3725521,6
3725529,6
3725538,6
3725546,6
3725554,6
3725563,6
3725571,6
3725579,6
3725588,6
3725596,6
3725604,6
3725613,6
3725621,6
3725629,6
3725638,6
3725646,6
3725654,6
3725663,6
3725671,6
3725679,6
3725688,6
3725696,6
3725704,6
3725713,6
3725721,6
3725729,6
3725738,6
3725746,6
3725754,6
3725763,6
3725771,6
3725779,0
3725788,0
3725796,0
3725804,0
3725813,0
3725821,0
3725829,0
3725837,0
3725846,0
3725854,0
3725863,0
3725871,0
3725879,0
3725888,0
3725896,0
3725904,0
3725913,0
3725921,0
3725929,0
3725938,0
3725946,0
3725954,0
3725963,0
3725971,0
3725979,0
3725988,0
3725996,0
3726004,0
3726012,0
3726021,0
3726029,0
3726038,0
3726046,0
3726054,0
3726063,0
3726071,0
3726079,0
3726087,0
3726096,0
3726104,0
3726113,0
3726121,0
3726129,0
3726138,0
3726146,5
3726154,5
3726163,5
3726346,5
3726354,5
3726371,5
3726379,5
3726388,5
3726396,5
3726404,5
3726413,5
3726421,5
3726429,5
3726629,4
3726637,4
3726646,4
3726654,1
3726663,1
3726671,1
3726679,1
3726687,1
3726696,1
3726704,1
3726713,1
3726721,1
3726729,1
3726737,1
3726746,1
3726754,1
3726762,1
3726771,1
3726779,1
3726787,1
3726796,2
3726804,2
3726813,2
3726821,2
3726829,2
3726837,2
3726846,2
3726854,2
3726862,2
3726871,2
3726887,2
3726896,2
3726904,2
3726913,2
3726921,2
3726929,2
3726937,2
3726946,2
3726954,2
3726962,2
3726971,2
3726987,2
3726996,2
3727004,2
3727012,2
3727021,2
3727029,2
3727037,2
3727046,2
3727054,2
3727063,2
3727071,2
3727087,2
3727096,2
3727113,2
3727121,2
3727129,2
3727137,2
3727146,4
3727154,3
3727162,3
3727171,3
3727179,3
3727187,2
3727196,2
3727204,2
3727212,2
3727221,2
3727229,2
3727237,2
3727246,2
3727254,2
3727262,2
3727271,2
3727279,2
3727287,2
3727296,2
3727304,1
3727312,5
3727321,5
3727329,5
3727337,0
3727354,0
3727362,0
3727371,0
3727379,0
3727387,0
3727396,0
3727404,0
3727412,0
3727421,0
3727429,0
3727437,0
3727446,0
3727454,0
3727462,0
3727471,0
3727479,0
3727487,0
3727496,0
3727504,0
3727512,0
3727521,0
3727529,0
3727537,0
3727546,0
3727554,0
3727562,0
3727571,0
3727579,0
3727587,0
3727596,0
3727604,0
3727612,0
3727621,0
3727629,0
3727637,0
3727646,0
3727654,0
3727662,0
3727671,0
3727679,0
3727687,0
3727696,0
3727704,0
3727712,0
3727721,0
3727729,0
3727737,0
3727746,0
3727754,0
3727762,0
3727771,0
3727779,0
3727787,0
3727796,0
3727804,0
3727812,0
3727821,0
3727829,0
3727837,5
3727846,5
3727854,5
3727862,5
3727871,5
3727879,5
3727887,5
3727896,5
3727904,5
3727912,5
3727921,5
3727929,5
3727937,5
3727946,5
3727954,5
3727962,5
3727971,5
3727979,5
3727987,5
3727996,5
3728004,5
3728012,5
3728021,5
3728029,5
3728037,5
3728046,5
3728054,5
3728062,5
3728071,5
3728079,5
3728087,5
3728096,5
3728104,5
3728112,5
3728121,5
3728129,5
3728137,5
3728146,5
3728154,5
3728162,5
3728337,5
3728354,5
3728362,5
3728371,5
3728379,5
3728387,5
3728396,5
3728404,5
3728412,0
3728421,0
3728429,0
3728437,0
3728446,0
3728454,0
3728462,0
3728471,0
3728479,0
3728487,0
3728496,0
3728504,0
3728512,0
3728529,0
3728537,0
3728546,0
3728554,0
3728562,0
3728571,0
3728579,0
3728587,0
3728596,0
3728604,0
3728612,0
3728621,0
3728629,0
3728637,0
3728646,0
3728654,5
3728662,5
3728671,5
3728679,0
3728687,0
3728696,0
3728704,0
3728712,0
3728721,0
3728729,0
3728737,0
3728746,0
3728754,0
3728762,0
3728771,0
3728779,5
3728787,5
3728796,5
3728804,5
3728812,5
3728821,5
3728829,5
3728837,5
3728846,5
3728854,5
3728862,5
3728871,5
3728879,5
3728887,5
3728896,5
3728904,5
3728912,5
3728921,5
3728929,5
3728937,5
3728946,5
3728954,1
3728962,1
3728971,2
3728979,2
3728987,2
3728996,2
3729004,2
3729012,2
3729021,2
3729029,2
3729037,2
3729046,2
3729054,2
3729062,2
3729071,2
3729087,2
3729096,2
3729104,2
3729112,2
3729121,3
3729129,3
3729137,3
3729146,3
3729154,3
3729162,3
3729171,3
3729187,3
3729196,2
3729204,2
3729212,2
3729221,2
3729229,2
3729237,2
3729246,2
3729254,2
3729262,2
3729271,2
3729279,2
3729287,2
3729296,2
3729304,2
3729312,2
3729321,2
3729329,2
3729337,2
3729346,2
3729354,2
3729362,2
3729371,2
3729379,2
3729387,2
3729396,2
3729404,2
3729412,2
3729421,2
3729429,1
3729437,1
3729446,1
3729454,1
3729462,1
3729471,1
3729487,1
3729496,1
3729504,1
3729512,1
3729521,1
3729529,1
3729537,1
3729546,1
3729554,1
3729562,1
3729571,1
3729579,1
3729587,1
3729596,1
3729604,1
3729612,1
3729621,1
3729629,1
3729637,1
3729646,1
3729654,1
3729662,1
3729671,1
3729679,1
3729687,1
3729696,1
3729704,1
3729712,1
3729721,1
3729729,2
3729737,2
3729746,2
3729754,2
3729762,2
3729771,2
3729779,2
3729787,2
3729796,2
3729804,2
3729812,2
3729821,2
3729829,2
3729837,2
3729846,3
3729854,3
3729862,3
3729871,3
3729879,3
3729887,3
3729896,2
3729904,2
3729912,2
3729921,2
3729929,2
3729937,2
3729946,2
3729954,3
3729962,3
3729971,3
3729979,3
3729987,2
3729996,2
3730004,2
3730012,2
3730021,2
3730029,2
3730037,2
3730046,2
3730054,2
3730062,2
3730071,2
3730079,2
3730087,2
3730095,2
3730104,2
3730112,2
3730120,2
3730129,2
3730137,2
3730146,2
3730154,2
3730162,2
3730170,2
3730179,2
3730187,2
3730196,2
3730204,2
3730212,2
3730221,2
3730229,2
3730237,2
3730246,2
3730254,2
3730262,2
3730271,2
3730287,2
3730296,2
3730304,2
3730312,2
3730321,2
3730329,2
3730337,2
3730346,2
3730354,2
3730362,2
3730371,2
3730379,2
3730387,2
3730396,2
3730404,6
3730412,6
3730420,0
3730429,0
3730437,0
3730445,0
3730454,0
3730462,0
3730470,0
3730479,0
3730487,0
3730495,0
3730504,0
3730512,0
3730520,0
3730529,0
3730537,0
3730545,0
3730554,0
3730562,0
3730571,0
3730579,0
3730587,0
3730595,0
3730604,0
3730612,0
3730620,0
3730629,0
3730637,0
3730645,0
3730654,0
3730662,5
3730671,5
3730679,5
3730687,0
3730696,0
3730704,0
3730712,0
3730721,0
3730729,0
3730737,0
3730746,0
3730754,0
3730762,0
3730770,0
3730779,0
3730787,0
3730795,0
3730804,0
3730812,0
3730820,0
3730829,0
3730837,0
3730845,6
3730854,6
3730862,6
3730870,6
3730879,6
3731079,6
3731096,5
3731104,5
3731112,5
3731120,5
3731129,6
3731137,6
3731154,6
3731162,6
3731171,0
3731179,0
3731187,0
3731195,0
3731204,0
3731212,0
3731220,0
3731229,0
3731237,0
3731245,0
3731254,0
3731262,0
3731270,0
3731279,0
3731287,5
3731295,5
3731304,5
3731312,5
3731320,5
3731329,5
3731337,5
3731345,5
3731354,5
3731362,5
3731371,5
3731379,5
3731387,5
3731395,5
3731404,5
3731412,5
3731420,5
3731429,5
3731437,5
3731445,5
3731454,5
3731462,5
3731470,5
3731479,5
3731487,5
3731495,5
3731504,5
3731512,5
3731520,5
3731529,5
3731537,5
3731545,5
3731554,5
3731562,5
3731570,5
3731579,5
3731587,5
3731595,5
3731604,5
3731612,5
3731620,5
3731629,5
3731637,5
3731645,5
3731654,5
3731662,5
3731670,5
3731679,5
3731687,5
3731695,5
3731704,5
3731720,5
3731729,0
3731737,0
3731745,0
3731754,0
3731762,0
3731771,0
3731779,0
3731787,0
3731795,0
3731804,0
3731812,0
3731820,0
3731829,0
3731837,0
3731845,0
3731854,0
3731862,0
3731871,0
3731879,0
3731887,0
3731895,0
3731904,0
3731912,0
3731920,0
3731929,0
3731937,0
3731945,0
3731954,0
3731962,0
3731971,0
3731979,0
3731987,0
3731995,0
3732004,0
3732012,0
3732020,0
3732029,0
3732037,0
3732045,0
3732054,0
3732062,0
3732071,0
3732079,0
3732087,0
3732095,0
3732104,0
3732112,0
3732120,0
3732129,0
3732137,0
3732145,0
3732154,0
3732162,0
3732171,0
3732179,0
3732187,0
3732195,0
3732204,0
3732212,0
3732220,0
3732229,0
3732237,0
3732245,0
3732254,5
3732262,5
3732271,5
3732279,5
3732287,0
3732295,0
3732304,0
3732312,0
3732321,0
3732329,0
3732337,0
3732345,0
3732354,0
3732362,0
3732370,0
3732379,0
3732387,0
3732395,0
3732404,0
3732412,0
3732420,0
3732429,0
3732437,0
3732445,0
3732454,0
3732462,0
3732470,0
3732479,0
3732487,0
3732495,0
3732504,0
3732512,0
3732520,0
3732529,0
3732537,0
3732545,0
3732554,0
3732562,0
3732570,0
3732579,0
3732587,0
3732595,0
3732604,0
3732612,0
3732620,0
3732629,0
3732637,0
3732645,0
3732654,0
3732662,0
3732670,0
3732679,0
3732687,0
3732695,0
3732704,0
3732712,0
3732720,0
3732729,0
3732737,0
3732745,0
3732754,5
3732762,5
3732770,5
3732779,5
3732787,0
3732795,0
3732804,0
3732812,0
3732820,0
3732829,0
3732837,0
3732845,0
3732854,0
3732862,0
3732870,5
3732879,5
3732887,5
3732895,5
3732904,5
3732912,5
3732920,5
3732929,5
3732937,5
3732945,5
3732954,5
3732962,5
3732970,5
3732979,5
3732987,5
3732995,5
3733004,0
3733012,0
3733020,0
3733029,0
3733037,0
3733045,0
3733054,0
3733062,0
3733070,0
3733079,0
3733087,0
3733095,0
3733104,0
3733112,0
3733120,0
3733129,0
3733137,0
3733145,0
3733154,0
3733162,0
3733170,0
3733179,0
3733187,0
3733195,0
3733204,0
3733212,0
3733220,5
3733229,5
3733237,5
3733245,1
3733262,2
3733270,2
3733287,2
3733295,2
3733304,2
3733312,2
3733320,2
3733329,2
3733337,2
3733345,2
3733362,2
3733370,2
3733387,2
3733395,2
3733404,2
3733412,2
3733420,2
3733429,2
3733437,2
3733445,2
3733454,2
3733462,2
3733470,2
3733487,2
3733495,2
3733504,2
3733512,2
3733520,2
3733529,2
3733537,2
3733546,2
3733554,2
3733562,2
3733570,2
3733579,2
3733587,2
3733595,2
3733604,2
3733612,2
3733620,2
3733629,2
3733637,2
3733645,2
3733654,2
3733662,2
3733670,2
3733687,2
3733695,2
3733704,2
3733712,2
3733720,2
3733728,2
3733737,2
3733745,2
3733762,2
3733770,2
3733787,2
3733795,2
3733804,6
3733812,0
3733820,0
3733829,0
3733837,0
3733845,0
3733853,0
3733862,6
3733870,6
3733878,6
3733887,6
3733895,6
3733904,6
3733912,6
3733937,6
3733945,6
3733962,6
3733970,6
3733979,6
3733987,6
3733995,6
3734003,6
3734012,6
3734020,6
3734028,6
3734037,6
3734045,5
3734054,5
3734062,5
3734070,5
3734079,5
3734087,5
3734095,0
3734104,0
3734112,0
3734120,0
3734128,0
3734137,0
3734145,0
3734153,0
3734162,0
3734170,0
3734179,0
3734187,0
3734195,0
3734203,0
3734212,0
3734220,0
3734228,0
3734237,0
3734245,5
3734253,5
3734262,5
3734270,5
3734278,5
3734562,5
3734570,5
3734578,5
3734587,5
3734595,5
3734604,5
3734612,5
3734620,5
3734629,5
3734637,5
3734645,5
3734653,5
3734662,5
3734670,0
3734678,0
3734687,0
3734695,0
3734703,0
3734712,0
3734737,0
3734745,0
3734753,0
3734762,0
3734770,0
3734778,0
3734787,0
3734795,0
3734804,0
3734812,0
3734820,0
3734828,0
3734837,0
3734845,0
3734853,0
3734862,0
3734870,0
3734878,0
3734887,0
3734895,0
3734903,0
3734912,0
3734920,0
3734928,0
3734937,0
3734945,0
3734953,0
3734962,0
3734970,0
3734978,0
3734987,0
3734995,0
3735003,0
3735012,0
3735020,0
3735028,0
3735037,0
3735045,0
3735053,0
3735062,0
3735070,0
3735078,0
3735087,0
3735095,0
3735103,0
3735112,0
3735120,0
3735128,0
3735137,0
3735145,0
3735153,0
3735162,0
3735170,0
3735178,0
3735187,0
3735195,0
3735203,0
3735212,0
3735220,0
3735228,0
3735237,0
3735245,0
3735253,0
3735262,0
3735270,0
3735278,0
3735287,0
3735295,0
3735303,0
3735312,0
3735320,0
3735328,0
3735337,1
3735345,1
3735353,2
3735362,2
3735370,2
3735378,2
3735387,2
3735395,2
3735403,2
3735412,2
3735420,2
3735428,2
3735437,3
3735445,3
3735462,3
3735470,3
3735487,3
3735495,2
3735503,2
3735512,2
3735520,2
3735528,2
3735537,2
3735545,2
3735553,2
3735562,2
3735570,2
3735578,2
3735587,2
3735595,2
3735603,2
3735612,2
3735620,3
3735628,3
3735637,3
3735645,3
3735662,3
3735670,3
3735687,3
3735695,3
3735703,3
3735712,3
3735720,3
3735728,3
3735737,3
3735745,3
3735753,3
3735762,3
3735770,3
3735778,3
3735787,3
3735795,3
3735803,3
3735812,3
3735820,3
3735828,3
3735837,3
3735845,3
3735853,3
3735862,3
3735870,3
3735878,3
3735887,3
3735895,3
3735903,3
3735912,3
3735920,3
3735928,3
3735937,3
3735945,3
3735953,3
3735962,3
3735970,3
3735978,3
3735987,3
3735995,3
3736003,3
3736012,3
3736020,3
3736028,3
3736037,3
3736045,3
3736062,3
3736070,3
3736078,3
3736087,3
3736095,3
3736103,3
3736112,3
3736120,3
3736128,3
3736137,3
3736145,3
3736153,4
3736162,4
3736170,4
3736178,2
3736187,2
3736195,2
3736203,3
3736212,3
3736220,3
3736228,3
3736237,3
3736245,3
3736253,3
3736262,3
3736270,3
3736278,3
3736287,3
3736295,3
3736303,3
3736312,3
3736320,3
3736328,3
3736337,3
3736345,3
3736353,3
3736362,3
3736370,3
3736387,3
3736395,3
3736403,3
3736412,3
3736420,3
3736428,3
3736437,3
3736445,3
3736453,3
3736462,3
3736470,3
3736478,3
3736487,3
3736495,3
3736503,3
3736512,3
3736520,3
3736528,3
3736537,3
3736545,3
3736553,3
3736562,3
3736570,3
3736578,3
3736587,3
3736595,3
3736603,3
3736612,3
3736620,3
3736628,3
3736637,3
3736645,3
3736653,3
3736662,3
3736670,3
3736687,3
3736695,3
3736703,3
3736712,3
3736720,3
3736728,3
3736737,3
3736745,3
3736753,3
3736762,3
3736770,3
3736778,3
3736787,3
3736795,3
3736803,3
3736812,3
3736820,3
3736828,3
3736837,3
3736845,3
3736862,3
3736870,3
3736878,3
3736887,3
3736895,3
3736903,3
3736912,3
3736920,3
3736928,3
3736937,3
3736945,3
3736962,3
3736970,3
3736978,3
3736987,3
3736995,3
3737003,3
3737012,3
3737020,3
3737028,3
3737037,3
3737045,3
3737053,3
3737062,3
3737070,3
3737078,3
3737087,3
3737095,1
3737103,1
3737112,0
3737120,0
3737128,0
3737137,0
3737153,0
3737162,0
3737170,0
3737178,0
3737187,0
3737195,0
3737203,0
3737212,0
3737220,0
3737228,0
3737237,0
3737245,0
3737253,0
3737262,0
3737270,0
3737278,0
3737286,0
3737295,0
3737303,0
3737312,0
3737320,0
3737328,0
3737337,0
3737345,0
3737353,0
3737362,0
3737370,0
3737378,0
3737387,0
3737395,0
3737403,0
3737412,0
3737420,0
3737428,0
3737437,0
3737445,0
3737453,0
3737462,0
3737470,0
3737478,0
3737487,0
3737495,0
3737503,0
3737512,0
3737520,0
3737528,5
3737553,5
3737562,5
3737570,5
3737578,5
3737587,5
3737595,5
3737603,5
3737612,0
3737620,0
3737628,0
3737637,0
3737653,4
3737837,1
3737845,1
3737862,5
3737870,5
3737878,5
3737886,0
3737895,0
3737903,0
3737912,0
3737920,0
3737928,0
3737937,0
3737945,0
3737953,5
3737961,5
3737970,5
3737978,5
3737987,5
3737995,5
3738003,5
3738011,5
3738020,5
3738028,5
3738037,5
3738045,5
3738061,5
3738270,5
3738286,1
3738295,1
3738303,1
3738311,1
3738320,6
3738328,6
3738336,5
3738345,5
3738353,1
3738361,1
3738370,1
3738378,1
3738386,1
3738395,5
3738403,5
3738411,5
3738420,5
3738428,5
3738436,5
3738445,5
3738453,1
3738461,1
3738470,1
3738478,1
3738486,5
3738495,5
3738503,5
3738511,5
3738520,5
3738528,5
3738536,6
3738545,6
3738553,6
3738561,6
3738570,6
3738578,6
3738586,6
3738595,6
3738603,6
3738611,6
3738620,6
3738628,6
3738636,6
3738645,6
3738653,6
3738661,6
3738670,6
3738678,6
3738686,6
3738695,6
3738703,6
3738711,6
3738720,6
3738728,6
3738736,6
3738753,2
3738761,2
3738770,2
3738778,3
3738786,3
3738795,3
3738803,3
3738811,3
3738820,3
3738828,3
3738836,3
3738845,3
3738861,3
3738870,3
3738878,3
3738886,3
3738895,3
3738903,3
3738911,3
3738920,3
3738928,3
3738936,3
3738945,3
3738961,3
3738970,3
3738978,3
3738986,3
3738995,3
3739003,3
3739011,3
3739020,3
3739028,3
3739036,3
3739045,3
3739061,3
3739070,3
3739078,3
3739086,4
3739095,4
3739103,4
3739111,4
3739120,4
3739128,4
3739136,4
3739145,4
3739161,4
3739170,4
3739178,4
3739186,4
3739195,4
3739203,4
3739211,4
3739220,4
3739228,4
3739236,3
3739245,3
3739253,3
3739261,3
3739270,3
3739278,3
3739286,3
3739295,3
3739303,3
3739312,3
3739320,3
3739328,3
3739336,3
3739345,3
3739353,3
3739361,3
3739370,3
3739378,3
3739386,3
3739395,3
3739403,3
3739411,3
3739420,3
3739428,3
3739436,3
3739445,3
3739453,3
3739461,3
3739470,3
3739478,3
3739486,4
3739495,4
3739503,4
3739511,4
3739520,4
3739528,4
3739536,4
3739545,4
3739553,4
3739561,4
3739570,4
3739578,4
3739586,3
3739595,3
3739603,3
3739611,3
3739620,3
3739628,3
3739637,3
3739645,3
3739661,3
3739670,3
3739678,3
3739686,3
3739695,3
3739703,3
3739711,3
3739720,3
3739728,3
3739736,3
3739745,3
3739753,4
3739761,4
3739770,4
3739778,4
3739786,3
3739795,3
3739803,3
3739811,3
3739820,3
3739828,3
3739836,3
3739845,3
3739853,3
3739861,3
3739870,3
3739886,3
3739895,3
3739903,3
3739911,3
3739920,3
3739928,3
3739936,3
3739945,3
3739961,3
3739970,3
3740020,3
3740028,3
3740036,3
3740045,3
3740061,3
3740070,3
3740078,3
3740086,3
3740095,3
3740103,3
3740111,3
3740136,3
3740145,3
3740161,3
3740170,3
3740178,3
3740186,3
3740195,3
3740203,3
3740211,3
3740220,3
3740228,3
3740236,3
3740245,3
3740253,3
3740261,3
3740270,3
3740278,3
3740286,3
3740295,3
3740303,3
3740311,3
3740320,3
3740328,3
3740336,3
3740345,3
3740353,3
3740361,3
3740370,3
3740378,3
3740386,3
3740395,3
3740403,3
3740411,3
3740420,3
3740428,3
3740436,3
3740445,3
3740453,3
3740461,2
3740470,2
3740478,3
3740486,3
3740495,3
3740503,3
3740511,3
3740520,3
3740528,3
3740536,3
3740545,3
3740553,3
3740561,3
3740570,3
3740578,3
3740586,3
3740595,2
3740603,2
3740611,2
3740620,3
3740628,3
3740636,2
3740645,2
3740661,2
3740670,2
3740678,3
3740686,3
3740695,2
3740703,3
3740711,3
3740720,3
3740728,3
3740736,3
3740745,3
3740753,3
3740761,3
3740770,4
3740778,4
3740786,4
3740903,4
3740961,4
3740970,3
3740978,3
3740986,3
3740995,3
3741003,3
3741011,3
3741028,4
3741253,4
3741261,4
3741270,4
3741278,4
3741286,4
3741295,4
3741303,4
3741311,4
3741320,4
3741328,4
3741336,4
3741345,4
3741361,4
3741370,4
3741378,4
3741386,4
3741395,4
3741403,4
3741411,4
3741420,4
3741428,4
3741436,4
3741444,3
3741453,3
3741461,3
3741470,3
3741478,3
3741486,3
3741495,3
3741503,3
3741511,3
3741520,3
3741528,3
3741536,3
3741544,3
3741553,3
3741561,3
3741570,3
3741578,3
3741586,3
3741594,3
3741603,3
3741611,3
3741620,3
3741628,3
3741636,3
3741644,3
3741661,3
