3801602,5
3801627,5
3801635,5
3801643,5
3801660,5
3803448,0
3803514,0
3803611,0
3803619,0
3803635,0
3803644,0
3803669,0
3803685,0
3803710,4
3803744,4
3803810,0
3803910,0
3803944,0
3803986,0
3804010,0
3804110,0
3804119,1
3804144,1
3804169,1
3804185,1
3804194,1
3804210,1
3804269,1
3804294,1
3804302,12
3804319,12
3804327,5
3804344,5
3804360,5
3804385,5
3804469,12
3804494,8
3804510,8
3804519,0
3804535,0
3804544,5
3804560,5
3805009,0
3805109,8
3805159,1
3805175,0
3805184,0
3805200,1
3805209,1
3805225,0
3805259,0
3805275,0
3805284,0
3805300,12
3805325,12
3805350,8
3805375,8
3805400,0
3805408,0
3805425,0
3805509,0
3805534,8
3805609,12
3805700,12
3805709,12
3805783,0
3805834,0
3805859,0
3805908,0
3805950,0
3805958,4
3805984,0
3808073,0
3808097,0
3808114,0
3808122,0
3808139,0
3808147,0
3808172,0
3808197,0
3808222,0
3808239,0
3808248,0
3808264,0
3808272,0
3808398,0
3808414,0
3808422,0
3808447,0
3808472,0
3808489,0
3808497,0
3808522,0
3808547,0
3808572,0
3808597,0
3808622,0
3808647,0
3808672,0
3808697,0
3808722,0
3808747,0
3808772,0
3808798,0
3808822,0
3808872,0
3808897,0
3808922,0
3808947,0
3808972,0
3809022,0
3810557,2
3810582,2
3810607,2
3810615,3
3810640,3
3810786,0
3810803,0
3810887,0
3810903,0
3810986,0
3811003,0
3811045,0
3811111,4
3811145,4
3811211,4
3811361,2
3811378,2
3811386,0
3811395,2
3811403,0
3811411,2
3811420,0
3811428,2
3811445,2
3811453,0
3811461,2
3811470,0
3811478,2
3811486,0
3811495,2
3811503,0
3811511,4
3811520,0
3811528,2
3811536,0
3811545,2
3811553,0
3811561,2
3811570,0
3811578,2
3811586,2
3811595,2
3811603,0
3811611,4
3811620,0
3811628,2
3811636,0
3811645,2
3811653,0
3811661,1
3811670,0
3811678,2
3811686,2
3811695,2
3811703,0
3811711,4
3811720,0
3811728,2
3811736,0
3811745,2
3811761,2
3811770,0
3811786,0
3811795,2
3811803,0
3811811,2
3811820,0
3811828,2
3811836,0
3811845,2
3811853,0
3811861,2
3811870,0
3811886,4
3811895,4
3811903,2
3811911,4
3811920,0
3811928,4
3811936,0
3811945,0
3811953,0
3811961,0
3811970,0
3811978,0
3811995,0
3812003,0
3812011,0
3812020,0
3812028,0
3812036,0
3812045,4
3812053,0
3812061,0
3812070,0
3812078,0
3812086,0
3812095,4
3812103,0
3812111,4
3812128,4
3812136,0
3812153,4
3812161,4
3812186,0
3812203,0
3812211,4
3812228,4
3812236,0
3812245,4
3812261,4
3812270,0
3812295,4
3812320,0
3812328,4
3812345,4
3812353,4
3812361,4
3812370,4
3812378,4
3812395,4
3812403,0
3812411,4
3812420,0
3812428,3
3812445,3
3812453,0
3812461,4
3812470,0
3812486,0
3812495,4
3812503,0
3812511,4
3812520,0
3812528,4
3812536,0
3812545,4
3812553,0
3812561,4
3812570,0
3812578,4
3812586,0
3812595,4
3812603,0
3812611,4
3812620,0
3812636,0
3812645,4
3812653,0
3812661,4
3812670,0
3812686,0
3812695,4
3812703,0
3812711,4
3812720,0
3812736,0
3812745,4
3812753,0
3812761,4
3812770,0
3812786,0
3812795,4
3812803,0
3812811,4
3812820,0
3812828,4
3812836,0
3812845,4
3812853,0
3812861,3
3812870,0
3812878,3
3812886,0
3812895,2
3812903,0
3812911,1
3812928,1
3812945,1
3812961,1
3812978,1
3812995,1
3813011,1
3813028,1
3813045,1
3813061,1
3813078,1
3813095,1
3813111,1
3813128,1
3813145,1
3813161,1
3813178,1
3813195,1
3813228,1
3813270,0
3813278,0
3813295,0
3813303,0
3813320,0
3813328,0
3813336,0
3813345,0
3813353,0
3813370,0
3813378,0
3813394,0
3813403,0
3813411,0
3813420,0
3813428,0
3813444,0
3813453,0
3813470,0
3813478,0
3813494,0
3813503,0
3813511,0
3813519,0
3813528,0
3813544,0
3813553,0
3813569,0
3813578,0
3813586,0
3813595,0
3813603,0
3813611,0
3813619,0
3813628,0
3813636,0
3813644,0
3813653,0
3813669,0
3813678,0
3813694,0
3813703,0
3813711,0
3813719,0
3813728,0
3813744,0
3813753,3
3813778,0
3813794,0
3813803,0
3813811,0
3813820,0
3813828,0
3813844,0
3813853,0
3813870,0
3813878,0
3813886,0
3813894,0
3813903,0
3813919,0
3813928,0
3813944,0
3813953,0
3813978,0
3813986,0
3813994,0
3814003,0
3814011,0
3814019,0
3814028,0
3814044,0
3814053,0
3814069,0
3814078,0
3814095,0
3814103,0
3814119,0
3814128,0
3814136,0
3814144,0
3814153,0
3814169,0
3814178,0
3814186,0
3814194,0
3814203,0
3814219,0
3814228,0
3814244,0
3814253,0
3814270,0
3814278,0
3814294,0
3814382,0
3814390,4
3814399,0
3814407,0
3814415,0
3814424,0
3814432,0
3814440,0
3814449,0
3814457,0
3814465,0
3814474,0
3814482,0
3814490,0
3814499,0
3814507,0
3814515,0
3814524,0
3814532,0
3814540,0
3814549,7
3814557,7
3814565,7
3814574,7
3814582,7
3814590,7
3814599,7
3814607,7
3814615,11
3814624,11
3814632,11
3814640,11
3814649,11
3814657,11
3814665,11
3814674,11
3814682,11
3814690,11
3814699,11
3814707,11
3814715,11
3814724,11
3814732,11
3814740,11
3814749,11
3814757,11
3814765,11
3814774,11
3814782,11
3814790,11
3814799,11
3814807,12
3814815,12
3814824,12
3814832,12
3814840,12
3814849,12
3814857,12
3814865,12
3814874,12
3814882,12
3814890,12
3814899,12
3814907,12
3814915,12
3814924,12
3814932,12
3814940,12
3814949,12
3814957,12
3814965,12
3814974,12
3814982,12
3814990,12
3814999,12
3815007,12
3815015,12
3815024,12
3815032,12
3815040,12
3815049,12
3815057,12
3815065,12
3815074,12
3815082,12
3815090,12
3815099,12
3815107,12
3815115,12
3815124,12
3815132,12
3815140,12
3815149,8
3815157,12
3815165,8
3815174,8
3815182,12
3815190,12
3815199,12
3815207,12
3815215,12
3815224,8
3815232,8
3815240,8
3815249,12
3815257,12
3815265,12
3815274,12
3815282,12
3815290,12
3815299,12
3815307,12
3815315,12
3815324,12
3815332,12
3815340,12
3815349,8
3815357,12
3815365,12
3815374,12
3815382,12
3815390,12
3815407,12
3815415,12
3815432,8
3815449,8
3815457,0
3815473,0
3815482,0
3815490,0
3815499,0
3815507,0
3815524,0
3815532,0
3815540,0
3815548,0
3815557,0
3815565,0
3815574,0
3815582,0
3815590,0
3815599,0
3815607,0
3815615,0
3815624,0
3815632,0
3815640,0
3815649,0
3815657,0
3815674,0
3815682,0
3815690,0
3815698,0
3815707,0
3815715,0
3815723,0
3815732,0
3815740,0
3815749,0
3815757,0
3815765,0
3815774,0
3815782,0
3815790,0
3815799,0
3815807,0
3815815,0
3815823,0
3815832,0
3815840,0
3815849,0
3815857,0
3815865,0
3815874,0
3815882,0
3815890,0
3815898,0
3815907,0
3815915,0
3815923,0
3815932,0
3815940,0
3815949,0
3815957,0
3815965,0
3815974,0
3815982,0
3815990,0
3815998,0
3816007,0
3816015,0
3816023,0
3816032,0
3816049,0
3816057,0
3816065,0
3816074,0
3816082,0
3816090,0
3816098,0
3816107,0
3816124,0
3816132,0
3816140,0
3816148,0
3816157,0
3816165,0
3816174,0
3816182,0
3816190,0
3816199,0
3816207,0
3816215,0
3816223,0
3816232,0
3816240,0
3816248,0
3816257,0
3816265,0
3816290,0
3816298,0
3816307,0
3816315,0
3816323,0
3816332,0
3816340,0
3816348,0
3816357,0
3816365,0
3816373,0
3816382,0
3816390,0
3816398,0
3816407,0
3816415,0
3816423,0
3816432,0
3816440,0
3816457,0
3816465,0
3816474,0
3816482,0
3816490,0
3816498,0
3816507,0
3816515,0
3816523,0
3816532,0
3816540,0
3816548,0
3816557,0
3816565,0
3816574,0
3816582,0
3816590,0
3816598,0
3816607,0
3816615,0
3816623,0
3816632,0
3816640,0
3816648,0
3816657,0
3816665,0
3816673,0
3816682,0
3816690,4
3816707,0
3816715,0
3816723,0
3816732,0
3816740,0
3816748,0
3816757,0
3816765,0
3816773,0
3816782,0
3816790,0
3816798,0
3816807,0
3816815,0
3816823,0
3816832,0
3816840,0
3816848,0
3816857,0
3816865,0
3816873,0
3816882,0
3816890,0
3816898,0
3816907,1
3816915,1
3816923,0
3816932,0
3816948,0
3816957,0
3816965,0
3816973,0
3816982,0
3816990,4
3817007,0
3817015,0
3817023,0
3817032,0
3817040,0
3817048,0
3817057,0
3817073,0
3817082,0
3817099,0
3817107,0
3817115,0
3817123,0
3817132,0
3817140,0
3817148,0
3817157,0
3817173,0
3817182,0
3817198,0
3817207,0
3817215,0
3817223,0
3817232,0
3817248,0
3817257,0
3817265,0
3817274,0
3817282,0
3817298,0
3817307,0
3817323,0
3817332,0
3817348,0
3817357,0
3817365,0
3817373,0
3817382,0
3817390,0
3817398,0
3817407,0
3817415,0
3817423,0
3817432,0
3817440,0
3817448,0
3817457,0
3817465,0
3817473,0
3817482,0
3817490,0
3817498,0
3817507,0
3817515,0
3817523,0
3817532,0
3817540,0
3817548,0
3817557,0
3817565,0
3817573,0
3817582,0
3817590,0
3817598,0
3817607,0
3817615,0
3817623,0
3817632,0
3817640,0
3817648,0
3817657,0
3817665,0
3817674,0
3817682,0
3817698,0
3817707,0
3817715,0
3817723,0
3817732,0
3817740,0
3817748,0
3817757,0
3817773,0
3817782,0
3817790,4
3817798,0
3817807,0
3817815,0
3817823,0
3817832,0
3817840,0
3817848,0
3817857,0
3817865,0
3817873,0
3817882,0
3817890,0
3817898,0
3817907,0
3817915,0
3817923,0
3817932,0
3817940,0
3817948,0
3817957,0
3817965,0
3817973,0
3817982,0
3817990,0
3817998,0
3818007,0
3818015,0
3818023,0
3818032,0
3818040,0
3818048,0
3818057,0
3818065,0
3818073,0
3818082,0
3818090,0
3818098,0
3818107,0
3818115,0
3818123,0
3818132,0
3818140,0
3818148,0
3818157,0
3818165,0
3818173,0
3818182,0
3818190,0
3818198,0
3818207,0
3818223,0
3818232,0
3818248,0
3818257,0
3818265,0
3818273,0
3818282,0
3818290,0
3818298,0
3818307,0
3818315,0
3818323,0
3818332,0
3818340,0
3818348,0
3818357,0
3818365,0
3818374,0
3818382,0
3818390,0
3818398,0
3818407,0
3818415,0
3818423,0
3818432,0
3818440,0
3818448,0
3818457,0
3818465,0
3818473,0
3818482,0
3818490,0
3818498,0
3818507,0
3818515,0
3818523,0
3818532,0
3818540,0
3818548,0
3818557,4
3818565,0
3818573,0
3818582,0
3818590,4
3818607,0
3818615,0
3818623,0
3818632,0
3818640,0
3818648,0
3818657,4
3818665,0
3818673,0
3818682,0
3818690,2
3818707,0
3818715,0
3818723,0
3818732,0
3818740,0
3818748,0
3818757,0
3818765,0
3818773,0
3818782,0
3818790,2
3818807,0
3818815,0
3818823,0
3818832,0
3818840,0
3818848,0
3818857,0
3818865,0
3818873,0
3818882,0
3818890,0
3818898,0
3818907,0
3818915,0
3818923,0
3818932,0
3818940,0
3818948,0
3818957,0
3818965,0
3818973,0
3818982,0
3818990,4
3818998,0
3819007,0
3819015,0
3819023,0
3819032,0
3819040,0
3819048,0
3819057,8
3819065,12
3819073,0
3819082,0
3819090,0
3819098,0
3819107,0
3819115,0
3819123,0
3819132,0
3819140,0
3819148,0
3819157,0
3819165,0
3819173,0
3819182,0
3819190,0
3819198,0
3819207,0
3819215,0
3819223,0
3819232,0
3819248,0
3819257,0
3819265,0
3819273,0
3819282,0
3819290,0
3819298,0
3819306,0
3819315,0
3819323,0
3819332,0
3819348,0
3819357,0
3819365,0
3819373,0
3819382,0
3819390,0
3819398,0
3819406,0
3819415,0
3819423,0
3819432,0
3819440,0
3819448,0
3819457,0
3819465,0
3819473,0
3819481,0
3819490,0
3819498,0
3819506,0
3819515,0
3819523,0
3819532,0
3819540,0
3819548,0
3819557,0
3819598,0
3819607,0
3819615,0
3819623,0
3819632,0
3819640,0
3819648,0
3819657,0
3819665,0
3819673,0
3819681,0
3819690,4
3819706,0
3819715,0
3819723,0
3819731,0
3819740,0
3819748,0
3819756,0
3819765,0
3819773,0
3819781,0
3819790,0
3819990,0
3819998,0
3820006,0
3820015,0
3820023,0
3820031,0
3820040,0
3820048,0
3820056,0
3820065,0
3820073,0
3820081,0
3820090,0
3820098,0
3820106,0
3820115,0
3820123,0
3820131,0
3820140,0
3820148,0
3820156,0
3820165,0
3820173,0
3820181,0
3820190,0
3820198,0
3820206,0
3820215,0
3820223,0
3820231,0
3820240,0
3820248,0
3820256,0
3820265,0
3820273,0
3820282,0
3820290,0
3820298,0
3820306,0
3820315,0
3820323,0
3820332,0
3820340,0
3820348,0
3820356,0
3820365,0
3820373,0
3820381,0
3820390,0
3820398,0
3820406,0
3820415,0
3820431,0
3820440,0
3820456,0
3820465,0
3820481,0
3820490,0
3820498,0
3820506,0
3820515,2
3820531,0
3820540,0
3820556,0
3820565,0
3820581,0
3820590,0
3820598,0
3820606,0
3820615,0
3820631,0
3820640,0
3820656,0
3820665,0
3820681,2
3820690,0
3820706,0
3820715,0
3820731,0
3820740,0
3820756,0
3820773,0
3820781,0
3820790,0
3820798,0
3820806,0
3820815,0
3820840,0
3820856,0
3820865,0
3820873,0
3820881,0
3820890,0
3820898,0
3820906,0
3820915,0
3820931,0
3820940,0
3820956,0
3820965,0
3820981,0
3820990,0
3821006,0
3821015,0
3821023,0
3821031,0
3821040,0
3821048,0
3821056,0
3821065,0
3821073,0
3821081,0
3821090,0
3821098,0
3821106,10
3821115,10
3821156,10
3821206,10
3821223,10
3821231,0
3821240,0
3821256,0
3821265,0
3821273,0
3821281,0
3821290,3
3821298,0
3821306,0
3821315,0
3821323,3
3821331,12
3821356,0
3821365,0
3821381,0
3821390,0
3821406,0
3821415,0
3821423,0
3821431,0
3821440,0
3821457,1
3821465,0
3821481,3
3821490,0
3821498,0
3821506,0
3821515,0
3821523,0
3821531,0
3821540,0
3821548,0
3821556,3
3821565,0
3821573,0
3821581,2
3821590,4
3821606,0
3821615,0
3821623,0
3821631,0
3821640,0
3821648,0
3821656,0
3821665,0
3821673,0
3821681,0
3821690,4
3821706,0
3821715,0
3821723,0
3821731,0
3821740,0
3821748,0
3821756,0
3821765,0
3821773,0
3821781,0
3821790,0
3821798,0
3821806,0
3821815,0
3821823,0
3821831,0
3821840,0
3821848,0
3821856,0
3821865,0
3821873,0
3821881,0
3821890,0
3821898,0
3821906,0
3821915,0
3821931,0
3821940,0
3821948,0
3821956,0
3821965,0
3821973,0
3821981,0
3821990,0
3821998,0
3822006,0
3822015,0
3822031,0
3822040,0
3822065,0
3822081,0
3822090,0
3822106,0
3822115,0
3822131,0
3822140,0
3822165,0
3822181,0
3822190,0
3822206,0
3822215,0
3822231,0
3822240,0
3822256,0
3822265,0
3822281,0
3822290,0
3822306,0
3822315,0
3822331,0
3822340,0
3822348,0
3822356,0
3822365,0
3822373,0
3822381,0
3822390,0
3822406,0
3822415,0
3822423,0
3822431,0
3822440,0
3822448,0
3822457,0
3822465,0
3822473,0
3822481,0
3822490,4
3822506,0
3822515,0
3822523,0
3822531,0
3822540,0
3822548,0
3822556,0
3822565,0
3822573,0
3822581,0
3822590,0
3822598,0
3822606,0
3822615,0
3822623,0
3822631,0
3822640,0
3822648,0
3822656,0
3822673,0
3822681,0
3822690,4
3822706,0
3822715,0
3822723,0
3822811,0
3822819,0
3822836,0
3822986,0
3823011,0
3823019,0
3823086,0
3823111,0
3823136,0
3823161,0
3823186,0
3823211,0
3823227,0
3823236,0
3823261,0
3823269,0
3823277,0
3823286,0
3823302,0
3823311,0
3823327,0
3823336,0
3823361,0
3823386,0
3823394,0
3823402,0
3823411,0
3823436,0
3823444,0
3823461,0
3823477,0
3823486,0
3823527,0
3823536,0
3823561,0
3823577,0
3823586,0
3823611,0
3823619,0
3823627,0
3823636,0
3823661,2
3823686,0
3823694,0
3823711,0
3823719,0
3823736,0
3823761,0
3823786,0
3823794,0
3823882,0
3823890,0
3823898,0
3823907,0
3823915,0
3823932,0
3823940,0
3823948,0
3823957,4
3823965,12
3823982,0
3823990,4
3824007,4
3824015,0
3824032,0
3824040,0
3824057,4
3824065,4
3824082,4
3824090,0
3824107,4
3824115,4
3824132,4
3824140,0
3824157,4
3824165,4
3824173,0
3824182,0
3824190,0
3824207,0
3824215,0
3824232,0
3824240,0
3824257,0
3824273,0
3824282,0
3824298,0
3824307,0
3824315,0
3824332,0
3824357,0
3824382,0
3824390,0
3824398,0
3824407,0
3824415,0
3824423,0
3824432,0
3824440,0
3824448,0
3824457,0
3824465,0
3824473,0
3824482,0
3824490,0
3824498,0
3824507,0
3824515,0
3824523,0
3824532,0
3824540,0
3824548,0
3824557,0
3824565,0
3824573,0
3824582,0
3824590,0
3824598,0
3824607,0
3824615,0
3824623,0
3824632,0
3824640,0
3824657,0
3824665,0
3824673,0
3824682,0
3824690,0
3824698,0
3824707,0
3824715,0
3824723,0
3824732,0
3824740,0
3824757,0
3824765,0
3824773,0
3824782,0
3824798,0
3824807,0
3824815,0
3824823,0
3824848,0
3824857,0
3824865,0
3824873,0
3824882,0
3824890,0
3824898,0
3824907,0
3824915,0
3824923,0
3824932,0
3824940,0
3824948,0
3824957,0
3824965,0
3824973,0
3824982,0
3824990,0
3824998,0
3825007,0
3825095,0
3825103,0
3825111,0
3825120,3
3825128,0
3825370,2
3825378,2
3825386,2
3825395,1
3825403,1
3825411,1
3825420,1
3825428,1
3825436,1
3825453,1
3825461,1
3825470,1
3825478,1
3825486,1
3825495,1
3825503,1
3825511,1
3825520,1
3825528,1
3825536,1
3825545,1
3825553,1
3825561,1
3825570,1
3825578,1
3825595,1
3825603,1
3825611,1
3825620,1
3825628,1
3825636,1
3825645,1
3825653,1
3825661,1
3825670,1
3825678,1
3825686,1
3825695,1
3825703,1
3825711,12
3825720,1
3825728,1
3825736,1
3825745,1
3825753,1
3825761,1
3825770,1
3825778,1
3825786,1
3825795,1
3825803,1
3825811,12
3825820,1
3825828,1
3825836,12
3825853,8
3825870,0
3825878,0
3825886,0
3825895,0
3825903,0
3825911,0
3825920,0
3825928,4
3825945,0
3825953,0
3825961,0
3825970,0
3825978,0
3825986,0
3825995,0
3826011,0
3826036,0
3826061,0
3826086,0
3826136,0
3826233,0
3826241,0
3826249,0
3826258,0
3826266,0
3826274,0
3826283,0
3826291,0
3826299,0
3826308,0
3826316,0
3826333,0
3826341,0
3826358,0
3826366,0
3826383,0
3826391,0
3826408,0
3826416,0
3826433,0
3826441,0
3826458,0
3826466,0
3826474,0
3826483,0
3826491,0
3826499,0
3826508,0
3826516,0
3826533,0
3826541,0
3826558,0
3826566,0
3826574,0
3826583,0
3826591,0
3826599,0
3826608,0
3826616,0
3826633,0
3826641,0
3826649,0
3826658,0
3826666,0
3826674,0
3826683,0
3826691,4
3826708,0
3826716,0
3826724,0
3826733,0
3826741,0
3826749,0
3826758,0
3826766,0
3826774,0
3826783,0
3826791,0
3826799,0
3826808,0
3826816,0
3826824,0
3826833,0
3826841,0
3826849,0
3826858,0
3826866,0
3826874,0
3826883,0
3826891,0
3826899,0
3826908,0
3826916,0
3826924,0
3826933,0
3826941,0
3826949,0
3826958,0
3826966,0
3826974,0
3826983,0
3826991,0
3826999,0
3827008,0
3827016,0
3827033,0
3827041,0
3827058,0
3827066,0
3827082,0
3827091,0
3827108,0
3827116,0
3827132,0
3827141,0
3827158,0
3827166,0
3827182,0
3827191,0
3827207,0
3827216,0
3827241,0
3827258,0
3827266,0
3827274,0
3827282,0
3827291,0
3827307,0
3827316,0
3827332,0
3827341,0
3827358,0
3827366,0
3827382,0
3827391,0
3827407,0
3827416,0
3827433,0
3827441,0
3827449,0
3827457,0
3827466,0
3827474,0
3827483,0
3827491,0
3827499,0
3827508,0
3827516,0
3828259,0
3828276,0
3828284,0
3828301,0
3828326,0
3828351,0
3828359,0
3828376,0
3828384,0
3828400,0
3828426,0
3828451,0
3828459,0
3828475,0
3828484,0
3828526,0
3828701,0
3828725,0
3828842,12
3828850,12
3828875,12
3828900,12
3828917,12
3828926,12
3828934,12
3828942,12
3828950,12
3828967,12
3828975,12
3829000,8
3829017,12
3829025,12
3829034,1
3829050,1
3829059,1
3829067,1
3829075,1
3829084,1
3829100,1
3829109,1
3829125,1
3829134,1
3829142,1
3829150,1
3829159,1
3829167,1
3829175,1
3829184,1
3829192,1
3829200,1
3829209,1
3829217,1
3829225,1
3829234,1
3829330,1
3829338,1
3829355,1
3829363,1
3829371,0
3829380,1
3829388,8
3829396,1
3829405,1
3829422,1
3829430,1
3829438,12
3829446,1
3829455,1
3829463,1
3829471,1
3829480,1
3829496,1
3829505,1
3829513,1
3829522,1
3829530,1
3829538,1
3829546,1
3829555,1
3829564,12
3829572,1
3829580,12
3829605,0
3829613,0
3829621,0
3829630,0
3829638,0
3829655,0
3829663,0
3829671,0
3829696,0
3829705,0
3829713,0
3829721,0
3829730,0
3829738,0
3829746,0
3829755,0
3829763,0
3829771,0
3829796,0
3829805,0
3829813,0
3829822,0
3829830,0
3829838,0
3829846,0
3829855,0
3829872,0
3829897,0
3829921,0
3829930,0
3829946,0
3829971,0
3829997,0
3830005,0
3830021,0
3830046,0
3830071,0
3830080,0
3830096,0
3830121,0
3830130,0
3830155,0
3830171,12
3830180,12
3830196,12
3830205,12
3830222,12
3830230,12
3830246,8
3830255,8
3830271,12
3830280,12
3830296,12
3830305,12
3830506,12
3830522,12
3830547,12
3830556,12
3830572,8
3830581,8
3830597,0
3830614,0
3830622,0
3830647,0
3830656,0
3830672,0
3830681,0
3830697,0
3830706,0
3830722,0
3830731,0
3830747,0
3830772,0
3830781,0
3830798,0
3830806,0
3830822,0
3830831,0
3830847,0
3830872,0
3830897,0
3830906,0
3830922,0
3830947,0
3830981,1
3830997,1
3831006,1
3831014,1
3831022,1
3831031,12
3831039,12
3831047,12
3831056,12
3831065,12
3831072,12
3831081,12
3831097,12
3831106,12
3831114,12
3831122,12
3831131,12
3831139,1
3831147,12
3831156,12
3831172,12
3831198,12
3831206,12
3831222,12
3831231,12
3831247,12
3831256,12
3831272,12
3831281,12
3831297,12
3831322,12
3831347,8
3831372,8
3831397,12
3831422,12
3831447,8
3831569,0
3831577,0
3831594,0
3831618,0
3831627,0
3831643,0
3831652,0
3831668,0
3831677,0
3831694,0
3831719,0
3831727,0
3831743,0
3831752,0
3831768,0
3831777,0
3831793,0
3831802,0
3831818,0
3831827,0
3831843,0
3831852,0
3831868,0
3831877,0
3831893,0
3831902,0
3831918,0
3831927,0
3831935,0
3831943,0
3831952,0
3831968,0
3831977,0
3831993,0
3832002,0
3832010,0
3832043,0
3832052,0
3832077,12
3832093,12
3832102,12
3832118,12
3832127,12
3832143,12
3832152,12
3832168,12
3832177,12
3832193,12
3832202,12
3832218,12
3832227,12
3832243,12
3832252,12
3832268,12
3832277,12
3832293,12
3832302,12
3832310,12
3832318,12
3832327,12
3832343,12
3832352,12
3832360,8
3832368,8
3832393,8
3832443,8
3832452,8
3832460,8
3832468,8
3832493,8
3832543,8
3832568,8
3832577,12
3832585,1
3832593,1
3832602,1
3832618,1
3832627,0
3832643,0
3832652,0
3832668,0
3832693,0
3832702,0
3832718,0
3832727,4
3832743,4
3832768,0
3832777,0
3832793,0
3832802,0
3832819,0
3832827,0
3832843,0
3832868,0
3832894,0
3832902,0
3833007,0
3833031,0
3833040,0
3833056,0
3833081,0
3833106,0
3833115,0
3833131,0
3833140,0
3833156,0
3833181,0
3833190,0
3833198,0
3833206,0
3833231,0
3833290,0
3833306,0
3833356,0
3833381,0
3833398,0
3833406,0
3833456,0
3833498,1
3833606,0
3833631,0
3833656,4
3833756,4
3833790,4
3833856,4
3833890,4
3833956,0
3833981,0
3833990,0
3833998,0
3834006,0
3834023,0
3834056,1
3834065,4
3834081,0
3834090,0
3834106,0
3834131,0
3834165,0
3834181,0
3834190,0
3834206,0
3834295,0
3834319,0
3834328,0
3834353,0
3834378,0
3834395,3
3834419,0
3834444,0
3834453,0
3834478,0
3834494,4
3834503,4
3834519,4
3834641,0
3834690,0
3834724,0
3834790,0
3834840,0
3834890,0
3835024,0
3835090,0
3835390,0
3835440,11
3835449,8
3835465,8
3835590,0
3835886,0
3835961,0
3836086,0
3836336,12
3836545,8
3836561,8
3836695,12
3836791,8
3836832,4
3836891,0
3837407,1
3837432,1
3837457,1
3837491,1
3837507,1
3837532,1
3837557,1
3837566,1
3837582,1
3837632,0
3837657,4
3837691,3
3837716,2
3837732,2
3837766,3
3837862,5
3837878,1
3837887,2
3837903,1
3837912,1
3837928,1
3837937,2
3837953,3
3837962,3
3837978,3
3837987,3
3838003,2
3838012,2
3838037,2
3838053,3
3838062,3
3838087,3
3838112,3
3838128,2
3838137,2
3838162,2
3838178,2
3838187,2
3838203,2
3838212,2
3838228,2
3838237,2
3838253,2
3838262,2
3838278,3
3838287,3
3838303,3
3838312,3
3838328,3
3838337,3
3838362,1
3871616,0
3871641,0
