4201288,0
4201972,5
4201997,2
4202047,4
4202097,5
4202172,0
4202247,1
4202272,5
4202297,5
4202322,5
4202347,5
4202372,5
4202397,5
4202422,5
4202447,5
4202472,5
4202497,5
4202522,5
4202547,5
4202572,5
4202597,5
4202622,5
4202647,5
4202672,5
4202697,5
4202722,5
4202747,5
4202772,5
4202797,5
4202822,5
4202872,5
4202897,5
4202922,5
4202947,5
4202972,5
4202997,5
4203022,5
4203047,5
4203072,5
4203097,5
4203122,5
4203147,5
4203172,5
4203197,5
4203222,5
4203247,5
4203272,5
4203297,5
4203322,5
4203447,5
4203472,5
4203497,5
4203522,5
4203547,5
4203572,5
4203597,5
4203622,5
4203647,5
4203760,5
4203785,5
4203810,5
4203835,5
4203985,5
4204060,5
4204110,5
4204160,5
4204210,5
4204235,5
4204260,5
4204285,5
4204310,5
4204335,5
4204360,5
4204385,5
4204410,5
4204435,5
4204485,5
4204560,1
4204610,1
4204702,5
4204710,5
4204727,5
4204735,5
4204823,1
4204831,1
4204856,5
4204873,5
4204881,5
4204898,1
4204923,1
4204931,1
4204948,1
4204956,1
4204981,1
4204998,1
4205006,1
4205023,1
4205031,1
4205056,1
4205081,1
4205106,1
4205123,1
4205148,1
4205156,1
4205173,1
4205198,1
4205223,1
4205248,1
4205273,1
4205306,1
4205323,1
4205348,1
4205373,1
4205398,1
4205423,1
4205448,1
4205473,1
4205498,1
4205523,1
4205548,1
4205573,1
4205598,5
4205623,1
4205648,1
4205673,1
4205698,1
4205723,1
4205748,1
4205773,1
4205798,1
4205894,6
4205919,5
4205969,0
4205994,5
4206019,5
4206044,5
4206069,5
4206094,5
4206144,5
4206169,5
4206194,5
4206219,5
4206244,5
4206269,5
4206294,5
4206319,5
4206327,5
4206344,5
4206352,5
4206369,5
4206377,5
4206394,5
4206402,5
4206427,5
4206444,5
4206469,5
4206494,5
4206519,5
4206552,5
4206569,1
4206577,1
4206594,1
4206602,1
4206627,1
4206652,1
4206677,1
4206702,1
4206727,1
4206752,1
4206852,5
4206877,5
4206973,5
4206998,5
4207023,5
4207073,5
4207098,5
4207123,1
4207173,1
4207190,1
4207198,1
4207248,1
4207273,1
4207298,1
4207348,1
4207373,5
4207398,5
4207423,5
4207448,5
4207465,5
4207473,1
4207498,1
4207523,1
4207540,1
4207548,1
4207573,1
4207598,5
4207615,5
4207623,5
4207640,5
4207665,5
4207690,5
4207698,5
4207723,5
4207748,5
4207765,5
4207798,5
4207823,5
4207848,5
4207865,5
4207873,5
4207890,5
4207898,5
4207915,5
4207923,5
4207948,5
4208111,0
4208136,0
4208411,0
4208586,0
4208786,1
4208794,5
4208811,5
4208819,5
4208844,5
4208869,5
4208886,5
4208911,5
4208936,5
4208944,5
4208961,5
4208986,5
4209011,5
4209019,5
4209107,1
4209282,5
4209307,2
4209357,2
4209365,2
4209382,1
4209407,1
4209415,1
4209432,1
4209440,1
4209457,1
4209465,1
4209482,1
4209507,1
4209540,1
4209557,1
4209565,1
4209607,1
4209640,5
4209657,5
4209665,5
4209707,5
4209765,5
4209782,5
4209807,5
4209815,5
4209832,5
4209840,5
4209857,5
4209865,5
4209882,5
4209915,5
4209932,5
4209982,1
4210032,1
4210040,1
4210057,1
4210082,1
4210132,1
4211324,4
4211349,2
4211374,2
4211399,2
4211449,2
4211466,1
4211491,1
4211499,1
4211516,1
4211541,5
4211591,3
4211616,0
4211641,2
4211791,2
4211865,4
4212041,5
4212091,1
4212265,1
4214424,5
4214524,5
4214974,5
4215025,5
4215074,5
4215099,5
4215124,5
4215175,5
4215587,0
4215612,0
4215629,0
4216020,5
4216170,5
4216817,5
4216892,5
4216942,5
4217042,5
4217217,5
4217638,5
4217688,5
4217713,5
4217763,5
4217813,5
4217838,5
4217863,5
4218188,5
4218238,5
4218559,5
4218634,5
4218659,5
4218759,5
4218859,5
4218884,1
4218909,3
4218934,3
4218959,2
4218984,3
4219009,3
4219209,1
4219259,4
4219334,3
4219359,3
4219434,3
4219459,3
4219484,3
4219581,3
4219589,3
4219605,3
4219614,3
4219630,2
4219639,2
4219655,1
4219664,2
4219680,2
4219689,2
4219705,2
4219714,2
4219730,1
4219755,1
4219780,1
4219805,1
4219830,1
4219855,1
4219880,1
4219905,1
4219930,1
4220105,3
4220114,3
4220130,3
4220139,3
4220155,3
4220164,2
4220180,2
4220189,3
4220205,3
4220230,3
4220239,3
4220255,3
4220264,3
4220280,3
4220289,3
4220305,3
4220330,3
4220339,3
4220355,3
4220389,3
4220405,3
4220414,3
4220455,3
4220480,4
4220514,4
4220530,4
4220539,4
4220580,4
4220589,4
4220605,4
4220639,4
4220664,3
4220785,4
4220794,4
4220819,4
4220835,4
4220844,4
4220869,4
4220910,4
4220919,4
4220935,4
4220969,4
4221010,2
4221019,3
4221035,4
4221085,3
4221135,3
4221160,2
4221185,2
4221673,5
4222844,5
4223369,5
4223394,5
4223419,5
4224930,3
4224972,4
4224981,3
4224997,3
4225022,3
4225081,3
4225122,3
4225130,3
4225147,3
4225155,3
4225230,2
4225247,3
4225272,3
4225297,3
4225305,3
4225322,3
4225355,3
4225372,3
4225380,3
4225397,3
4225422,3
4225447,4
4225455,3
4225680,2
4225697,3
4225722,3
4225747,3
4225772,3
4225780,3
4225797,3
4225822,3
4225872,2
4226460,2
4228452,0
4228502,0
4228635,5
4228652,5
4228677,5
4228702,0
4228727,0
4228777,0
4228802,0
4228860,5
4228885,5
4228910,5
4228977,0
4228986,0
4229010,5
4229035,5
4229248,0
4229273,0
4229348,0
4229473,0
4229523,0
4229973,0
4229998,0
4230098,0
4230386,4
4230661,5
4230794,0
4230869,0
4230894,0
4230994,0
4231094,0
4231415,5
4231449,5
4231473,5
4231498,5
4231515,5
4231523,5
4231573,5
4231590,5
4231923,5
4231940,5
4231948,5
4231973,5
4231990,5
4231998,5
4232015,5
4232073,5
4232090,5
4232098,5
4232140,5
4232148,5
4232173,5
4232190,5
4232198,5
4232215,5
4232223,5
4232248,5
4232273,5
4232290,5
4232298,5
4232323,5
4232340,5
4232348,5
4232373,5
4232461,0
4232469,0
4232486,0
4232511,0
4232519,0
4232536,0
4232544,0
4232561,0
4232569,0
4232586,0
4232611,0
4232619,0
4232628,0
4232636,0
4232644,0
4232669,0
4232686,0
4232711,0
4232719,0
4232736,0
4232744,0
4232761,0
4232769,0
4232786,0
4232794,0
4232811,0
4232836,0
4232844,0
4232861,0
4232869,0
4232886,0
4232911,0
4232919,0
4232936,0
4232944,0
4232961,0
4232986,0
4233011,0
4233019,0
4233036,0
4233061,0
4233086,0
4233111,0
4233136,0
4233161,0
4233186,0
4233211,0
4233219,0
4233236,0
4233244,0
4233261,0
4233286,0
4233311,0
4233336,0
4233361,0
4233386,0
4233394,0
4233411,0
4233419,0
4233436,0
4233532,0
4233557,0
4233582,0
4233590,0
4233607,0
4233615,0
4233632,0
4233657,0
4233682,0
4233707,0
4233732,0
4233757,0
4233782,0
4233807,0
4233815,0
4233832,0
4233840,0
4233857,0
4233882,0
4233890,0
4233907,0
4233915,0
4233932,0
4233940,0
4233957,0
4233982,0
4233990,0
4234007,5
4234032,5
4234040,5
4234057,5
4234065,5
4234082,5
4234090,5
4234107,5
4234115,5
4234132,5
4234140,5
4234282,5
4234290,5
4234307,5
4234315,5
4234332,5
4234357,5
4234382,5
4234407,5
4234432,5
4234457,5
4234482,5
4234507,5
4234604,0
4234611,0
4234628,0
4234636,0
4234653,5
4234678,5
4234686,5
4234703,5
4234711,5
4234728,5
4234753,5
4234761,5
4234778,5
4234786,5
4234803,0
4234811,0
4234828,0
4234836,0
4234853,0
4234861,0
4234878,0
4234886,0
4234903,0
4234911,0
4234928,0
4234953,0
4234978,0
4235003,0
4235011,0
4235028,0
4235036,0
4235053,0
4235061,0
4235078,0
4235086,0
4235103,0
4235128,0
4235153,0
4235178,0
4235186,0
4235203,0
4235228,0
4235253,0
4235278,0
4235303,0
4235328,0
4235353,0
4235378,0
4235403,0
4235411,0
4235428,0
4235453,5
4235478,3
4235486,3
4235503,3
4235528,3
4235536,3
4235553,3
4235561,3
4235578,3
4235586,3
4235603,3
4235611,3
4235628,3
4235636,3
4235653,3
4235758,3
4235766,4
4235783,4
4235791,4
4235808,4
4235816,4
4235833,4
4235858,4
4235883,4
4235891,4
4235899,4
4235916,4
4235941,4
4235966,4
4235991,4
4236016,4
4236041,4
4236083,4
4236091,4
4236108,4
4236133,4
4236141,4
4236158,4
4236166,4
4236174,4
4236191,4
4236216,4
4236241,4
4236266,4
4236291,4
4236316,4
4236341,4
4236358,4
4236366,4
4236383,4
4236391,4
4236399,4
4236571,4
4236596,4
4236621,4
4236629,4
4236638,4
4236646,4
4236663,4
4236671,4
4236688,4
4236721,4
4236746,4
4236771,4
4236788,4
4236796,4
4236813,4
4236821,4
4236838,4
4236863,4
4236871,4
4236888,4
4236913,4
4236921,4
4236938,4
4236946,4
4236988,4
4237013,4
4237038,4
4237046,4
4237054,4
4237071,4
4237104,4
4237121,4
4237146,4
4237326,4
4237351,4
4237359,4
4237368,4
4237376,4
4237426,3
4237451,4
4237468,4
4237476,4
4237493,4
4237518,4
4237526,4
4237543,4
4237568,4
4237576,4
4237593,4
4237618,4
4237651,4
4237668,4
4237676,4
4237693,4
4237718,4
4237734,4
4237751,4
4237759,4
4237776,4
4237801,4
4237818,3
4237826,3
4237843,3
4237851,3
4237868,3
4237893,3
4237918,3
4237926,3
4237943,3
4237951,3
4237968,3
4237976,3
4237993,3
4238001,2
4238018,2
4238026,2
4238043,2
4238051,2
4238068,2
4238076,2
4238093,2
4238101,2
4238118,2
4238126,2
4238143,3
4238151,3
4238168,2
4238176,2
4238193,2
4238201,2
4238218,2
4238243,2
4238251,2
4238268,2
4238364,2
4238372,2
4238389,2
4238397,2
4238414,2
4238422,2
4238439,2
4238447,2
4238489,1
4238539,1
4238564,1
4238597,1
4238614,1
4238639,1
4238664,1
4238689,1
4238722,1
4238739,1
4238747,1
4238764,1
4238772,1
4238789,1
4238814,1
4238822,1
4238839,1
4238847,1
4238864,1
4238872,1
4238897,1
4238914,2
4238922,2
4238939,2
4238947,2
4238964,1
4238972,1
4239014,1
4239022,1
4239039,1
4239047,1
4239072,1
4239122,1
4239139,1
4239147,1
4239164,1
4239172,1
4239222,1
4239239,1
4239247,1
4239272,1
4239305,1
4239314,1
4239322,1
4239339,1
4239347,1
4239364,1
4239372,1
4239389,1
4239502,5
4239510,5
4239527,5
4239535,5
4239560,5
4239577,5
4239585,5
4239602,5
4239610,5
4239627,5
4239635,0
4239652,0
