3689082,5
3689107,5
3689132,5
3689157,5
3689278,5
3689303,5
3689328,5
3689353,5
3689403,4
3689428,5
3689453,5
3689503,5
3689528,5
3689553,5
3689570,5
3689578,5
3689603,5
3689628,5
3689645,5
3689653,5
3689678,5
3689703,5
3689728,5
3689753,5
3689778,5
3689803,5
3689828,5
3689853,5
3689870,5
3689878,5
3689903,5
3689928,5
3689937,5
3689953,5
3689978,4
3690003,4
3690028,4
3690053,4
3690078,4
3690103,4
3690128,5
3690153,5
3690178,5
3690203,4
3690228,5
3690325,5
3690349,5
3690366,5
3690374,4
3690424,4
3690449,4
3690474,4
3690499,5
3690524,5
3690549,5
3690566,5
3690574,4
3690599,5
3690624,5
3690649,5
3690674,4
3690699,5
3690724,5
3690749,5
3690774,5
3690799,5
3690824,5
3690841,5
3690849,5
3690874,4
3690899,5
3690925,5
3690949,5
3690974,4
3690999,5
3691024,5
3691032,5
3691224,5
3691249,5
3691257,5
3691299,5
3691396,5
3691404,4
3691412,5
3691420,5
3691470,5
3691495,5
3691512,5
3691520,5
3691537,5
3691545,5
3691570,5
3691595,5
3691720,5
3691778,4
3691795,5
3691820,5
3691845,4
3691870,4
3691895,1
3691920,1
3691945,4
3691970,4
3691995,5
3692020,5
3692028,5
3692045,5
3692054,5
3692070,5
3692095,5
3692120,5
3692145,5
3692178,4
3692195,6
3692204,6
3692220,6
3692245,4
3692270,4
3692278,4
3692295,4
3692345,4
3692370,4
3692509,4
3692541,4
3692566,0
3692575,0
3692608,0
3692633,5
3692658,5
3692683,5
3692733,5
3692758,5
3692783,5
3692833,5
3692841,5
3692858,5
3692883,5
3692933,5
3692941,4
3692958,4
3692983,4
3693008,4
3693033,5
3693041,5
3693058,5
3693083,5
3693108,4
3693133,4
3693183,4
3693233,4
3693283,4
3693333,5
3693358,5
3693375,5
3693383,5
3693408,5
3693433,5
3693458,5
3693483,5
3693580,4
3693604,4
3693629,0
3693637,0
3693654,0
3693663,0
3693679,0
3693687,0
3693704,0
3693712,0
3693729,0
3693746,0
3693754,0
3693762,0
3693771,0
3693779,0
3693804,0
3693829,0
3693837,0
3693846,0
3693854,0
3693879,0
3693887,0
3693929,5
3693954,5
3693987,4
3694004,4
3694013,4
3694029,5
3694054,5
3694079,4
3694104,4
3694154,5
3694179,5
3694187,5
3694204,4
3694212,4
3694229,4
3694237,4
3694254,5
3694262,5
3694279,5
3694287,5
3694304,5
3694312,5
3694329,5
3694354,5
3694363,5
3694379,5
3694387,5
3694404,5
3694429,5
3694454,5
3694529,5
3694537,4
3694554,4
3694562,5
3694579,5
3694587,5
3694604,4
3694637,4
3694654,4
3694662,4
3694679,4
3694687,4
3694704,4
3694712,4
3694729,4
3694737,4
3694754,4
3694779,4
3694804,4
3694812,4
3694837,4
3694854,4
3694862,5
3694879,5
3694888,4
3694904,4
3694993,5
3695017,5
3695042,5
3695067,5
3695075,4
3695117,4
3695142,4
3695192,5
3695250,5
3695292,4
3695342,4
3695742,4
3695867,4
3695917,4
3695942,4
3695967,5
3696064,5
3696071,4
3696088,4
3696113,4
3696138,4
3696163,4
3696171,4
3696180,5
3696205,5
3696238,0
3696288,0
3696305,0
3696313,0
3696338,0
3696363,4
3696388,4
3696413,4
3696438,4
3696463,5
3696488,5
3696505,5
3696521,5
3696538,5
3696546,4
3696571,4
3696588,1
3696596,1
3696613,3
3696621,3
3696638,3
3696671,3
3696680,2
3696738,1
3696888,1
3696905,1
3696913,1
3696938,1
3696963,1
3697013,4
3697038,1
3697239,1
3697264,1
3697281,1
3697289,1
3697314,1
3697339,4
3697389,4
3697414,4
3697439,4
3697465,4
3697472,4
3697489,1
3697497,1
3697514,1
3697522,1
3697539,1
3697547,4
3697564,5
3697589,5
3697664,5
3697689,5
3697714,4
3697739,4
3697764,5
3697772,5
3697781,5
3697789,5
3697814,5
3697839,5
3697847,5
3697864,5
3697872,5
3697889,5
3697914,4
3697939,4
3697964,4
3697972,4
3698014,4
3698047,4
3698064,1
3698139,1
3698147,1
3698164,1
3698172,1
3698189,1
3698214,4
3698310,4
3698335,1
3698343,1
3698360,1
3698368,6
3698410,6
3698418,6
3698443,4
3698460,1
3698485,1
3698518,1
3698535,1
3698560,1
3698585,1
3698593,1
3698610,1
3698618,1
3698635,1
3698643,1
3698660,1
3698710,1
3698718,1
3698760,1
3698785,5
3698835,5
3698860,5
3698885,5
3698910,5
3698935,5
3698960,5
3698985,5
3699010,5
3699035,5
3699060,5
3699085,5
3699135,5
3699160,5
3699185,5
3699210,6
3699260,6
3699381,6
3699389,6
3699406,6
3699431,6
3699456,6
3699481,6
3699531,6
3699606,6
3699639,6
3699656,6
3699681,6
3699731,6
3699756,6
3699764,6
3699789,6
3699814,6
3699831,6
3699839,6
3699848,6
3699864,6
3699889,6
3699914,6
3699931,6
3699939,6
3699956,6
3699964,6
3699989,6
3700256,2
3700281,2
3700306,2
3700331,2
3700356,2
3700510,4
3700585,4
3700610,4
3700660,0
3700677,0
3700685,0
3700710,0
3700760,0
3700777,0
3700810,0
3700835,0
3700844,0
3700910,4
3700935,5
3700952,5
3700960,5
3701002,5
3701010,5
3701019,5
3701035,5
3701060,5
3701077,5
3701102,5
3701110,5
3701119,5
3701127,5
3701135,5
3701152,5
3701160,5
3701177,5
3701185,5
3701202,5
3701210,5
3701227,5
3701235,5
3701252,5
3701260,5
3701277,5
3701285,5
3701302,5
3701310,5
3701335,6
3701360,6
3701385,6
3701435,6
3701523,6
3701532,6
3701573,4
3701581,4
3701606,4
3701623,4
3701631,4
3701673,4
3701681,4
3701706,4
3701723,5
3701731,5
3701748,5
3701773,5
3701781,4
3701823,5
3701831,5
3701840,5
3701848,5
3701873,4
3701881,4
3701898,5
3701923,5
3701931,5
3701948,5
3701981,4
3702023,5
3702032,5
3702048,5
3702073,5
3702081,5
3702098,5
3702106,5
3702123,5
3702206,4
3702231,4
3702298,4
3702306,4
3702323,4
3702331,4
3702373,4
3702406,4
3702423,4
3702431,4
3702473,4
3702506,4
3702523,4
3702531,4
3702573,4
3702606,4
3702623,4
3702673,4
3702681,4
3702698,6
3702706,6
3702731,6
3702748,6
3702756,6
3702773,6
3702781,4
3702798,6
3702806,6
3702823,6
3702831,6
3702848,6
3702856,6
3702873,6
3702881,4
3702906,4
3702931,6
3702948,6
3702956,6
3702973,6
3702981,4
3702998,6
3703006,6
3703023,6
3703031,6
3703048,6
3703056,6
3703073,6
3703081,4
3703098,6
3703106,6
3703123,6
3703148,4
3703173,1
3703181,1
3703198,1
3703206,1
3703223,1
3703239,5
3703273,5
3703298,5
3703306,5
3703314,5
3703348,4
3703373,4
3703381,4
3703398,1
3703431,1
3703448,1
3703456,1
3703473,1
3703498,1
3703523,1
3703531,1
3703548,4
3703636,6
3703644,6
3703661,6
3703669,6
3703686,6
3703694,6
3703719,6
3703744,6
3703761,6
3703769,6
3703794,6
3703819,6
3703836,6
3703844,6
3703861,6
3703869,6
3703877,6
3703886,6
3703894,6
3703919,6
3703969,6
3703994,6
3704019,6
3704036,6
3704061,6
3704069,6
3704086,6
3704094,6
3704111,6
3704119,6
3704136,6
3704161,6
3704186,6
3704211,6
3704236,6
3704261,6
3704286,6
3704311,6
3704336,6
3704361,6
3704386,6
3704411,6
3704436,6
3704461,6
3704486,6
3704536,6
3704544,6
3704561,6
3704569,6
3704586,6
3704594,6
3704611,6
3704619,6
3704715,4
3704740,4
3704757,4
3704765,4
3704782,4
3704807,4
3704815,4
3704832,4
3704840,4
3704857,4
3704882,6
3704907,6
3704965,6
3705007,6
3705015,6
3705057,6
3705065,6
3705107,6
3705115,6
3705132,6
3705140,6
3705157,4
3705165,6
3705173,6
3705182,6
3705232,6
3705257,6
3705265,6
3705282,6
3705315,6
3705332,6
3705357,6
3705365,6
3705415,6
3705432,6
3705465,6
3705482,6
3705523,4
3705532,4
3705557,4
3705565,6
3705607,6
3705615,4
3705632,6
3705648,6
3705657,6
3705665,6
3705673,6
3705707,6
3705715,4
3705732,6
3705757,6
3705765,6
3705807,6
3705932,6
3705982,4
3706015,4
3706057,4
3706073,4
3706082,4
3706107,4
3706115,4
3706207,4
3706215,4
3706265,5
3706282,5
3706357,5
3706365,5
3706373,5
3706407,5
3706457,5
3706465,6
3706507,6
3706515,6
3706548,6
3706557,6
3706607,6
3706657,6
3706665,6
3706682,6
3706707,6
3706757,6
3706765,6
3706807,6
3706857,6
3706865,6
3706907,6
3706915,6
3706932,6
3706957,6
3706973,6
3707007,6
3707015,4
3707032,4
3707057,6
3707082,6
3707107,6
3707115,6
3707148,6
3707157,6
3707165,6
3707173,4
3707207,4
3707215,4
3707307,4
3707315,4
3707415,4
3707457,5
3707465,5
3707482,5
3707507,5
3707515,5
3707557,5
3707565,5
3707615,4
3707657,5
3707665,5
3707673,5
3707706,5
3707715,4
3707740,5
3707756,5
3707765,5
3707806,4
3707815,4
3707832,0
3707865,0
3707881,0
3707906,0
3707948,0
3708006,0
3708015,0
3708106,4
3708115,6
3708148,6
3708156,6
3708215,6
3708256,6
3708265,6
3708281,6
3708306,6
3708315,6
3708357,6
3708365,6
3708406,6
3708431,6
3708456,6
3708465,6
3708506,4
3708515,6
3708531,6
3708556,5
3708565,5
3708631,5
3708656,5
3708673,5
3708681,4
3708706,4
3708715,4
3708740,5
3708756,5
3708765,5
3708773,5
3708790,5
3708806,5
3708815,4
3708840,4
3708856,5
3708865,5
3708890,5
3708906,5
3708915,4
3708940,4
3708956,5
3708965,5
3708990,5
3709015,4
3709031,6
3709056,6
3709065,6
3709131,6
3709140,4
3709156,4
3709165,4
3709206,4
3709215,6
3709231,6
3709256,6
3709265,6
3709281,6
3709306,6
3709315,6
3709340,6
3709348,6
3709356,4
3709381,6
3709415,6
3709432,6
3709456,6
3709465,6
3709506,6
3709515,6
3709531,6
3709556,6
3709565,6
3709581,6
3709606,6
3709615,6
3709631,6
3709656,6
3709665,6
3709681,6
3709706,6
3709715,6
3709731,6
3709748,6
3709756,6
3709765,6
3709781,6
3709806,6
3709815,6
3709840,6
3709856,6
3709865,6
3709890,6
3709906,6
3709931,6
3709940,6
3709956,6
3709990,6
3710006,6
3710031,6
3710056,6
3710065,6
3710081,6
3710090,6
3710106,6
3710115,6
3710157,6
3710165,6
3710206,6
3710256,6
3710265,6
3710306,6
3710315,6
3710331,6
3710340,6
3710365,6
3710390,6
3710406,6
3710431,6
3710440,6
3710456,6
3710465,6
3710515,6
3710531,6
3710556,6
3710565,6
3710590,6
3710606,6
3710615,6
3710631,6
3710656,6
3710665,6
3710681,6
3710706,6
3710715,6
3710731,6
3710740,6
3710756,6
3710781,6
3710790,6
3710815,6
3710831,6
3710857,6
3710865,6
3710881,6
3710906,6
3710915,6
3710931,6
3710956,6
3710965,6
3710981,6
3711006,6
3711015,6
3711031,6
3711065,6
3711081,6
3711106,6
3711115,6
3711131,6
3711156,6
3711165,6
3711206,6
3711215,4
3711231,6
3711239,6
3711256,6
3711265,6
3711306,6
3711323,6
3711331,6
3711348,6
3711356,6
3711365,6
3711390,6
3711406,6
3711431,6
3711439,6
3711456,6
3711465,6
3711481,6
3711490,6
3711506,6
3711514,6
3711531,6
3711540,6
3711556,6
3711565,6
3711581,6
3711590,4
3711606,6
3711614,6
3711631,6
3711656,4
3711665,6
3711681,6
3711706,6
3711714,6
3711731,6
3711739,6
3711756,6
3711764,6
3711789,6
3711806,6
3711831,6
3711856,6
3711864,6
3711906,6
3711923,6
3711931,6
3711956,6
3711964,6
3711981,6
3712006,6
3712014,6
3712031,6
3712056,6
3712065,6
3712081,6
3712106,6
3712114,6
3712131,6
3712139,6
3712156,6
3712164,6
3712181,6
3712189,6
3712206,6
3712214,6
3712223,6
3712231,6
3712239,6
3712264,6
3712289,6
3712306,6
3712314,6
3712331,6
3712339,6
3712356,6
3712364,6
3712381,6
3712406,1
3712414,1
3712431,1
3712465,1
3712481,1
3712506,1
3712514,1
3712523,1
3712531,1
3712564,1
3712581,1
3712606,1
3712614,4
3712631,5
3712656,5
3712664,5
3712681,5
3712706,5
3712714,5
3712731,5
3712764,5
3712781,5
3712806,5
3712814,5
3712831,5
3712864,1
3712881,1
3712914,1
3712931,1
3712956,1
3712964,1
3712981,1
3713006,1
3713015,1
3713031,1
3713064,1
3713106,1
3713114,1
3713156,1
3713164,1
3713181,1
3713189,1
3713206,1
3713214,1
3713256,4
3713264,5
3713281,5
3713306,5
3713314,4
3713323,4
3713331,4
3713356,4
3713364,6
3713381,6
3713406,4
3713414,4
3713456,4
3713464,6
3713481,6
3713506,4
3713514,4
3713523,4
3713556,4
3713564,6
3713581,6
3713606,4
3713614,4
3713656,4
3713665,6
3713681,6
3713706,6
3713714,6
3713731,6
3713756,6
3713764,6
3713806,6
3713814,6
3713831,6
3713856,4
3713864,6
3713881,6
3713906,6
3713914,6
3713931,6
3713956,6
3714006,6
3714014,4
3714031,6
3714039,6
3714056,6
3714064,6
3714081,6
3714089,4
3714106,6
3714114,6
3714131,6
3714139,6
3714156,6
3714164,6
3714181,6
3714189,4
3714206,4
3714214,4
3714256,4
3714264,4
3714306,4
3714314,4
3714356,6
3714406,6
3714414,4
3714431,6
3714456,6
3714464,6
3714481,6
3714506,6
3714514,6
3714556,6
3714564,6
3714581,6
3714589,6
3714606,6
3714614,6
3714631,6
3714681,6
3714706,6
3714714,6
3714731,6
3714765,6
3714781,6
3714789,4
3714814,6
3714831,6
3714848,6
3714856,6
3714864,6
3714881,6
3714889,6
3714906,4
3714914,6
3714931,6
3714948,6
3714956,6
3714964,6
3714981,6
3715014,6
3715031,6
3715064,6
3715081,6
3715106,6
3715114,6
3715156,4
3715164,4
3715189,4
3715206,4
3715256,4
3715264,4
3715289,4
3715306,6
3715314,6
3715347,6
3715356,4
3715364,5
3715381,5
3715406,5
3715414,5
3715423,5
3715447,5
3715464,5
3715481,5
3715506,5
3715514,4
3715556,4
3715564,4
3715589,4
3715606,4
3715614,4
3715656,4
3715664,6
3715681,6
3715689,4
3715706,4
3715756,4
3715764,5
3715781,5
3715806,5
3715814,4
3715864,6
3716131,6
3716139,6
3716181,6
3716189,6
3716214,6
3716231,6
3716239,6
3716281,4
3716289,4
3716306,4
3716314,4
3716331,6
3716356,6
3716381,6
3716406,6
3716431,6
3716456,6
3716481,6
3716489,6
3716506,6
3716539,6
3716556,6
3716589,6
3716631,6
3716639,6
3716656,6
3716681,4
3716689,4
3716714,4
3716722,4
3716731,6
3716739,6
3716756,6
3716781,4
3716789,4
3716814,4
3716856,4
3716881,4
3716906,4
3716914,4
3716931,4
3716956,4
3716981,4
3717006,4
3717014,4
3717022,6
3717031,6
3717047,6
3717056,6
3717064,6
3717081,6
3717106,6
3717131,6
3717206,6
3717239,6
3717256,6
3717289,6
3717306,1
3717331,1
3717339,1
3717356,1
3717381,4
3717389,4
3717414,4
3717431,5
3717439,5
3717456,5
3717489,5
3717522,5
3717531,5
3717539,5
3717589,6
3717631,6
3717639,6
3717681,6
3717706,6
3717722,6
3717739,6
3717747,6
3717781,6
3717806,6
3717814,6
3717839,6
3717856,6
3717864,6
3717889,6
3717906,6
3717939,6
3717981,6
3718006,6
3718014,6
3718047,6
3718056,6
3718064,6
3718081,6
3718089,6
3718106,6
3718131,6
3718139,6
3718156,6
3718231,4
3718256,4
3718281,4
3718756,4
3718780,4
3718864,5
3718880,5
3718889,4
3718906,5
3718914,5
3718939,5
3718956,5
3718964,5
3718981,5
3718989,5
3719006,5
3719014,5
3719030,5
3719047,5
3719056,5
3719081,5
3719089,5
3719105,5
3719114,5
3719122,5
3719156,5
3719164,5
3719180,5
3719206,5
3719231,5
3719386,5
3719410,5
3719435,5
3719460,5
3719485,5
3719510,5
3719535,5
3719610,5
3719619,5
3719635,5
3719660,5
3719685,4
3719785,4
3719810,5
3719835,5
3719852,5
3719860,5
3719885,5
3719935,5
3719960,5
3719985,5
3720035,5
3720060,5
3720085,4
3720110,5
3720135,5
3720160,5
3720185,4
3720210,5
3720235,5
3720260,5
3720285,4
3720310,5
3720360,5
3720457,5
3720465,5
3720481,5
3720490,5
3720507,6
3720515,6
3720531,6
3720540,6
3720556,6
3720565,6
3720581,6
3720590,6
3720606,6
3720615,6
3720631,5
3720640,5
3720656,5
3720665,5
3720681,5
3720690,4
3720706,4
3720715,4
3720731,5
3720740,5
3720748,5
3720756,5
3720765,5
3720781,5
3720790,4
3720806,5
3720815,5
3720831,5
3720856,4
3720881,4
3720890,4
3720906,5
3720915,5
3720931,5
3720940,5
3720956,4
3720981,4
3720990,4
3721006,4
3721015,4
3721031,4
3721040,4
3721056,4
3721081,4
3721090,4
3721106,4
3721115,4
3721156,4
3721165,4
3721181,4
3721190,4
3721215,0
3721256,0
3721264,0
3721281,0
3721290,4
3721331,4
3721356,4
3721365,0
3721381,0
3721390,0
3721423,0
3721431,0
3721440,0
3721456,0
3721465,0
3721490,0
3721506,0
3721515,0
3721523,0
3721531,0
3721556,0
3721590,0
3721606,0
3721614,6
3721631,6
3721656,6
3721906,6
3721914,6
3721931,6
3721956,4
3721981,4
3721990,4
3722006,4
3722014,4
3722031,4
3722056,4
3722081,4
3722090,4
3722181,4
3722190,4
3722206,4
3722231,5
3722264,5
3722306,5
3722331,5
3722356,5
3722381,5
3722406,5
3722431,5
3722456,5
3722489,4
3722506,5
3722514,5
3722531,5
3722556,4
3722564,0
3722581,0
3722606,0
3722614,0
3722631,0
3722745,0
3722786,6
3722795,6
3722820,4
3722836,6
3722845,6
3722861,6
3722870,6
3722886,6
3722895,6
3722920,4
3722945,6
3722970,6
3722986,6
3722995,6
3723020,4
3723045,6
3723069,6
3723086,6
3723095,6
3723119,4
3723136,6
3723161,6
3723170,6
3723186,6
3723195,6
3723211,6
3723220,6
3723236,6
3723244,6
3723261,6
3723270,6
3723286,6
3723294,6
3723311,6
3723320,6
3723336,6
3723344,6
3723353,6
3723361,6
3723369,6
3723386,6
3723395,6
3723411,6
3723419,6
3723436,6
3723444,6
3723461,6
3723469,6
3723486,6
3723494,6
3723511,6
3723519,6
3723536,6
3723544,6
3723561,6
3723570,6
3723586,6
3723594,6
3723619,6
3723636,6
3723644,6
3723661,6
3723686,6
3723694,6
3723711,6
3723720,6
3723736,6
3723744,6
3723761,6
3723850,6
3723857,6
3723883,6
3723899,6
3723908,6
3723924,4
3723933,4
3723949,6
3723957,6
3723982,6
3724008,6
3724024,6
3724032,6
3724057,6
3724082,6
3724099,6
3724107,6
3724132,6
3724149,6
3724157,6
3724174,6
3724182,6
3724199,6
3724208,6
3724224,4
3724232,4
3724249,6
3724257,6
3724274,6
3724282,6
3724299,6
3724307,6
3724324,6
3724332,6
3724624,4
3724632,6
3724657,6
3724707,6
3724757,6
3724774,6
3724782,6
3724807,6
3724824,6
3724832,6
3724929,6
3724978,6
3725028,6
3725078,6
3725128,6
3725170,6
3725178,6
3725203,0
3725220,0
3725228,0
3725270,0
3725278,0
3725287,0
3725328,0
3725345,0
3725378,0
3725395,0
3725428,0
3725445,0
3725478,0
3725495,0
3725528,0
3725545,0
3725620,0
3725628,6
3725645,6
3725653,6
3725670,6
3725678,6
3725695,6
3725703,6
3725720,6
3725728,6
3725753,6
3725770,6
3725778,6
3725845,6
3725870,6
3725878,6
3725945,6
3725970,6
3725995,6
3726020,4
3726028,6
3726045,6
3726062,6
3726078,6
3726095,6
3726120,6
3726128,6
3726145,6
3726170,6
3726178,6
3726195,6
3726220,4
3726228,6
3726278,6
3726295,6
3726303,6
3726328,6
3726345,6
3726353,5
3726370,5
3726378,5
3726395,5
3726403,5
3726428,5
3726445,5
3726453,5
3726470,5
3726478,5
3726495,5
3726503,5
3726520,5
3726528,5
3726545,5
3726553,5
3726570,5
3726578,5
3726595,5
3726603,5
3726620,5
3726628,5
3726645,5
3726653,5
3726670,5
3726678,6
3726695,6
3726720,4
3726728,6
3726745,6
3726753,4
3726770,4
3726795,6
3726820,6
3726828,6
3726845,6
3726870,0
3726878,0
3726903,0
3726920,0
3726928,6
3726945,6
3726953,4
3726970,6
3726978,6
3726995,6
3727020,6
3727028,6
3727045,6
3727070,5
3727103,5
3727120,5
3727128,6
3727178,6
3727220,6
3727278,6
3727303,6
3727320,6
3727328,6
3727345,6
3727378,6
3727428,6
3727470,6
3727478,6
3727495,6
3727520,4
3727528,6
3727545,6
3727553,4
3727578,6
3727595,6
3727620,4
3727628,6
3727645,6
3727653,4
3727678,6
3727695,6
3727703,6
3727728,6
3727745,6
3727770,6
3727778,6
3727795,6
3727820,6
3727828,6
3727845,6
3727870,6
3727878,6
3727895,6
3727920,6
3727928,6
3727978,6
3728020,6
3728028,6
3728070,6
3728078,6
3728128,6
3728170,6
3728178,6
3728228,6
3728270,6
3728278,6
3728320,4
3728328,4
3728345,4
3728370,4
3728378,4
3728420,4
3728428,4
3728453,4
3728462,0
3728470,0
3728478,0
3728495,0
3728520,4
3728528,6
3728545,6
3728553,4
3728570,4
3728578,4
3728620,4
3728628,6
3728670,6
3728678,6
3728728,6
3728770,6
3728778,6
3728820,4
3728828,4
3728853,4
3728870,4
3728878,4
3728920,4
3728928,4
3728945,4
3728953,4
3728978,4
3728995,4
3729020,4
3729045,4
3729053,4
3729078,4
3729145,4
3729153,4
3729178,4
3729220,4
3729245,4
3729253,4
3729278,4
3729295,4
3729320,4
3729328,4
3729378,6
3729395,6
3729420,4
3729428,4
3729470,4
3729478,6
3729495,6
3729520,4
3729528,4
3729553,5
3729578,5
3729595,5
3729628,4
3729645,5
3729678,5
3729695,5
3729728,4
3729745,5
3729770,5
3729778,5
3729795,5
3729820,5
3729828,4
3729845,6
3729878,6
3729895,6
3729920,4
3729928,4
3729970,4
3729978,4
3729995,4
3730020,4
3730028,4
3730045,6
3730070,6
3730078,6
3730086,6
3730095,6
3730120,4
3730128,4
3730145,4
3730153,4
3730170,4
3730178,4
3730220,4
3730245,4
3730253,4
3730270,5
3730345,5
3730386,5
3730395,5
3730445,5
3730470,5
3730528,5
3730578,5
3730586,5
3730595,5
3730645,5
3730728,4
3730745,5
3730795,5
3730878,5
3730895,5
3730928,5
3730945,5
3730978,5
3730995,5
3731028,5
3731045,5
3731095,5
3731128,5
3731145,5
3731178,5
3731195,5
3731228,5
3731245,5
3731270,5
3731295,5
3731320,5
3731328,5
3731345,5
3731370,5
3731378,5
3731386,5
3731420,5
3731428,5
3731445,5
3731470,5
3731478,5
3731495,5
3731520,5
3731545,5
3731570,5
3731595,5
3731620,5
3731645,5
3731670,5
3731695,5
3731720,5
3731770,5
3731820,5
3731853,1
3731869,1
3731878,1
3731895,1
3731903,1
3731920,1
3731928,1
3731945,1
3731953,1
3731969,1
3731978,1
3731995,1
3732003,1
3732019,1
3732044,1
3732053,2
3732061,2
3732069,2
3732078,2
3732095,2
3732103,2
3732120,2
3732144,2
3732153,2
3732169,2
3732178,2
3732194,2
3732203,2
3732219,2
3732228,4
3732244,1
3732253,2
3732270,2
3732278,2
3732294,2
3732303,2
3732319,2
3732328,2
3732344,1
3732353,1
3732369,1
3732378,1
3732394,1
3732403,1
3732419,1
3732428,5
3732445,5
3732453,5
3732461,5
3732469,5
3732478,5
3732494,5
3732503,5
3732519,5
3732528,5
3732544,5
3732553,5
3732569,5
3732578,5
3732586,5
3732594,5
3732603,5
3732619,5
3732644,5
3732653,5
3732669,5
3732678,5
3732694,5
3732703,5
3732719,5
3732745,5
3732769,5
3732778,5
3732794,5
3732803,5
3732819,4
3732828,4
3732845,1
3732853,1
3732869,1
3732878,1
3732894,1
3732903,1
3732919,4
3732928,4
3732945,4
3732953,4
3732969,4
3732978,4
3732994,4
3733003,4
3733019,4
3733028,4
3733045,1
3733053,1
3733069,1
3733078,1
3733086,1
3733119,4
3733128,1
3733144,2
3733153,2
3733169,2
3733178,2
3733194,4
3733220,4
3733245,5
3733269,5
3734549,5
3734557,5
3734574,5
3734599,5
3734607,5
3734624,4
3734649,5
3734657,5
3734674,5
3734682,5
3734699,5
3734724,5
3734732,5
3734749,5
3734757,5
3734774,5
3734782,5
3734799,5
3734807,5
3734824,5
3734849,5
3734857,5
3734874,5
3734899,5
3734932,5
3734949,5
3734957,5
3734974,5
3734982,5
3734999,5
3735024,5
3735032,5
3735049,5
3735074,5
3735099,5
3735149,5
3735174,5
3735190,5
3735199,5
3735224,5
3735282,5
3735299,5
3735307,5
3735324,5
3735332,5
3735349,5
3735357,5
3735365,5
3735374,5
3735382,5
3735399,5
3735407,5
3735424,5
3735432,5
3735449,5
3735457,5
3735474,5
3735482,5
3735507,5
3735524,4
3735532,4
3735549,5
3735557,5
3735574,5
3735607,5
3735649,5
3735657,5
3735674,5
3735749,5
3735757,5
3735774,5
3735799,5
3735807,5
3735824,5
3735832,5
3735849,5
3735857,5
3735874,5
3735882,5
3735899,1
3735907,1
3735924,1
3735932,1
3735949,1
3735974,1
3735982,6
3735999,6
3736007,6
3736024,6
3736032,6
3736049,6
3736057,6
3736074,6
3736082,6
3736099,6
3736107,6
3736149,6
3736157,4
3736174,6
3736182,6
3736199,6
3736207,6
3736224,4
3736232,5
3736249,5
3736274,5
3736282,0
3736299,0
3736307,0
3736324,0
3736332,0
3736357,0
3736374,0
3736382,0
3736407,0
3736424,0
3736432,0
3736482,0
3736499,4
3736524,4
3736532,4
3736549,4
3736557,4
3736574,4
3736599,1
3736624,1
3736649,1
3736657,1
3736674,1
3736682,1
3736690,1
3736699,1
3736724,1
3736732,1
3736749,1
3736757,1
3736774,1
3736782,1
3736799,1
3736824,1
3736832,1
3736849,1
3736857,1
3736874,1
3736882,1
3736899,1
3736907,1
3736924,1
3736932,1
3736949,1
3736957,1
3736974,1
3736982,1
3736999,1
3737007,1
3737024,1
3737032,1
3737049,1
3737057,4
3737074,4
3737082,1
3737099,1
3737107,1
3737124,1
3737149,1
3737157,1
3737174,1
3737199,1
3737207,1
3737224,1
3737232,4
3737249,6
3737257,6
3737274,6
3737282,6
3737299,6
3737307,6
3737324,6
3737332,6
3737349,6
3737357,6
3737374,6
3737382,6
3737399,6
3737407,6
3737424,6
3737432,6
3737449,5
3737457,5
3737474,5
3737482,5
3737499,5
3737507,5
3737524,5
3737532,5
3737549,6
3737557,6
3737832,6
3737857,4
3737873,1
3737899,1
3737907,1
3737923,1
3737949,1
3737957,4
3737974,4
3737999,4
3738024,4
3738048,4
3738057,4
3738074,4
3738082,4
3738098,4
3738124,4
3738132,4
3738148,4
3738157,4
3738173,4
3738198,4
3738207,1
3738224,1
3738248,1
3738257,1
3738273,1
3738282,1
3738298,1
3738307,1
3738323,1
3738332,1
3738349,1
3738357,1
3738374,1
3738382,1
3738398,1
3738407,1
3738423,1
3738448,1
3738457,1
3738473,1
3738482,1
3738498,1
3738507,1
3738524,1
3738532,1
3738548,1
3738557,1
3738582,1
3738598,1
3738607,1
3738623,1
3738632,1
3738648,1
3738657,1
3738665,1
3738682,1
3738698,1
3738707,1
3738723,1
3738732,1
3738757,1
3738773,1
3738782,1
3738798,1
3738807,1
3738823,1
3738832,1
3738848,1
3738857,1
3738873,1
3738882,1
3738898,1
3738923,1
3738948,1
3738957,4
3738973,2
3738998,2
3739048,2
3739073,2
3739098,2
3739123,2
3739148,2
3739157,2
3739173,2
3739182,2
3739198,2
3739207,2
3739223,2
3739248,1
3739273,1
3739298,1
3739348,1
3739373,1
3739398,1
3739423,1
3739448,1
3739473,1
3739498,1
3739523,1
3739548,1
3739573,1
3739598,1
3739623,1
3739648,1
3739673,1
3739698,1
3739723,1
3739748,1
3739773,1
3739798,1
3739823,1
3739848,1
3739873,1
3739898,1
3739948,1
3739974,1
3739998,1
3740073,1
3740098,1
3740148,1
3740173,1
3740198,1
3740328,1
3740353,1
3740378,1
3740403,1
3740453,1
3740478,1
3740503,1
3740528,1
3740578,1
3740603,1
3740628,1
3740653,1
3740678,1
3740703,1
3740753,1
3740761,1
3740778,1
3740878,5
3740903,5
3740928,4
3740953,5
3740961,5
3740978,5
3741003,5
3741028,4
3741053,4
3741078,5
3741086,5
3741103,5
3741119,5
3741128,5
3741153,5
3741529,4
3741562,4
3741579,4
3741604,4
3741629,4
3741679,4
3741687,4
3741729,4
3741754,4
3741762,4
3741779,5
3741787,5
3741804,5
3741829,4
3741854,5
3741862,5
3741879,5
3741929,4
3742204,4
3742220,4
3742229,4
3742253,5
3742279,5
3742303,5
3742354,5
3742404,5
3742429,5
3742454,5
3742478,5
3742575,5
3742600,4
3742625,4
3742633,4
3742650,5
3742658,5
3742700,4
3742725,4
3742733,4
3742750,5
3742758,5
3742775,5
3742800,4
3742825,4
3742833,4
3742850,5
3742858,5
3742875,5
3742900,4
3742924,5
3742933,5
3742950,5
3742974,5
3742999,5
3743024,5
3743050,5
3743074,5
3743100,5
3743124,5
3743150,5
3743174,5
3743199,5
3743225,5
3743249,5
3743274,5
3743299,5
3743324,5
3743349,5
3743374,5
3743399,5
3743424,4
3743433,4
3743449,5
3743458,5
3743474,5
3743499,4
3743524,4
3743533,4
3743549,1
3743558,1
3744717,1
3744742,1
3744766,1
3744791,1
3744816,1
3744842,1
3744866,1
3744891,1
3744916,1
3744941,5
3744966,5
3744975,5
3744991,5
3745000,5
3745016,5
3745041,5
3745050,5
3745066,5
3745100,5
3745116,5
3745141,5
3745166,5
3745191,5
3745216,5
3745225,5
3745241,5
3745266,5
3745316,5
3745366,5
3745416,5
3745441,5
3745466,5
3745475,5
3745491,5
3745542,5
3745566,5
3745575,5
3745591,5
3745600,5
3745616,5
3745625,5
3745650,5
3745675,5
3745700,5
3745813,5
3745837,5
3745887,5
3745912,5
3745929,5
3745937,5
3745987,5
3746012,5
3746062,5
3746087,5
3746112,5
3746137,5
3746162,5
3746213,5
3746237,5
3746312,5
3746337,5
3746387,5
3746437,5
3746446,5
3746462,5
3746471,5
3746487,5
3746512,5
3746529,5
3746537,5
3746587,5
3746637,5
3746663,5
3746687,5
3746737,5
3746762,5
3746771,5
3746883,5
3746892,5
3746908,5
3746917,5
3746933,5
3746958,5
3746967,4
3746983,5
3746992,5
3747017,5
3747033,5
3747058,5
3747100,5
3747133,5
3747158,5
3747183,5
3747208,5
3747233,5
3747258,5
3747283,5
3747308,5
3747367,4
3747383,5
3747392,5
3747408,5
3747433,4
3747458,4
3747467,4
3747483,5
3747492,5
3747508,5
3747533,4
3747558,4
3747567,4
3747583,5
3747592,5
3747608,5
3747633,4
3747658,4
3747667,4
3747692,4
3747708,4
3747733,4
3747758,4
3747767,4
3747784,4
3747808,4
3747833,4
3749060,4
3749068,4
3749093,4
3749110,4
3749134,4
3749159,4
3749168,4
3749193,4
3749234,4
3749259,4
3749268,4
3749293,4
3749334,4
3749359,4
3749368,4
3749393,4
3749434,4
3749459,4
3749468,4
3749534,5
3749568,5
3749609,5
3749634,4
3749659,4
3749668,4
3749685,5
3749693,5
3749709,5
3749734,4
3749759,4
3749768,4
3749784,5
3749793,5
3749834,5
3749859,5
3749884,5
3749901,5
3749934,5
3749959,4
3749968,4
3749993,4
3750009,4
3750034,4
3750131,5
3750155,5
3750205,0
3750255,0
3750264,0
3750280,0
3750305,0
3750330,0
3750355,0
3750364,0
3750380,0
3750405,5
3750430,4
3750455,5
3750464,5
3750480,5
3750505,5
3750530,4
3750555,5
3750580,5
3750605,5
3750630,4
3750655,5
3750680,5
3750705,5
3750730,5
3750755,5
3750780,5
3750805,5
3750830,4
3750855,5
3750864,5
3750880,5
3750905,5
3750930,4
3750955,5
3750964,5
3750980,5
3751005,5
3751030,4
3751055,5
3751064,5
3751080,5
3751105,5
3751202,5
3751226,5
3751251,5
3751276,5
3751301,5
3751326,5
3751351,5
3751360,5
3751376,5
3751401,4
3751426,1
3751726,1
3751735,1
3751751,1
3751776,1
3751785,1
3751801,1
3751810,1
3751826,1
3751851,2
3751860,2
3751877,2
3751885,2
3751901,1
3751951,1
3751976,1
3751993,1
3752001,4
3752026,4
3752051,1
3752076,1
3752101,4
3752126,4
3752134,4
3752151,5
3752160,5
3752176,5
3752184,5
3752273,5
3752281,5
3752297,5
3752306,5
3752322,5
3752331,5
3752347,5
3752372,5
3752397,4
3752422,5
3752447,5
3752464,5
3752472,5
3752497,5
3752522,5
3752547,5
3752597,1
3752622,1
3752647,1
3752672,1
3752697,1
3752722,1
3752747,1
3752772,1
3752797,1
3752822,1
3752847,1
3752872,1
3752922,1
3752931,1
3752947,1
3752972,1
3752997,1
3753022,1
3753047,1
3753097,1
3753147,1
3753172,1
3753197,1
3753222,1
3753344,1
3753352,6
3753368,6
3753377,6
3753418,6
3753443,6
3753452,6
3753468,6
3753477,6
3753493,6
3753518,6
3753543,6
3753551,6
3753568,6
3753577,6
3753593,4
3753618,4
3753643,4
3753652,4
3753668,1
3753693,1
3753702,1
3753718,1
3753727,1
3753743,1
3753752,2
3753768,2
3753793,2
3753818,2
3753843,2
3753868,2
3753877,2
3753918,2
3753926,2
3753943,2
3753952,2
3753960,2
3753968,2
3753976,2
3753993,1
3754001,1
3754018,1
3754026,1
3754043,1
3754051,6
3754068,6
3754076,6
3754093,6
3754101,6
3754118,6
3754126,6
3754135,6
3754143,6
3754160,6
3754168,1
3754193,1
3754201,1
3754218,1
3754226,1
3754243,1
3754252,1
3754268,1
3754277,1
3754293,1
3754301,1
3754318,1
3754326,1
3754343,1
3754352,1
3754368,1
3754377,4
3754393,4
3754401,4
3754418,4
3754426,2
3754443,2
3754451,2
3754501,2
3754518,2
3754543,2
3754576,2
3754618,2
3754626,2
3754643,2
3754668,2
3754676,2
3754693,2
3754701,2
3754718,2
3754726,2
3754743,2
3754751,2
3754876,2
3755018,2
3755043,2
3755068,2
3755093,2
3755118,2
3755126,2
3755143,2
3755151,2
3755176,2
3755193,2
3755201,2
3755218,2
3755226,2
3755243,2
3755251,2
3755268,2
3755276,2
3755293,2
3755301,2
3755318,2
3755326,2
3755343,2
3755351,2
3755368,2
3755393,2
3755401,2
3755418,2
3755426,2
3755443,2
3755451,2
3755493,2
3755518,2
3755543,2
3755568,2
3755593,2
3755618,2
3755643,2
3755668,2
3755718,2
3755743,2
3755752,2
3755768,2
3755793,2
3755818,2
3755843,2
3755893,2
3755982,2
3755989,2
3756006,2
3756031,2
3756056,2
3756064,2
3756081,2
3756106,2
3756131,2
3756156,2
3756164,2
3756181,2
3756189,2
3756206,2
3756231,2
3756239,2
3756256,2
3756264,2
3756281,1
3756289,1
3756306,1
3756331,5
3756356,5
3756364,5
3756381,5
3756406,0
3756431,0
3756456,0
3756464,0
3756481,0
3756506,0
3756531,0
3756556,0
3756564,0
3756581,0
3756606,0
3756631,0
3756639,0
3756656,0
3756664,0
3756673,0
3756681,0
3756689,0
3756698,0
3756706,0
3756731,0
3756756,5
3756764,5
3756781,5
3756789,5
3756806,5
3756831,5
3756856,5
3756864,5
3756873,5
3756881,5
3756898,5
3756906,5
3756915,5
3756931,5
3756956,5
3756989,5
3757006,5
3757014,5
3757031,5
3757056,5
3757064,5
3757081,5
3757106,5
3757131,5
3757156,5
3757164,5
3757181,5
3757189,5
3757206,5
3757214,5
3757231,5
3757256,5
3757264,5
3757281,5
3757306,5
3757331,4
3757356,6
3757364,6
3757381,6
3757406,6
3757414,6
3757431,6
3757439,6
3757456,6
3757464,6
3757481,1
3757489,1
3757506,1
3757531,4
3757539,4
3757556,4
3757564,4
3757581,4
3757606,4
3757631,1
3757656,1
3757681,1
3757706,1
3757714,2
3757731,2
3757756,2
3757781,2
3757789,2
3757806,2
3757814,2
3757831,2
3757839,2
3757856,1
3757864,1
3757881,1
3757889,1
3757906,1
3757915,2
3757931,2
3757939,2
3757956,2
3757964,2
3757981,2
3757989,2
3758006,2
3758014,2
3758031,2
3758039,2
3758056,2
3758064,2
3758081,2
3758089,2
3758106,2
3758114,2
3758131,2
3758139,2
3758156,2
3758164,2
3758181,2
3758189,2
3758206,2
3758231,2
3758239,2
3758256,2
3758264,2
3758289,2
3758314,2
3758331,2
3758339,2
3758356,2
3758381,2
3758389,2
3758406,2
3758439,2
3758464,2
3758481,2
3758531,4
3758556,4
3758581,4
3758631,4
3758656,2
3758664,2
3758681,2
3758706,2
3758714,2
3758739,2
3758756,2
3758764,2
3758781,2
3758789,2
3758806,2
3758814,2
3758831,2
3758839,2
3758856,2
3758889,2
3758906,4
3758914,4
3758931,4
3758939,4
3758956,4
3758964,4
3758981,2
3758989,2
3759014,2
3759031,2
3759039,2
3759356,1
3759481,4
3759531,4
3759606,4
3759631,4
3759656,5
3759664,5
3759681,5
3759706,5
3759731,4
3759739,4
3759756,5
3759781,5
3759806,4
3759831,4
3759839,4
3759856,5
3759864,5
3759906,4
3759956,5
3759964,5
3759981,5
3760006,4
3760031,4
3760039,4
3760056,5
3760144,0
3760153,0
3760177,0
3760227,0
3760236,0
3760244,0
3760253,0
3760269,0
3760277,0
3760302,0
3760327,0
3760336,0
3760419,6
3760444,6
3760452,6
3760469,6
3760494,6
3760502,6
3760519,6
3760527,6
3760544,6
3760552,6
3760569,6
3760577,6
3760594,6
3760602,6
3760619,6
3760627,6
3760644,6
3760669,6
3760677,6
3760702,6
3760727,6
3760752,6
3760769,6
3760777,6
3760802,4
3760827,6
3760869,6
3760877,6
3760902,4
3760927,6
3760944,6
3760952,6
3760977,6
3760994,6
3761002,6
3761027,6
3761044,6
3761052,6
3761069,6
3761077,6
3761102,6
3761119,6
3761127,6
3761216,6
3761273,6
3761290,6
3761298,6
3761323,0
3761332,0
3761348,0
3761373,0
3761390,0
3761398,0
3761423,0
3761465,0
3761473,0
3761490,0
3761498,0
3761523,0
3761548,6
3761565,6
3761573,4
3761598,6
3761623,6
3761640,6
3761665,6
3761673,4
3761690,0
3761698,0
3761715,0
3761723,0
3761732,0
3761740,0
3761748,0
3761765,0
3761773,0
3761790,0
3761798,0
3761815,0
3761823,0
3761840,0
3761848,0
3761865,0
3761873,4
3761898,6
3761915,6
3761940,6
3761948,6
3761965,6
3761973,4
3761998,4
3762015,6
3762023,6
3762040,6
3762048,6
3762065,6
3762073,4
3762090,6
3762098,6
3762123,6
3762140,6
3762148,6
3762165,6
3762173,6
3762190,6
3762198,6
3762286,6
3762294,6
3762311,6
3762319,6
3762336,6
3762344,6
3762361,6
3762369,4
3762386,5
3762394,5
3762419,5
3762436,5
3762444,6
3762461,6
3762470,4
3762486,6
3762494,6
3762511,6
3762536,4
3762544,6
3762561,6
3762569,4
3762586,5
3762594,5
3762619,5
3762636,5
3762644,6
3762661,6
3762669,4
3762686,5
3762694,5
3762711,5
3762719,5
3762736,5
3762744,6
3762761,6
3762769,4
3762794,6
3762811,6
3762819,0
3762836,0
3762844,0
3762861,0
3762869,0
3762886,0
3762894,6
3762911,6
3762936,6
3762944,6
3762961,6
3762969,0
3762986,0
3762994,6
3763011,6
3763036,6
3763044,6
3763061,6
3763086,6
3763094,6
3763111,6
3763136,6
3763144,6
3763161,6
3763186,6
3763194,6
3763211,6
3763244,6
3763261,6
3763269,4
3763286,4
3763295,6
3763311,6
3763336,4
3763344,6
3763361,6
3763369,4
3763386,4
3763394,6
3763411,6
3763436,4
3763444,5
3763461,5
3763469,5
3763486,5
3763494,5
3763511,5
3763519,5
3763536,5
3763544,5
3763561,5
3763586,5
3763594,5
3763611,5
3763619,5
3763636,5
3763644,5
3763669,5
3763694,6
3763711,6
3763744,6
3763769,6
3763786,6
3763811,6
3763836,6
3763844,6
3763869,6
3763886,6
3763894,6
3763936,6
3763944,6
3763961,6
3763986,6
3763994,6
3764011,6
3764019,5
3764036,5
3764044,5
3764069,5
3764086,5
3764094,6
3764111,6
3764119,6
3764136,6
3764144,6
3764161,6
3764169,6
3764186,6
3764194,6
3764211,6
3764236,6
3764244,6
3764261,6
3764286,6
3764294,6
3764311,6
3764336,6
3764344,6
3764361,6
3764386,5
3764394,5
3764436,5
3764444,5
3764486,5
3764494,5
3764519,5
3764536,5
3764561,5
3764586,5
3764594,5
3764619,5
3764644,5
3764661,5
3764686,5
3764694,5
3764719,5
3764736,5
3764744,5
3764786,5
3764794,6
3764811,6
3764844,6
3764861,6
3764886,6
3764894,6
3764944,6
3764961,6
3764969,4
3764986,4
3764994,6
3765011,6
3765036,4
3765044,6
3765061,6
3765069,4
3765086,4
3765094,6
3765136,2
3765144,2
3765186,2
3765194,2
3765236,2
3765244,2
3765261,2
3765286,2
3765294,2
3765311,2
3765319,2
3765336,2
3765344,2
3765386,4
3765394,6
3765411,6
3765444,6
3765461,6
3765486,5
3765494,5
3765536,5
3765544,5
3765586,5
3765594,5
3765611,5
3765619,5
3765636,5
3765644,5
3765661,5
3765686,5
3765694,5
3765711,5
3765719,5
3765736,5
3765761,5
3765769,5
3765794,5
3765836,5
3765861,5
3765869,5
3765886,5
3765894,5
3765911,5
3765919,5
3765936,5
3765944,6
3765961,6
3765986,6
3765994,6
3766011,6
3766036,6
3766044,6
3766061,6
3766086,6
3766094,6
3766111,6
3766136,6
3766144,6
3766161,6
3766194,6
3766236,6
3766244,6
3766286,6
3766294,6
3766311,6
3766319,5
3766336,5
3766344,5
3766361,5
3766369,5
3766386,5
3766411,5
3766419,5
3766436,5
3766444,6
3766461,6
3766469,6
3766494,6
3766511,6
3766519,6
3766536,6
3766561,6
3766569,4
3766594,6
3766611,6
3766619,6
3766636,6
3766661,6
3766669,4
3766694,6
3766711,6
3766719,6
3766760,6
3766769,6
3766785,6
3766794,6
3766810,6
3766819,6
3766835,6
3766844,6
3766860,6
3766869,5
3766886,5
3766894,5
3766911,5
3766936,5
3766944,5
3766960,5
3766985,5
3766994,5
3767010,5
3767036,5
3767044,5
3767060,5
3767085,5
3767094,5
3767111,5
3767144,5
3767160,5
3767185,5
3767194,5
3767210,5
3767244,5
3767260,5
3767285,5
3767294,5
3767311,5
3767335,5
3767344,5
3767360,5
3767386,5
3767410,5
3767435,5
3767444,5
3767460,5
3767485,5
3767760,4
3767994,2
3768019,2
3768035,2
3768044,2
3768060,2
3768069,2
3768085,2
3768119,2
3768135,2
3768160,3
3768185,3
3768210,3
3768235,4
3768244,4
3768260,3
3768285,3
3768294,3
3768310,3
3768319,3
3768335,3
3768344,3
3768360,3
3768385,3
3768410,3
3768419,3
3768435,3
3768444,3
3768460,3
3768469,3
3768485,3
3768494,3
3768510,2
3768519,2
3768535,2
3768544,2
3768560,2
3768569,2
3768586,2
3768594,3
3768610,3
3768619,3
3768635,4
3768644,4
3768660,2
3768669,2
3768685,2
3768694,2
3768710,2
3768719,2
3768744,2
3768760,2
3768769,2
3768785,2
3768810,2
3768819,2
3768835,4
3768844,2
3768860,2
3768869,2
3768885,2
3768894,2
3768910,2
3768935,4
3768944,2
3768960,2
3768969,2
3768985,2
3768994,2
3769010,2
3769019,2
3769035,2
3769044,2
3769060,2
3769069,2
3769085,3
3769094,3
3769110,3
3769119,3
3769135,3
3769144,3
3769160,3
3769169,3
3769185,3
3769194,3
3769210,3
3769219,3
3769235,3
3769260,3
3769285,3
3769310,3
3769335,4
3769360,4
3769369,4
3769385,4
3769410,4
3769435,3
3769460,3
3769486,3
3769511,3
3769519,3
3769535,3
3769560,3
3769585,3
3769610,3
3769635,3
3769644,3
3769660,3
3769669,3
3769685,3
3769710,3
3769735,3
3769760,3
3769786,3
3769794,3
3769810,3
3769819,3
3769835,3
3769844,3
3769860,3
3769869,3
3769885,3
3769894,3
3769910,3
3769919,3
3769944,3
3769960,3
3769985,3
3769994,3
3770010,4
3770019,4
3770044,3
3770060,3
3770085,3
3770094,3
3770119,3
3770135,3
3770160,3
3770185,3
3770194,3
3770219,3
3770235,3
3770244,3
3770260,4
3770269,4
3770285,4
3770310,4
3770319,3
3770360,3
3770369,3
3770385,3
3770394,3
3770419,3
3770460,3
3770469,3
3770485,3
3770494,3
3770519,3
3770535,4
3770544,2
3770560,2
3770585,2
3770593,2
3770610,2
3770635,3
3770644,3
3770660,3
3770685,3
3770710,3
3770760,3
3770785,3
3770810,4
3770835,4
3770860,4
3770943,4
3770960,4
3770985,4
3771060,4
3771143,4
3771193,4
3771210,3
3771218,3
3771235,3
3771243,5
3771260,5
3771268,5
3771285,5
3771293,5
3771310,5
3771318,5
3771335,5
3771343,4
3771360,5
3771368,5
3771385,5
3771410,4
3771418,5
3771435,5
3771443,4
3771468,4
3771485,4
3771510,4
3771535,4
3771543,4
3771560,5
3771568,5
3771585,5
3771593,5
3771610,5
3771618,5
3771635,5
3771643,4
3771660,5
3771668,5
3771773,0
3771790,0
3771798,0
3771823,0
3771848,0
3771873,0
3771890,0
3771906,0
3771923,0
3771948,0
3771973,0
3771990,0
3772023,0
3772073,0
3772098,0
3772123,0
3772140,0
3772148,0
3772173,0
3772198,0
3772215,0
3772223,0
3772248,0
3772273,6
3772290,6
3772298,6
3772323,6
3772348,6
3772365,6
3772373,6
3772390,6
3772398,6
3772415,6
3772423,6
3772448,6
3772473,6
3772498,6
3772523,6
3772548,6
3772565,6
3772573,6
3772598,6
3772615,6
3772623,6
3772648,6
3772673,6
3772690,6
3772698,6
3772723,6
3772844,6
3772869,6
3772894,6
3772919,6
3772944,6
3772969,6
3772986,6
3772994,6
3773019,6
3773094,6
3773111,6
3773119,6
3773144,4
3773169,6
3773194,6
3773219,6
3773236,6
3773244,4
3773269,4
3773294,6
3773311,6
3773319,6
3773344,4
3773369,6
3773394,6
3773419,6
3773444,4
3773494,6
3773511,6
3773519,6
3773535,6
3773544,4
3773569,4
3773594,4
3773611,4
3773619,4
3773644,4
3773661,6
3773669,6
3773686,6
3773694,6
3773711,4
3773719,4
3773736,6
3773744,6
3773769,6
3773794,6
3773819,6
3773907,6
3773932,6
3773982,6
3773990,6
3774015,6
3774040,6
3774065,6
3774082,6
3774090,6
3774107,6
3774115,6
3774132,6
3774140,6
3774157,6
3774165,6
3774182,6
3774190,6
3774207,6
3774215,6
3774232,6
3774240,6
3774265,6
3774315,6
3774332,6
3774340,6
3774365,6
3774390,6
3774406,6
3774415,6
3774431,6
3774440,6
3774465,6
3774481,6
3774490,6
3774515,6
3774531,6
3774540,6
3774557,6
3774565,6
3774582,6
3774590,6
3774615,6
3774631,6
3774640,6
3774656,6
3774665,6
3774681,6
3774715,6
3774731,6
3774740,6
3774756,6
3774765,6
3774781,6
3774790,6
3774815,6
3774831,6
3774840,6
3774856,6
3774865,6
3774890,6
3774915,6
3774940,6
3774965,6
3774990,6
3775015,2
3775031,2
3775120,2
3775128,2
3775145,2
3775153,2
3775170,2
3775178,2
3775194,2
3775203,2
3775220,2
3775228,2
3775245,2
3775253,2
3775270,2
3775278,2
3775295,2
3775303,2
3775319,2
3775328,2
3775344,2
3775353,2
3775369,2
3775378,2
3775394,2
3775403,2
3775420,2
3775428,2
3775444,4
3775453,4
3775469,2
3775478,2
3775495,2
3775519,2
3775528,3
3775545,3
3775553,3
3775569,4
3775578,4
3775594,4
3775603,4
3775619,4
3775628,4
3775644,4
3775653,4
3775669,4
3775678,4
3775694,3
3775703,3
3775719,3
3775728,3
3775744,4
3775769,4
3775794,4
3775803,4
3775819,4
3775844,4
3775853,4
3775869,4
3775878,3
3775903,3
3775919,3
3775944,3
3775953,3
3775969,3
3775978,3
3775994,3
3776003,3
3776019,3
3776028,3
3776044,3
3776053,3
3776069,3
3776078,3
3776094,3
3776103,3
3776144,3
3776169,4
3776178,4
3776194,4
3776203,4
3776219,4
3776244,4
3776269,4
3776294,4
3776319,4
3776344,4
3776369,4
3776378,4
3776395,4
3776403,4
3776419,3
3776428,3
3776444,3
3776470,3
3776478,3
3776495,3
3776503,3
3776519,3
3776528,3
3776544,3
3776553,3
3776569,3
3776578,3
3776594,3
3776603,3
3776619,3
3776628,3
3776644,3
3776653,3
3776669,3
3776678,3
3776694,3
3776703,3
3776719,3
3776728,3
3776744,3
3776753,3
3776769,3
3776778,3
3776803,3
3776819,3
3776828,3
3776844,3
3776853,3
3776869,3
3776878,3
3776903,4
3776919,4
3776928,4
3776944,4
3776969,4
3776994,4
3777003,4
3777019,4
3777044,4
3777069,4
3777094,4
3777119,4
3777128,4
3777144,4
3777169,3
3777178,3
3777194,3
3777203,3
3777219,3
3777228,3
3777244,3
3777269,3
3777278,3
3777294,3
3777303,3
3777319,3
3777353,3
3777378,3
3777394,3
3777403,3
3777419,3
3777453,3
3777478,3
3777494,3
3777503,3
3777519,3
3777528,3
3777553,3
3777569,3
3777578,3
3777603,3
3777619,4
3777644,4
3777669,4
3777678,4
3777703,4
3777719,4
3777769,4
3777794,4
3777803,4
3777819,4
3777828,4
3777845,4
3777853,4
3777869,4
3777878,4
3778019,4
3778044,4
3778069,5
3778078,5
3778094,5
3778103,4
3778119,5
3778144,5
3778169,5
3778178,4
3778194,4
3778203,4
3778220,5
3778244,5
3778253,5
3778269,5
3778294,5
3778303,5
3778328,5
3778353,5
3778369,5
3778378,5
3778403,4
3778419,5
3778428,5
3778444,5
3778453,5
3778469,5
3778478,4
3778494,4
3778503,4
3778519,4
3778553,4
3778578,4
3778594,4
3778603,4
3778619,5
3778644,5
3778669,5
3778678,4
3778694,5
3778719,5
3778736,5
3778744,5
3778769,5
3778794,5
3778802,5
3778819,5
3778844,5
3778853,5
3778869,5
3778894,5
3778919,5
3778944,5
3778969,5
3778994,5
3779002,5
3779011,5
3779019,5
3779053,5
3779069,5
3779094,5
3779119,5
3779127,5
3779144,5
3779153,5
3779169,5
3779194,5
3779219,5
3779227,5
3779244,5
3779269,5
3779294,5
3779302,5
3779319,5
3779327,5
3779344,5
3779369,5
3779377,5
3779394,5
3779411,5
3779419,5
3779427,5
3779444,5
3779469,5
3779494,5
3779519,5
3779544,5
3779552,5
3779569,5
3779594,5
3779619,5
3779627,5
3779644,5
3779652,5
3779669,5
3779677,5
3779694,5
3779719,5
3779727,6
3779744,6
3779752,6
3779769,6
3779777,6
3779794,6
3779827,6
3779852,6
3779869,6
3779877,4
3779894,6
3779902,6
3779927,6
3779936,5
3779944,5
3779969,5
3779977,4
3779994,4
3780002,4
3780019,5
3780027,5
3780036,5
3780044,5
3780052,5
3780069,5
3780077,5
3780094,5
3780102,5
3780119,5
3780127,4
3780144,4
3780152,4
3780169,4
3780177,4
3780194,5
3780219,5
3780227,5
3780244,5
3780252,5
3780269,5
3780277,5
3780294,5
3780319,5
3780327,5
3780344,5
3780369,5
3780377,5
3780394,5
3780419,5
3780427,5
3780444,5
3780469,5
3780477,5
3780494,5
3780519,5
3780569,5
3780577,4
3780594,5
3780619,5
3780627,5
3780644,5
3780669,5
3780677,4
3780719,5
3780727,5
3780744,5
3780769,5
3780777,4
3780794,5
3780819,5
3780827,5
3780844,5
3780869,5
3780894,5
3780919,5
3780944,5
3780969,5
3780977,5
3780994,5
3781019,5
3781027,5
3781044,5
3781069,5
3781077,4
3781119,5
3781127,5
3781144,5
3781169,5
3781177,4
3781194,5
3781219,5
3781227,5
3781244,5
3781269,5
3781277,5
3781294,5
3781302,5
3781319,5
3781377,4
3781427,5
3781444,5
3781477,4
3781494,5
3781519,5
3781536,5
3781569,5
3781594,5
3781611,5
3781619,5
3781627,0
3781644,0
3781669,0
3781677,0
3781694,0
3781719,0
3781736,0
3781744,0
3781769,0
3781777,4
3781794,5
3781844,5
3781877,5
3781894,5
3781902,5
3781919,5
3781927,5
3781936,5
3781944,5
3781952,5
3781969,5
3781977,5
3781994,5
3782002,5
3782011,5
3782019,5
3782027,5
3782044,5
3782052,5
3782069,5
3782077,5
3782094,5
3782102,5
3782119,5
3782144,4
3782169,5
3782194,5
3782219,5
3782244,4
3782269,4
3782294,4
3782319,4
3782369,4
3782377,4
3782394,4
3782402,1
3782419,1
3782444,1
3782452,4
3782469,2
3782477,2
3782494,2
3782519,2
3782544,4
3782569,4
3782594,3
3782619,3
3782694,3
3782719,3
3782769,3
3782777,4
3782794,4
3782819,4
3782844,4
3782869,3
3782894,3
3782919,3
3782944,3
3782969,3
3782994,3
3783019,3
3783044,3
3783133,3
3783141,4
3783157,4
3783166,3
3783191,3
3783207,3
3783216,3
3783232,4
3783241,4
3783257,3
3783266,3
3783282,3
3783291,3
3783307,3
3783316,3
3783332,3
3783341,2
3783357,2
3783366,6
3783382,6
3783391,6
3783407,6
3783416,6
3783432,6
3783441,4
3783457,6
3783491,6
3783507,6
3783516,6
3783532,6
3783541,6
3783557,6
3783566,6
3783582,4
3783591,4
3783607,4
3783616,4
3783632,4
3783657,6
3783666,6
3783682,4
3783691,4
3783707,4
3783716,4
3783732,5
3783741,5
3783757,5
3783766,5
3783782,4
3783791,4
3783807,4
3783816,4
3783832,5
3783840,5
3783857,5
3783874,5
3783882,5
3783891,5
3783907,5
3783916,4
3783932,6
3783941,6
3783957,6
3783965,6
3783982,4
3783990,6
3784007,6
3784016,5
3784032,5
3784040,5
3784049,5
3784057,5
3784066,6
3784082,6
3784090,6
3784107,4
3784115,4
3784141,4
3784157,6
3784166,6
3784182,6
3784190,6
3784207,6
3784215,6
3784232,5
3784240,5
3784257,5
3784265,5
3784274,5
3784282,5
3784290,5
3784307,5
3784315,5
3784332,5
3784340,5
3784357,5
3784365,5
3784382,5
3784390,5
3784407,5
3784432,5
3784440,5
3784465,5
3784482,5
3784490,5
3784507,5
3784515,4
3784532,5
3784540,5
3784557,5
3784565,5
3784574,5
3784582,5
3784590,6
3784607,6
3784615,6
3784632,6
3784640,6
3784657,6
3784665,6
3784682,6
3784690,6
3784707,6
3784715,6
3784732,6
3784740,6
3784757,6
3784765,6
3784782,4
3784790,5
3784807,5
3784815,5
3784832,5
3784841,5
3784857,5
3784865,5
3784882,5
3784907,5
3784932,6
3784940,6
3784949,0
3784957,0
3784965,6
3784982,6
3784991,6
3785007,6
3785015,6
3785032,6
3785040,6
3785057,6
3785065,6
3785074,4
3785082,4
3785090,4
3785107,4
3785115,6
3785132,6
3785140,6
3785157,6
3785174,6
3785182,6
3785190,6
3785207,0
3785257,0
3785282,4
3785315,6
3785332,6
3785340,6
3785365,6
3785382,6
3785390,4
3785407,4
3785415,4
3785465,4
3785482,4
3785507,4
3785515,4
3785540,4
3785565,4
3785582,4
3785590,4
3785607,4
3785615,4
3785632,4
3785640,4
3785657,5
3785682,5
3785690,5
3785707,5
3785715,5
3785732,5
3785757,5
3785765,5
3785782,5
3785791,5
3785807,5
3785815,5
3785832,5
3785840,5
3785857,5
3785865,5
3785882,5
3785890,5
3785907,5
3785915,5
3785932,5
3785957,5
3785982,5
3786007,5
3786015,5
3786032,5
3786040,5
3786057,5
3786065,5
3786082,5
3786090,5
3786107,4
3786115,4
3786132,5
3786140,5
3786157,5
3786182,5
3786190,4
3786207,4
3786215,4
3786232,5
3786240,5
3786257,5
3786265,5
3786282,5
3786290,4
3786307,4
3786315,4
3786332,5
3786357,5
3786365,4
3786382,4
3786390,4
3786407,4
3786415,4
3786432,0
3786440,0
3786457,6
3786465,6
3786482,6
3786490,4
3786507,4
3786515,4
3786532,5
3786540,5
3786557,5
3786565,4
3786582,4
3786607,4
3786615,4
3786632,4
3786640,4
3786657,4
3786665,6
3786682,6
3786690,6
3786707,4
3786715,4
3786740,4
3786757,4
3786782,4
3786790,4
3786807,4
3786815,4
3786832,6
3786840,6
3786857,6
3786865,6
3786882,4
3786890,4
3786907,4
3786915,4
3786932,6
3786940,6
3786957,6
3786965,6
3786982,5
3787007,5
3787015,5
3787032,5
3787040,5
3787057,5
3787065,6
3787082,6
3787090,6
3787107,4
3787115,4
3787132,4
3787140,4
3787157,4
3787165,6
3787182,6
3787190,6
3787207,4
3787215,4
3787232,6
3787240,6
3787257,6
3787265,6
3787282,4
3787307,4
3787315,4
3787332,5
3787340,5
3787357,5
3787365,6
3787382,6
3787390,6
3787407,6
3787415,6
3787432,5
3787440,5
3787457,5
3787465,5
3787482,5
3787490,5
3787507,5
3787515,5
3787532,5
3787540,5
3787557,5
3787565,5
3787582,5
3787590,5
3787607,5
3787615,5
3787632,5
3787640,5
3787657,5
3787665,5
3787674,5
3787682,5
3787690,5
3787707,5
3787732,5
3787757,5
3787765,6
3787782,6
3787807,6
3787815,6
3787832,6
3787840,6
3787857,6
3787865,6
3787882,6
3787890,6
3787907,6
3787932,6
3787940,6
3787957,6
3787965,6
3787982,6
3787990,6
3788007,6
3788032,6
3788040,6
3788057,6
3788065,6
3788082,6
3788090,6
3788107,6
3788132,6
3788140,6
3788148,6
3788157,6
3788165,6
3788182,5
3788207,5
3788232,5
3788257,5
3788265,5
3788282,5
3788290,5
3788307,5
3788332,5
3788340,5
3788357,5
3788365,5
3788382,5
3788407,5
3788415,5
3788432,5
3788440,5
3788457,5
3788482,5
3788490,5
3788515,5
3788532,5
3788540,5
3788557,5
3788565,5
3788582,4
3788590,4
3788607,4
3788615,4
3788640,4
3788657,4
3788682,4
3788707,4
3788715,6
3788732,6
3788740,6
3788757,6
3788765,6
3788782,6
3788790,6
3788807,4
3788815,0
3788832,0
3788840,0
3788857,0
3788865,0
3788882,0
3788890,0
3788907,0
3788915,5
3788932,5
3788940,5
3788957,5
3788965,6
3788982,6
3788990,6
3789007,4
3789015,4
3789032,5
3789040,5
3789057,6
3789065,6
3789082,6
3789090,6
3789107,6
3789115,6
3789132,6
3789140,6
3789157,6
3789165,6
3789182,6
3789207,4
3789215,4
3789232,1
3789240,1
3789248,5
3789257,5
3789265,6
3789282,6
3789290,6
3789307,1
3789315,1
3789332,1
3789340,1
3789357,1
3789365,1
3789382,1
3789407,1
3789415,2
3789432,2
3789440,2
3789457,2
3789465,2
3789482,4
3789490,4
3789507,3
3789515,3
3789532,3
3789557,3
3789565,3
3789582,3
3789590,3
3789607,3
3789615,3
3789632,3
3789640,3
3789657,3
3789665,3
3789682,3
3789690,3
3789707,3
3789715,3
3789732,3
3789740,3
3789757,3
3789765,3
3789782,3
3789790,3
3789807,3
3789815,3
3789832,3
3789840,3
3789857,3
3789865,3
3789882,3
3789890,3
3789907,3
3789915,3
3789932,3
3789940,3
3789957,3
3789965,3
3789982,3
3790007,3
3790015,4
3790032,4
3790040,5
3790057,5
3790065,5
3790082,5
3790090,5
3790107,5
3790115,5
3790132,6
3790140,6
3790157,6
3790165,6
3790182,6
3790190,6
3790207,6
3790215,4
3790232,0
3790240,0
3790248,0
3790265,0
3790282,0
3790290,0
3790307,0
3790315,0
3790332,0
3790340,0
3790357,0
3790365,0
3790382,0
3790390,0
3790407,0
3790415,0
3790432,0
3790440,0
3790457,0
3790465,0
3790482,0
3790490,0
3790507,0
3790515,0
3790532,0
3790540,0
3790557,0
3790565,0
3790582,0
3790590,0
3790607,0
3790615,0
3790632,0
3790640,0
3790657,0
3790665,0
3790682,0
3790690,0
3790707,0
3790715,4
3790732,4
3790740,4
3790757,0
3790765,0
3790782,0
3790790,0
3790807,4
3790815,4
3790832,1
3790840,1
3790857,2
3790865,2
3790882,2
3790890,2
3790907,2
3790915,2
3790932,2
3790957,2
3790982,3
3791007,3
3791032,3
3791082,3
3791107,3
3791131,3
3791157,3
3791182,3
3791207,3
3791232,3
3791257,3
3791282,3
3791332,3
3791357,3
3791382,3
3791407,3
3791432,3
3791457,3
3791507,3
3791556,3
3791582,3
3791607,3
3791632,3
3791656,3
3791681,3
3791706,3
3791715,3
3791731,3
3791740,3
3791756,2
3791765,2
3791781,2
3791790,2
3791807,2
3791815,2
3791831,3
3791919,3
3791927,3
3791944,3
3791952,3
3791969,3
3792002,3
3792019,3
3792044,3
3792069,3
3792077,3
3792094,3
3792119,3
3792144,4
3792169,4
