3753513,2
3753521,2
3753538,2
3753546,2
3753563,2
3753571,2
3753588,2
3753596,2
3753604,2
3753613,2
3753621,2
3753638,2
3753646,2
3753663,2
3753671,2
3753688,1
3753696,1
3753704,1
3753713,5
3753721,5
3753738,5
3753746,5
3753763,5
3753771,5
3753788,5
3753796,5
3753813,5
3753821,5
3753838,5
3753846,5
3753863,5
3753871,5
3753879,5
3753888,5
3753896,5
3753913,5
3753921,5
3753938,5
3753946,5
3753963,5
3753971,5
3753988,5
3753996,5
3754013,5
3754021,5
3754038,5
3754046,5
3754063,5
3754071,5
3754088,5
3754096,5
3754113,5
3754121,5
3754138,5
3754146,5
3754163,5
3754171,5
3754188,5
3754196,5
3754213,5
3754221,5
3754238,5
3754246,5
3754263,5
3754271,5
3754288,5
3754296,5
3754313,5
3754321,5
3754338,5
3754346,5
3754363,5
3754371,5
3754388,5
3754396,5
3754413,5
3754421,5
3754438,5
3754446,5
3754463,5
3754471,5
3754488,5
3754496,5
3754513,5
3754521,5
3754538,5
3754546,5
3754563,1
3754571,1
3754588,1
3754596,1
3754613,1
3754621,1
3754638,1
3754646,1
3754663,1
3754671,1
3754688,1
3754696,1
3754713,1
3754721,1
3754738,1
3754746,1
3754763,1
3754771,1
3754788,1
3754796,1
3754813,1
3754821,1
3754838,1
3754863,1
3754871,2
3754888,2
3754896,2
3754913,2
3754921,2
3754938,2
3754946,2
3754963,2
3754971,2
3754996,2
3755013,2
3755021,2
3755038,2
3755046,2
3755063,2
3755071,2
3755088,2
3755096,2
3755113,2
3755121,2
3755138,2
3755146,2
3755163,2
3755171,2
3755188,2
3755196,2
3755213,2
3755221,2
3755238,2
3755246,2
3755263,2
3755271,2
3755288,2
3755296,2
3755313,2
3755321,2
3755338,2
3755363,2
3755371,2
3755388,2
3755396,2
3755413,2
3755438,2
3755463,2
3755471,2
3755479,2
3755488,2
3755496,2
3755513,2
3755521,2
3755538,2
3755546,2
3755563,2
3755571,2
3755588,2
3755596,2
3755613,2
3755621,2
3755638,2
3755646,2
3755663,2
3755671,2
3755688,2
3755696,2
3755713,2
3755721,2
3755826,6
3755834,6
3755851,6
3755859,6
3755876,6
3755884,6
3755901,6
3755909,6
3755926,6
3755934,6
3755951,6
3755959,6
3755976,6
3755984,6
3756001,6
3756009,6
3756026,6
3756051,6
3756059,6
3756076,6
3756084,2
3756101,2
3756109,2
3756126,2
3756134,2
3756151,2
3756159,2
3756176,2
3756184,2
3756201,2
3756209,2
3756226,2
3756234,2
3756251,2
3756259,2
3756276,2
3756284,2
3756301,2
3756309,2
3756326,2
3756334,2
3756351,2
3756359,2
3756376,2
3756384,2
3756401,2
3756409,2
3756426,2
3756434,2
3756451,2
3756459,2
3756476,1
3756484,1
3756501,1
3756509,1
3756526,1
3756534,1
3756551,1
3756559,1
3756576,1
3756584,1
3756601,1
3756609,1
3756626,1
3756634,1
3756659,1
3756676,1
3756684,5
3756701,5
3756709,5
3756726,5
3756734,5
3756751,5
3756759,5
3756776,5
3756784,5
3756801,5
3756897,5
3756905,5
3756922,5
3756930,5
3756947,5
3756955,5
3756972,5
3756980,5
3756997,5
3757005,5
3757022,5
3757030,5
3757047,5
3757055,5
3757072,5
3757080,5
3757097,5
3757105,5
3757122,5
3757130,5
3757147,5
3757155,5
3757172,1
3757180,1
3757197,1
3757205,1
3757222,1
3757230,1
3757247,1
3757255,1
3757272,1
3757280,1
3757297,1
3757305,1
3757322,1
3757330,1
3757347,1
3757355,1
3757372,1
3757380,1
3757397,2
3757405,2
3757422,2
3757430,2
3757447,2
3757455,2
3757472,2
3757480,2
3757497,2
3757505,2
3757522,2
3757530,2
3757547,2
3757555,2
3757572,2
3757580,2
3757597,2
3757605,2
3757622,2
3757630,2
3757647,2
3757655,2
3757672,2
3757680,2
3757697,2
3757705,2
3757722,2
3757730,2
3757747,2
3757755,2
3757772,2
3757780,2
3757797,2
3757805,2
3757822,2
3757830,2
3757847,2
3757855,2
3757872,2
3757880,2
3757897,2
3757905,2
3757922,2
3757930,2
3757938,2
3757947,2
3757955,2
3757972,2
3757980,2
3757997,2
3758005,2
3758022,2
3758030,2
3758047,2
3758055,2
3758072,2
3758080,2
3758097,2
3758105,2
3758122,2
3758130,2
3758147,2
3758155,2
3758172,2
3758180,2
3758197,2
3758205,2
3758222,2
3758230,2
3758247,2
3758255,3
3758272,3
3758280,3
3758297,3
3758305,3
3758322,3
3758330,3
3758347,3
3758355,3
3758372,3
3758380,3
3758397,3
3758405,3
3758422,3
3758430,3
3758447,3
3758455,3
3758472,3
3758480,3
3758497,3
3758505,3
3758522,3
3758530,3
3758547,3
3758555,3
3758572,3
3758580,3
3758597,3
3758605,3
3758622,3
3758630,3
3758647,3
3758655,2
3758672,2
3758680,2
3758697,2
3758705,2
3758722,2
3758730,2
3758747,2
3758755,2
3758772,2
3758780,2
3758797,2
3758805,2
3758822,2
3758830,2
3758847,2
3758855,2
3758872,2
3758880,2
3758897,2
3758905,2
3758922,2
3758930,2
3758947,2
3758955,2
3758972,2
3758980,2
3758997,2
3759005,2
3759022,1
3759030,1
3759047,5
3759055,5
3759072,5
3759080,5
3759097,5
3759105,5
3759122,5
3759130,5
3759147,5
3759155,5
3759172,5
3759180,5
3759197,5
3759205,5
3759222,5
3759230,5
3759247,5
3759272,5
3759280,4
3759297,5
3759305,5
3759313,5
3759322,5
3759347,5
3759372,5
3759397,5
3759405,5
3759422,5
3759430,5
3759446,5
3759455,5
3759472,5
3759480,5
3759496,5
3759505,5
3759522,5
3759530,5
3759547,5
3759555,5
3759572,5
3759580,5
3759597,5
3759605,5
3759622,5
3759630,5
3759647,5
3759655,5
3759671,5
3759680,5
3759697,5
3759705,5
3759722,5
3759730,5
3759746,5
3759755,5
3759763,5
3759771,5
3759780,5
3759789,5
3759797,5
3759805,5
3759821,5
3759830,5
3759838,5
3759847,5
3759855,5
3759863,5
3759871,5
3759888,5
3760689,5
3760697,5
3760705,5
3760713,5
3760722,5
3760730,5
3760738,5
3760747,5
3760755,5
3760763,5
3760772,5
3760780,5
3760788,5
3760797,5
3760805,5
3760813,5
3760822,5
3760830,5
3760838,5
3760847,5
3760855,5
3760863,5
3760872,5
3760880,5
3760888,5
3760897,5
3760905,5
3760913,5
3760922,5
3760930,5
3761163,5
3761172,5
3761180,5
3761188,5
3761197,5
3761205,5
3761213,5
3761222,5
3761230,5
3761238,5
3761247,1
3761255,1
3761272,1
3761280,1
3761288,1
3761297,1
3761305,1
3761638,5
3761647,5
3761655,5
3761663,1
3761672,1
3761680,1
3761688,1
3761697,1
3761705,1
3761713,1
3761722,1
3761730,1
3761738,5
3761747,5
3761755,5
3761763,5
3761772,5
3761780,5
3761788,5
3761797,5
3761805,5
3761813,5
3761822,5
3761830,5
3761838,5
3761847,5
3761855,5
3761863,5
3761871,5
3761880,5
3761888,5
3761897,5
3761905,5
3761913,5
3761922,5
3761930,5
3761938,5
3761947,5
3761955,5
3761963,5
3761972,5
3761980,1
3761988,1
3761996,1
3762005,1
3762013,1
3762022,1
3762030,1
3762038,1
3762047,1
3762055,1
3762064,1
3762072,1
3762080,1
3762088,1
3762096,1
3762105,1
3762113,1
3762122,1
3762130,1
3762138,1
3762147,1
3762155,1
3762163,1
3762172,1
3762180,1
3762188,1
3762197,1
3762205,1
3762213,1
3762222,1
3762230,1
3762246,1
3762255,1
3762352,1
3762360,1
3762368,1
3762376,1
3762385,1
3762393,1
3762401,1
3762410,1
3762418,1
3762426,1
3762435,1
3762443,1
3762451,1
3762460,1
3762468,1
3762476,1
3762485,1
3762493,1
3762510,1
3762518,1
3762535,1
3762543,1
3762560,1
3762568,1
3762585,1
3762593,1
3762610,1
3762618,1
3762626,1
3762635,1
3762643,1
3762660,1
3762668,1
3762676,1
3762685,1
3762693,1
3762701,1
3762710,1
3762718,1
3762735,1
3762743,1
3762760,1
3762768,1
3762785,1
3762793,1
3762801,1
3762810,1
3762818,1
3762826,1
3762835,1
3762843,1
3762851,1
3762860,1
3762868,1
3762876,1
3762885,1
3762893,1
3762901,1
3762918,1
3762943,1
3762968,1
3762985,1
3762993,1
3763010,1
3763018,1
3763034,1
3763043,1
3763051,1
3763060,1
3763068,1
3763076,1
3763085,1
3763093,1
3763101,1
3763109,1
3763118,1
3763126,1
3763135,1
3763143,1
3763151,5
3763160,5
3763168,5
3763176,5
3763185,5
3763193,5
3763201,5
3763210,5
3763218,5
3763226,5
3763235,5
3763243,5
3763251,5
3763260,5
3763268,5
3763276,5
3763293,5
3763301,5
3763310,5
3763318,5
3763326,5
3763334,5
3763423,5
3763431,5
3763439,5
3763447,5
3763456,5
3763464,5
3763472,5
3763481,5
3763489,5
3763497,5
3763506,5
3763514,5
3763522,5
3763531,5
3763539,5
3763547,5
3763556,5
3763564,5
3763572,5
3763581,5
3763589,5
3763597,5
3763614,5
3763622,5
3763631,5
3763639,5
3763647,5
3763656,5
3763664,5
3763672,5
3763681,5
3763689,5
3763697,5
3763706,5
3763714,5
3763722,5
3763731,5
3763739,5
3763747,5
3763756,5
3763764,5
3763772,5
3763789,5
3763797,5
3763814,5
3763822,5
3763831,5
3763839,5
3763847,5
3763856,5
3763864,5
3763889,5
3763906,5
3763914,5
3763931,5
3763939,5
3763956,5
3763964,5
3763980,5
3763989,5
3763997,5
3764014,5
3764022,5
3764030,5
3764039,5
3764047,5
3764056,5
3764064,5
3764072,5
3764080,5
3764089,5
3764097,5
3764105,5
3764114,5
3764122,5
3764130,5
3764139,5
3764147,5
3764156,5
3764164,5
3764172,5
3764180,5
3764189,5
3764205,5
3764214,5
3764230,5
3764239,5
3764264,5
3764272,5
3764289,5
3764297,5
3764314,5
3764322,5
3764330,5
3764339,5
3764347,5
3764356,5
3764364,5
3764372,5
3764381,5
3764389,5
3764398,5
3764406,5
3764414,5
3764503,5
3764511,5
3764527,5
3764535,5
3764552,5
3764561,5
3764577,5
3764586,5
3764602,5
3764627,5
3764635,5
3764652,5
3764660,5
3764677,5
3764686,5
3764702,5
3764710,5
3764727,5
3764735,5
3764744,5
3764752,5
3764760,5
3764769,5
3764777,5
3764785,5
3764794,5
3764802,5
3764810,5
3764819,5
3764827,5
3764835,5
3764844,5
3764852,5
3764861,5
3764869,5
3764877,5
3764885,5
3764894,5
3764910,5
3764919,5
3764936,5
3764944,5
3764960,5
3764969,5
3764977,5
3764985,5
3764994,5
3765002,5
3765010,5
3765019,5
3765027,5
3765035,5
3765044,5
3765052,5
3765060,5
3765069,5
3765077,5
3765086,5
3765094,5
3765102,5
3765110,5
3765119,5
3765127,5
3765135,5
3765152,5
3765160,5
3765177,5
3765185,5
3765202,5
3765210,5
3765227,5
3765235,5
3765252,5
3765260,5
3765277,5
3765285,5
3765302,5
3765327,5
3765336,5
3765352,5
3765360,5
3765377,5
3765385,5
3765402,5
3765410,5
3765427,5
3765435,5
3765452,5
3765460,5
3765469,5
3765477,5
3765485,5
3765574,5
3765581,5
3765590,5
3765598,5
3765607,5
3765615,5
3765623,5
3765640,5
3765648,5
3765657,5
3765665,5
3765673,5
3765681,5
3765690,5
3765698,5
3765706,5
3765715,5
3765723,5
3765731,5
3765740,5
3765748,5
3765757,5
3765765,5
3765773,5
3765781,5
3765790,5
3765798,5
3765806,5
3765815,5
3765823,5
3765831,5
3765840,5
3765848,5
3765856,5
3765865,5
3765873,5
3765881,5
3765890,5
3765898,5
3765906,5
3765915,5
3765923,5
3765931,5
3765940,5
3765948,5
3765956,5
3765965,5
3765973,5
3765981,5
3765990,5
3765998,5
3766006,5
3766015,5
3766023,5
3766031,5
3766040,5
3766048,5
3766056,5
3766065,5
3766073,5
3766082,5
3766090,5
3766098,5
3766106,5
3766115,5
3766123,5
3766131,5
3766140,5
3766148,5
3766156,5
3766165,5
3766173,5
3766181,5
3766190,5
3766198,5
3766206,5
3766215,5
3766223,5
3766231,5
3766240,5
3766248,5
3766256,5
3766265,5
3766273,5
3766281,5
3766290,5
3766298,5
3766306,5
3766315,5
3766323,5
3766331,5
3766340,5
3766348,5
3766356,5
3766365,5
3766373,5
3766381,5
3766390,1
3766398,1
3766406,1
3766415,1
3766423,1
3766431,1
3766440,1
3766448,1
3766456,1
3766465,5
3766473,5
3766481,5
3766490,5
3766498,5
3766506,5
3766515,5
3766523,5
3766531,5
3766540,5
3766548,5
3766556,5
3766565,5
3766573,5
3766581,5
3766590,5
3766598,5
3766606,5
3766615,5
3766623,5
3766631,5
3766640,5
3766648,5
3766656,5
3766665,5
3766673,5
3766681,5
3766690,5
3766698,5
3766706,5
3766715,5
3766723,5
3766731,5
3766740,5
3766748,5
3766756,5
3766765,5
3766773,5
3766781,5
3766790,5
3766798,5
3766806,5
3766815,5
3766823,5
3766831,5
3766840,5
3766848,5
3766856,5
3766865,5
3766873,5
3766881,5
3766890,5
3766898,5
3766906,5
3766915,5
3766923,5
3766931,5
3766940,5
3766948,5
3766956,5
3766965,5
3766973,5
3766981,5
3766990,5
3766998,5
3767006,5
3767023,5
3767031,5
3767048,5
3767056,5
3767073,5
3767082,5
3767098,5
3767106,5
3767123,5
3767131,5
3767148,5
3767156,5
3767173,5
3767181,5
3767190,5
3767198,5
3767206,1
3767215,1
3767223,2
3767231,2
3767240,2
3767248,2
3767256,2
3767265,2
3767273,2
3767281,2
3767290,2
3767298,2
3767306,2
3767315,2
3767323,2
3767331,2
3767340,2
3767348,2
3767356,2
3767365,2
3767373,2
3767381,2
3767390,2
3767398,2
3767406,2
3767415,2
3767423,2
3767431,2
3767440,2
3767448,2
3767456,2
3767465,2
3767473,2
3767481,2
3767490,2
3767498,2
3767506,2
3767515,2
3767523,2
3767531,2
3767540,2
3767548,2
3767556,2
3767565,2
3767573,2
3767581,2
3767590,2
3767598,2
3767606,2
3767615,2
3767623,2
3767631,2
3767640,2
3767648,2
3767656,2
3767665,2
3767673,2
3767681,2
3767690,2
3767698,2
3767706,2
3767715,2
3767723,2
3767731,2
3767740,2
3767748,2
3767756,2
3767765,2
3767773,2
3767781,2
3767790,2
3767798,2
3767806,2
3767815,2
3767823,2
3767831,2
3767840,2
3767848,2
3767856,2
3767865,2
3767873,2
3767881,2
3767890,2
3767898,2
3767906,2
3767915,2
3767923,2
3767931,2
3767940,2
3767948,2
3767956,2
3767965,2
3767973,2
3767981,2
3767990,2
3767998,2
3768006,2
3768015,2
3768023,2
3768031,3
3768040,3
3768048,3
3768056,3
3768065,3
3768073,3
3768081,3
3768098,3
3768106,3
3768115,3
3768123,3
3768131,3
3768140,3
3768148,3
3768157,3
3768165,3
3768173,3
3768181,3
3768198,3
3768206,3
3768215,3
3768223,3
3768231,3
3768240,3
3768248,3
3768256,3
3768265,3
3768273,3
3768281,2
3768290,2
3768298,2
3768306,2
3768315,2
3768323,3
3768331,3
3768348,3
3768357,3
3768373,3
3768381,3
3768398,3
3768406,3
3768423,3
3768431,3
3768448,3
3768456,3
3768473,3
3768481,3
3768498,3
3768506,3
3768523,3
3768531,3
3768548,3
3768556,3
3768573,3
3768581,3
3768598,3
3768606,3
3768623,3
3768631,3
3768648,3
3768656,3
3768673,3
3768681,3
3768698,3
3768706,3
3768723,3
3768731,4
3768748,4
3768756,4
3778231,1
3778248,1
3778256,1
3778273,1
3778281,1
3778298,1
3778306,1
3778323,1
3778331,1
3778348,1
3778356,1
3778373,1
3778381,1
3778398,1
3778406,1
3778423,1
3778431,1
3778448,1
3778456,1
3778473,1
3778481,1
3778498,1
3778506,1
3778523,1
3778531,1
3778548,1
3778556,1
3778573,1
3778581,1
3778598,1
3778606,1
3778623,1
3778631,1
3778648,1
3778656,1
3778673,1
3778681,1
3778698,1
3778706,1
3778723,1
3778731,1
3778748,1
3778756,1
3778773,1
3778781,1
3778798,1
3778806,1
3778823,1
3778831,1
3778848,1
3778856,1
3778873,1
3778881,1
3778898,1
3778906,1
3778923,1
3778931,1
3778948,1
3778956,1
3778973,1
3778981,1
3778998,1
3779006,1
3779023,1
3779031,1
3779048,1
3779056,1
3779073,1
3779081,1
3779098,1
3779106,1
3779123,1
3779131,1
3779148,1
3779156,1
3779173,1
3779181,1
3779198,1
3779206,1
3779294,1
3779302,1
3779319,1
3779327,1
3779344,1
3779352,1
3779369,1
3779377,1
3779394,1
3779402,1
3779419,1
3779427,1
3779444,1
3779452,1
3779469,1
3779477,1
3779494,1
3779502,1
3779519,1
3779527,1
3779544,1
3779552,1
3779569,1
3779577,1
3779594,1
3779602,1
3779619,1
3779627,1
3779644,1
3779652,1
3779669,1
3779677,1
3779694,1
3779702,1
3779719,1
3779727,1
3779744,1
3779752,1
3779769,1
3779777,1
3779794,1
3779802,2
3779819,2
3779827,2
3779844,1
3779852,1
3779869,1
3779877,1
3779894,1
3779902,1
3779919,1
3779927,1
3779944,1
3779952,1
3779969,1
3779977,1
3779994,1
3780002,1
3780019,1
3780027,1
3780044,1
3780052,1
3780069,1
3780077,1
3780094,1
3780102,1
3780119,1
3780127,1
3780144,1
3780152,1
3780169,1
3780177,5
3780194,5
3780202,5
3780219,6
3780227,6
3780244,6
3780252,4
3780269,4
3780277,5
3780961,5
3780969,5
3780986,5
3780994,5
3781011,5
3781019,5
3781036,5
3781044,5
3781061,5
3781069,5
3781086,5
3781094,5
3781111,5
3781119,4
3781136,4
3781144,5
3781161,5
3781169,5
3781186,5
3781194,5
3781211,5
3781219,5
3781236,1
3781244,1
3781252,1
3781269,1
3781286,1
3781294,1
3781302,1
3781311,1
3781319,1
3781327,1
3781344,1
3781352,1
3781369,1
3781377,1
3781386,1
3781394,1
3781402,1
3781411,1
3781419,1
3781427,1
3781436,1
3781444,1
3781452,1
3781461,1
3781469,1
3781477,1
3781486,1
3781494,1
3781502,1
3781511,1
3781519,1
3781527,1
3781536,1
3781544,1
3781552,1
3781561,1
3781569,1
3781577,1
3781586,1
3781594,1
3781602,1
3781611,1
3781619,1
3781627,1
3781636,5
3781644,5
3781652,5
3781661,5
3781669,5
3781677,5
3781686,5
3781694,5
3781702,5
3781711,5
3781719,5
3781727,5
3781736,5
3781744,5
3781752,5
3781761,5
3781769,5
3781777,5
3781786,5
3781794,5
3781802,5
3781811,5
3781819,5
3781827,5
3781836,5
3781844,5
3781852,5
3781861,5
3781877,5
3781886,5
3781902,5
3781911,5
3781928,5
3781936,5
3781944,5
3782682,5
3783111,5
3783119,5
3783128,5
3783136,5
3783144,5
3783153,5
3783169,5
3783178,5
3783194,5
3783203,5
3783211,5
3783219,5
3783228,5
3783236,5
3783244,5
3783253,5
3783261,5
3783269,5
3783278,5
3783286,5
3783294,5
3783303,5
3783311,5
3783319,5
3783328,5
3783336,5
3783344,5
3783353,5
3783361,5
3783369,5
3783378,5
3783386,5
3783394,5
3783403,5
3783411,5
3783419,5
3783428,5
3783436,5
3783444,5
3783453,5
3783461,5
3783469,5
3783478,5
3783486,5
3783494,5
3783503,5
3783511,5
3783519,5
3783528,5
3783536,5
3783544,5
3783553,5
3783561,5
3783569,5
3783578,5
3783586,5
3783594,5
3783603,5
3783611,5
3783619,5
3783628,5
3783636,5
3783644,5
3783653,5
3783661,5
3783669,5
3783678,5
3783686,5
3783694,5
3783703,5
3783711,5
3783719,5
3783728,5
3783736,5
3783744,5
3783753,5
3783761,5
3783769,5
3783778,5
3783786,5
3783794,5
3783803,5
3783811,5
3783819,5
3783828,5
3783836,5
3783844,5
3783853,5
3783861,5
3783869,5
3783878,5
3783886,5
3783894,5
3783902,5
3783911,5
3783919,5
3783927,5
3783936,5
3783944,5
3783961,5
3783969,5
3783978,5
3783986,5
3783994,5
3784002,5
3784011,5
3784019,5
3784036,5
3784044,5
3784061,5
3784069,5
3784086,5
3784174,5
3784190,5
3784199,1
3784207,1
3784215,1
3784232,1
3784240,1
3784249,1
3784257,1
3784265,1
3784274,1
3784282,1
3784290,1
3784299,1
3784307,1
3784315,1
3784324,1
3784332,1
3784340,1
3784349,1
3784357,1
3784365,1
3784374,1
3784382,1
3784390,1
3784399,1
3784407,1
3784415,1
3784424,1
3784432,1
3784440,1
3784449,1
3784457,1
3784465,1
3784474,1
3784482,1
3784490,1
3784499,1
3784507,1
3784515,1
3784524,1
3784532,1
3784540,1
3784549,1
3784557,1
3784565,1
3784574,1
3784582,1
3784590,1
3784599,1
3784607,1
3784615,1
3784624,1
3784632,1
3784640,5
3784649,5
3784657,5
3784665,5
3784674,5
3784690,5
3784699,5
3784707,5
3784715,5
3784724,5
3784732,5
3784740,5
3784749,5
3784757,5
3784765,5
3784774,5
3784782,5
3784790,5
3784799,5
3784807,5
3784815,5
3784824,5
3784832,5
3784840,5
3784849,5
3784874,5
3784882,5
3784890,5
3784898,5
3784907,5
3784915,5
3784932,5
3784940,5
3784948,5
3784974,5
3784982,5
3784990,5
3784998,5
3785007,5
3785015,5
3785024,5
3785032,5
3785040,5
3785048,5
3785057,5
3785065,5
3785074,5
3785082,5
3785090,5
3785099,5
3785107,5
3785115,5
3785124,5
3785132,5
3785140,5
3785157,4
3785173,4
3785357,4
3785423,5
3785432,5
3785440,5
3785457,5
3785465,5
3785474,5
3785482,5
3785490,5
3785507,5
3785515,5
3785524,5
3785532,5
3785540,1
3785549,1
3785557,1
3785565,1
3785574,1
3785598,1
3785607,4
3785615,1
3785623,1
3785640,1
3785648,5
3785665,5
3785674,5
3785682,5
3785690,5
3785698,5
3785707,5
3785715,5
3785723,5
3785732,5
3785740,5
3785748,5
3785757,5
3785765,5
3785774,5
3785782,5
3785790,5
3785798,5
3785807,5
3785815,5
3785823,0
3785832,0
3785840,0
3785848,5
3785857,5
3785865,5
3785882,5
3785890,5
3785898,5
3785907,5
3785915,5
3785923,5
3785932,5
3785940,5
3785949,5
3785957,5
3785965,5
3785974,5
3785982,5
3785990,5
3785998,5
3786007,5
3786015,5
3786024,5
3786032,5
3786040,5
3786273,1
3786307,1
3786323,1
3786332,5
3786374,5
3786382,5
3786398,5
3786407,5
3786415,5
3786423,5
3786432,5
3786440,5
3786448,5
3786457,5
3786465,5
3786473,5
3786482,5
3786490,5
3786498,5
3786507,1
3786515,1
3786523,1
3786532,1
3786540,1
3786548,1
3786565,1
3786573,1
3786582,1
3786590,1
3786598,1
3786607,1
3786615,1
3786632,1
3786640,1
3786665,1
3786857,4
3786948,4
3786957,4
3786973,4
3786982,1
3786990,1
3786998,1
3787007,5
3787015,5
3787024,5
3787032,5
3787040,5
3787048,5
3787057,5
3787065,5
3787073,5
3787082,5
3787090,5
3787098,5
3787107,5
3787115,5
3787123,5
3787132,5
3787140,5
3787148,5
3787157,5
3787165,5
3787173,5
3787182,5
3787190,5
3787207,5
3787215,5
3787223,5
3787232,5
3787240,5
3787248,5
3787257,5
3787265,5
3787273,5
3787282,5
3787290,5
3787298,5
3787307,5
3787315,5
3787323,5
3787332,1
3787340,1
3787348,1
3787365,1
3787373,1
3787624,1
3787682,1
3787690,1
3787698,1
3787707,1
3787715,1
3787723,1
3787732,1
3787740,1
3787757,1
3787765,1
3787773,1
3787782,1
3787790,1
3787799,1
3787807,5
3787815,5
3787823,5
3787832,5
3787840,5
3787848,5
3787857,5
3787865,5
3787873,5
3787882,5
3787890,1
3787898,1
3787907,1
3787915,1
3787923,1
3787932,1
3787940,1
3787948,1
3787957,1
3787965,1
3787973,1
3787982,1
3787990,1
3787998,2
3788007,3
3788015,3
3788023,3
3788032,3
3788040,3
3788048,2
3788057,2
3788073,2
3788082,2
3788098,2
3788107,2
3788115,2
3788123,2
3788132,2
3788140,2
3788148,2
3788157,2
3788165,2
3788173,2
3788182,2
3788190,2
3788207,2
3788232,2
3788240,2
3788257,2
3788265,2
3788282,2
3788290,2
3788395,2
3788411,2
3788420,2
3788436,2
3788445,2
3788461,2
3788470,2
3788486,2
3788495,2
3788511,2
3788520,2
3788536,2
3788545,2
3788553,2
3788561,2
3788570,2
3788628,3
3788636,3
3788645,3
3788653,3
3788661,3
3788670,3
3788678,4
3788686,4
3788695,4
3788703,4
3788711,4
3788720,4
3788728,4
3788736,4
3788745,4
3788761,4
3788786,3
3788811,3
3788836,3
3788845,3
3788861,3
3788870,3
3788886,3
3788895,3
3788911,3
3788945,3
3791905,1
3791913,1
3791929,1
3791938,1
3791946,1
3791954,1
3791963,1
3791979,1
3791988,1
3791996,1
3792004,1
3792013,1
3792029,1
3792038,1
3792046,1
3792054,1
3792063,1
3792071,1
3792079,1
3792088,1
3792096,1
3792104,1
3792113,1
3792121,1
3792129,1
3792138,1
3792146,1
3792154,1
3792163,1
3792179,1
3792188,1
3792196,1
3792204,1
3792213,1
3792221,1
3792229,5
3792238,5
3792246,5
3792254,5
3792263,5
3792271,5
3792288,5
3792296,5
3792313,5
3792321,5
3792338,5
3792346,5
3792354,5
3792363,5
3792371,5
3792379,5
3792388,5
3792396,5
3792404,5
3792413,5
3792421,5
3792429,5
3792438,5
3792446,5
3792454,5
3792463,5
3792471,5
3792488,5
3792496,5
3792513,5
3792521,5
3792538,5
3792546,5
3792563,5
3792571,5
3792588,5
3792596,5
3792613,5
3792621,5
3792638,5
3792646,5
3792654,5
3792663,5
3792671,5
3792679,5
3792688,5
3792696,5
3792704,5
3792713,5
3792721,5
3792729,5
3792738,5
3792746,5
3792763,5
3792771,5
3792788,5
3792796,5
3792804,5
3792813,5
3792821,5
3792829,5
3792838,5
3792846,5
3792854,5
3792863,5
3792871,5
3792879,5
3792888,5
3792976,5
3792984,5
3792992,5
3793000,5
3793009,5
3793017,5
3793025,5
3793034,5
3793042,5
3793050,5
3793059,1
3793067,1
3793075,1
3793084,1
3793092,1
3793100,1
3793109,1
3793117,1
3793125,1
3793134,1
3793142,1
3793150,1
3793159,1
3793167,1
3793175,1
3793184,1
3793192,1
3793200,1
3793209,1
3793217,1
3793225,1
3793234,1
3793242,1
3793259,1
3793267,1
3793292,1
3793309,1
3793317,1
3793325,1
3793334,1
3793342,1
3793350,1
3793359,1
3793367,1
3793375,1
3793384,1
3793392,1
3793400,1
3793409,1
3793417,1
3793425,1
3793434,1
3793442,1
3793450,1
3793459,1
3793467,1
3793484,1
3793492,5
3793500,5
3793509,5
3793517,5
3793526,5
3793534,5
3793542,5
3793559,4
3793575,5
3793584,5
3793592,5
3793600,5
3793609,5
3793617,5
3793625,5
3793634,5
3793642,5
3793659,4
3793675,5
3793684,5
3793692,5
3793700,5
3793709,5
3793717,5
3793725,5
3793734,5
3793742,5
3793759,4
3793775,1
3793784,1
3793792,5
3793809,5
3793817,5
3793825,5
3793834,5
3793842,5
3793850,5
3793859,5
3793867,5
3793875,5
3793884,5
3793892,5
3793900,5
3793909,5
3793917,5
3793925,5
3793934,5
3793942,5
3793950,5
3793959,5
3794047,5
3794055,5
3794063,5
3794071,5
3794080,5
3794088,5
3794096,5
3794105,5
3794113,5
3794122,5
3794130,5
3794138,5
3794146,5
3794155,5
3794163,5
3794171,5
3794180,5
3794188,5
3794196,5
3794205,5
3794213,5
3794221,5
3794230,5
3794238,5
3794246,5
3794255,5
3794263,5
3794271,5
3794280,5
3794288,5
3794296,5
3794305,5
3794313,5
3794321,5
3794330,5
3794338,5
3794346,5
3794355,5
3794363,1
3794371,1
3794380,1
3794388,1
3794396,1
3794405,1
3794413,1
3794421,1
3794430,1
3794438,1
3794446,1
3794455,1
3794463,1
3794471,1
3794480,1
3794488,1
3794496,5
3794505,5
3794513,5
3794521,5
3794530,5
3794538,5
3794546,5
3794555,5
3794563,5
3794571,5
3794580,5
3794588,5
3794596,5
3794605,5
3794613,5
3794621,5
3794630,5
3794638,5
3794646,5
3794655,5
3794663,5
3794671,5
3794688,5
3794696,5
3794705,5
3794713,5
3794721,5
3794730,5
3794738,5
3794746,5
3794755,5
3794763,5
3794771,5
3794779,5
3794788,5
3794796,5
3794805,5
3794813,5
3794830,5
3794838,5
3794855,5
3794863,5
3794880,5
3794888,5
3794896,5
3794905,5
3794913,5
3794921,5
3794930,5
3794938,5
3794946,5
3794955,5
3794963,5
3794971,5
3794979,5
3794988,5
3794996,5
3795005,5
3795013,5
3795021,5
3795030,5
3795118,5
3795126,6
3795134,6
3795142,6
3795151,6
3795159,6
3795167,6
3795176,6
3795184,6
3795192,6
3795201,6
3795209,6
3795217,6
3795226,6
3795234,6
3795242,6
3795251,6
3795259,6
3795267,6
3795276,6
3795284,1
3795292,1
3795301,1
3795309,1
3795317,1
3795326,5
3795334,5
3795342,5
3795351,5
3795359,5
3795367,5
3795376,5
3795384,5
3795392,5
3795401,5
3795409,5
3795426,5
3795442,5
3795451,5
3795459,5
3795476,1
3795484,1
3795492,1
3795509,1
3795517,2
3795534,2
3795542,2
3795559,2
3795567,2
3795576,2
3795584,2
3795592,2
3795601,2
3795609,2
3795617,2
3795626,2
3795634,2
3795642,2
3795651,2
3795659,2
3795667,2
3795676,2
3795684,2
3795692,2
3795701,1
3795709,1
3795717,1
3795726,5
3795734,5
3795751,5
3795759,5
3795776,5
3795784,5
3795801,5
3795809,5
3795817,5
3795826,4
3795842,5
3795851,5
3795859,5
3795867,5
3795876,5
3795884,5
3795892,5
3795900,5
3795909,5
3795917,5
3795925,5
3795934,5
3795942,5
3795951,5
3795959,5
3795967,5
3795976,5
3795984,5
3795992,5
3796001,5
3796009,5
3796017,5
3796026,5
3796034,5
3796042,5
3796050,5
3796059,5
3796067,5
3796076,5
3796084,5
3796092,5
3796100,5
3796189,5
3796213,5
3796222,5
3796230,5
3796238,5
3796247,5
3796255,5
3796263,5
3796272,5
3796280,5
3796288,5
3796297,5
3796305,5
3796313,5
3796322,5
3796330,5
3796338,5
3796347,5
3796355,5
3796363,5
3796372,5
3796380,5
3796388,5
3796397,1
3796405,1
3796413,1
3796422,1
3796430,1
3796438,1
3796447,1
3796455,1
3796463,1
3796472,1
3796480,5
3796488,5
3796496,5
3796505,5
3796530,5
3796555,5
3796580,5
3796588,5
3796597,5
3796605,5
3796613,5
3796621,5
3796630,5
3796638,5
3796646,5
3796655,5
3796663,5
3796672,5
3796680,5
3796688,5
3796697,5
3796705,5
3796713,5
3796722,5
3796730,5
3796738,5
3796747,5
3796755,5
3796763,5
3796771,5
3796780,5
3796788,5
3796797,5
3796805,5
3796813,5
3796821,5
3796830,5
3796838,5
3796847,5
3796855,5
3796863,5
3796880,5
3796905,5
3796930,5
3796947,5
3796955,5
3796971,5
3796980,5
3796988,5
3796996,5
3797005,5
3797013,5
3797021,5
3797030,5
3797038,5
3797046,5
3797055,5
3797063,5
3797071,5
3797080,5
3797088,5
3797096,5
3797105,5
3797113,5
3797121,5
3797130,5
3797138,5
3797146,5
3797155,5
3797163,5
3797171,5
3797180,5
3797188,5
3797196,5
3797205,5
3797213,5
3797302,1
3797309,1
3797318,1
3797326,1
3797334,1
3797343,1
3797351,1
3797360,1
3797368,1
3797376,1
3797384,1
3797393,1
3797401,1
3797409,1
3797418,5
3797426,5
3797435,5
3797443,5
3797451,5
3797460,5
3797468,5
3797485,5
3797493,5
3797510,5
3797518,5
3797543,5
3797576,1
3797593,1
3797601,1
3797618,1
3797626,5
3797634,5
3797643,5
3797651,5
3797660,5
3797668,5
3797676,5
3797685,5
3797693,5
3797701,5
3797710,5
3797718,5
3797726,5
3797734,5
3797743,5
3797751,5
3797760,5
3797768,5
3797776,5
3797784,5
3797793,5
3797801,5
3797809,5
3797818,5
3797826,1
3797834,1
3797843,1
3797851,1
3797859,1
3797868,1
3797876,1
3797884,1
3797893,1
3797901,1
3797909,1
3797918,1
3797926,1
3797934,1
3797943,1
3797951,1
3797960,1
3797968,1
3797976,1
3797984,1
3797993,1
3798001,1
3798009,1
3798018,1
3798026,1
3798034,1
3798043,1
3798051,1
3798059,1
3798068,1
3798076,1
3798085,1
3798093,1
3798101,1
3798109,1
3798118,5
3798126,5
3798134,5
3798143,5
3798151,5
3798159,5
3798168,5
3798176,5
3798184,5
3798193,5
3798201,5
3798209,5
3798218,5
3798226,5
3798234,5
3798243,5
3798259,5
3798268,5
3798284,5
3798434,1
3798451,1
3798501,1
3798509,1
3798526,1
3798534,1
3798551,1
3798559,1
3798568,1
3798576,1
3798584,1
3798593,1
3798601,1
3798609,1
3798618,1
3798634,1
3798643,1
3798651,1
3798659,1
3798668,5
3798676,5
3798684,5
3798693,5
3798701,5
3798709,5
3798718,5
3798726,5
3798734,5
3798743,5
3798751,5
3798759,5
3798768,5
3798776,5
3798784,5
3798793,5
3798801,5
3798809,5
3798818,5
3798826,5
3798834,5
3798843,5
3798851,5
3798859,5
3798868,5
3798876,5
3798884,5
3798893,5
3798901,5
3798909,5
3798918,5
3798926,5
3798934,5
3798943,5
3798951,5
3798960,5
3798968,5
3798976,5
3798984,5
3798993,5
3799001,5
3799009,5
3799018,5
3799026,5
3799034,5
3799043,5
3799051,5
3799059,5
3799068,5
3799076,5
3799084,5
3799093,1
3799101,1
3799109,1
3799118,1
3799134,1
3799143,1
3799151,1
3799159,1
3799168,1
3799176,1
3799184,1
3799193,1
3799201,1
3799209,1
3799218,1
3799226,1
3799234,1
3799243,1
3799251,1
3799259,1
3799268,1
3799276,5
3799284,5
3799293,5
3799301,5
3799309,5
3799318,5
3799326,5
3799334,5
3799343,5
3799351,5
3799359,5
3799368,5
3799376,5
3799384,5
3799393,5
3799401,5
3799409,5
3799418,5
3799426,5
3799434,5
3799443,5
3799451,5
3799459,5
3799468,5
3799476,5
3799484,5
3799493,5
3799501,5
3799509,5
3799518,5
3799526,5
3799534,5
3799543,5
3799551,5
3799559,5
3799568,5
3799576,5
3799584,5
3799593,5
3799601,5
3799609,5
3799618,5
3799626,5
3799634,5
3799643,5
3799651,5
3799659,5
3799668,5
3799676,5
3799684,5
3799693,5
3799701,5
3799710,5
3799718,5
3799726,5
3799734,5
3799743,5
3799751,5
3799759,5
3799768,5
3799776,5
3799784,5
3799793,5
3799801,5
3799809,5
3799818,5
3799826,5
3799834,5
3799843,5
3799851,5
3799859,5
3799868,5
3799876,5
3799884,5
3799893,5
3799901,5
3799909,5
3799918,5
3799926,5
3799934,5
3799943,5
3799951,5
3799959,5
3799968,5
3799976,5
3799984,5
3799993,5
3800001,5
3800009,5
3800018,5
3800026,5
3800034,5
3800043,5
3800051,5
3800059,5
3800068,5
3800076,5
3800084,5
3800093,5
3800101,5
3800376,5
3800401,5
3800409,5
3800418,5
3800426,1
3800434,1
3800451,1
3800459,1
3800476,1
3800484,1
3800493,1
3800501,1
3800509,1
3800518,1
3800526,1
3800534,1
3800543,1
3800551,1
3800559,1
3800568,1
3800576,1
3800934,1
3800943,1
3800951,1
3800959,1
3800968,1
3800976,1
3800984,1
3800993,1
3801001,1
3801009,1
3801018,1
3801026,1
3801034,1
3801043,1
3801051,1
3801059,1
3801068,1
3801076,1
3801084,1
3801093,1
3801101,1
3801109,1
3801118,1
3801126,1
3801134,1
3801142,1
3801151,1
3801159,1
3801168,1
3801176,1
3801184,1
3801193,1
3801201,1
3801209,1
3801218,1
3801226,1
3801234,1
3801243,1
3801251,5
3801259,5
3801267,5
3801276,5
3801284,5
3801293,5
3801301,5
3801309,5
3801318,5
3801326,5
3801334,5
3801342,5
3801351,5
3801359,5
3801368,5
3801376,5
3801384,5
3801392,5
3801401,5
3801409,5
3801417,5
3801426,5
3801434,5
3801442,5
3801451,5
3801459,5
3801468,5
3801476,5
3801484,5
3801492,5
3801501,5
3801509,5
3801518,5
3801526,5
3801534,5
3801542,5
3801551,5
3801559,5
3801567,5
3801576,5
3801584,5
3801592,5
3801601,5
3801609,5
3801617,5
3801626,5
3801634,5
3801642,5
3801651,5
3801659,5
3801667,5
3801676,5
3801684,5
3801692,5
3801701,5
3801709,5
3801717,5
3801726,5
3801734,5
3801742,5
3801751,5
3801759,5
3801767,5
3801776,5
3801784,5
3801792,5
3801801,5
3801818,5
3801826,5
3801834,5
3801842,5
3801851,5
3801859,5
3801867,5
3801876,5
3801884,5
3801892,5
3801901,5
3801909,5
3801918,5
3801926,5
3801934,5
3801942,5
3801951,5
3801959,5
3801967,5
3801976,5
3801984,5
3801992,5
3802001,5
3802009,5
3802017,5
3802026,5
3802034,5
3802042,5
3802051,5
3802059,5
3802067,5
3802076,5
3802084,5
3802092,5
3802101,5
3802109,5
3802117,5
3802126,5
3802134,5
3802142,5
3802151,5
3802159,5
3802167,5
3802176,5
3802184,1
3802192,1
3802201,1
3802209,1
3802217,1
3802226,1
3802234,1
3802242,1
3802251,1
3802259,1
3802267,1
3802276,1
3802284,1
3802292,1
3802301,1
3802309,1
3802317,1
3802326,5
3802334,5
3802342,5
3802351,5
3802359,5
3802367,5
3802376,5
3802384,5
3802392,5
3802401,5
3802409,5
3802417,5
3802426,5
3802434,5
3802442,5
3802451,5
3802459,5
3802467,5
3802476,5
3802484,5
3802492,5
3802501,5
3802509,5
3802517,5
3802526,5
3802534,5
3802542,5
3802551,5
3802559,5
3802567,5
3802576,5
3802584,5
3802592,5
3802601,5
3802609,5
3802617,5
3802626,5
3802634,5
3802642,5
3802651,5
3802659,5
3802667,5
3802676,5
3802684,5
3802692,5
3802701,5
3802709,5
3802717,5
3802726,5
3802734,5
3802742,5
3802751,1
3802759,1
3802767,1
3802776,1
3802784,1
3802792,1
3802801,1
3802809,1
3802817,1
3802826,1
3802834,1
3802842,6
3802851,6
3802859,6
3802867,6
3802876,6
3802884,6
3802892,6
3802901,6
3802909,6
3802917,6
3802926,6
3802934,6
3802942,6
3802951,6
3802959,6
3802967,6
3802976,6
3802984,6
3802992,6
3803001,6
3803009,6
3803017,6
3803026,6
3803034,6
3803042,6
3803051,6
3803059,6
3803067,6
3803076,6
3803084,6
3803092,6
3803101,6
3803109,6
3803118,6
3803126,6
3803134,6
3803142,6
3803151,6
3803159,6
3803167,6
3803176,6
3803184,6
3803192,6
3803201,6
3803209,6
3803217,6
3803226,6
3803234,6
3803242,6
3803251,6
3803259,6
3803267,6
3803276,6
3803284,6
3803292,6
3803301,6
3803309,6
3803318,6
3803326,6
3803334,6
3803342,6
3803351,6
3803359,6
3803367,6
3803376,6
3803384,6
3803392,5
3803401,5
3803409,5
3803417,5
3803426,5
3803434,5
3803442,5
3803451,5
3803459,5
3803467,5
3803476,5
3803484,5
3803492,5
3803501,5
3803509,5
3803517,5
3803526,5
3803534,5
3803542,5
3803551,5
3803559,5
3803567,5
3803576,5
3803584,5
3803592,5
3803601,5
3803609,5
3803617,5
3803626,5
3803634,5
3803642,5
3803651,5
3803659,5
3803667,5
3803676,5
3803684,5
3803692,5
3803701,5
3803709,5
3803717,5
3803726,5
3803734,5
3803742,5
3803751,5
3803759,5
3803767,5
3803776,5
3803784,5
3803792,5
3803801,5
3803809,5
3803817,5
3803826,5
3803834,5
3803842,5
3803851,5
3803859,5
3803867,5
3803876,5
3803884,5
3803892,5
3803901,5
3803909,5
3803917,5
3803926,5
3803934,5
3803942,5
3803951,5
3803959,5
3803967,5
3803976,5
3803984,5
3803992,5
3804001,5
3804009,5
3804017,5
3804026,5
3804034,5
3804042,5
3804051,5
3804059,5
3804067,5
3804076,5
3804084,5
3804092,5
3804101,5
3804109,5
3804117,5
3804126,5
3804134,5
3804142,5
3804151,5
3804159,5
3804167,5
3804176,5
3804184,5
3804192,5
3804209,1
3804451,1
3804476,1
3804484,1
3804492,1
3804501,1
3804509,1
3804517,1
3804526,1
3804542,1
3804551,1
3804559,1
3804567,1
3804576,1
3804584,1
3804592,1
3804601,1
3804609,1
3804617,1
3804626,1
3804634,1
3804642,1
3804651,1
3804659,1
3804667,1
3804675,1
3804684,1
3804692,1
3804701,1
3804709,1
3804717,1
3804726,1
3804734,1
3804742,1
3804751,1
3804759,5
3804767,5
3804776,5
3804784,5
3804792,5
3804801,5
3804809,5
3804817,5
3804826,5
3804834,5
3804842,5
3804851,5
3804859,5
3804867,5
3804876,5
3804884,5
3804892,5
3804901,5
3804909,5
3804917,5
3804926,5
3804934,5
3804942,5
3804951,5
3804959,5
3804967,5
3804976,5
3804984,5
3804992,5
3805001,5
3805009,5
3805017,5
3805025,5
3805034,5
3805042,5
3805051,5
3805059,5
3805067,5
3805075,5
3805084,5
3805092,5
3805100,5
3805109,5
3805117,5
3805126,5
3805134,5
3805142,5
3805151,5
3805159,5
3805167,5
3805175,5
3805184,5
3805192,5
3805200,5
3805209,5
3805217,5
3805225,5
3805234,5
3805242,5
3805250,5
3805259,5
3805267,5
3805275,5
3805292,5
3805300,5
3805317,5
3805325,5
3805342,5
3805350,1
3805359,1
3805367,1
3805376,1
3805384,1
3805392,1
3805401,1
3805409,1
3805417,1
3805425,1
3805434,2
3805442,2
3805450,2
3805459,2
3805467,2
3805475,2
3805484,2
3805492,2
3805500,2
3805509,2
3805517,2
3805526,2
3805534,2
3805542,2
3805550,2
3805559,2
3805567,2
3805575,2
3805584,2
3805592,2
3805600,2
3805609,2
3805617,2
3805625,2
3805634,2
3805642,2
3805650,2
3805659,3
3805667,3
3805675,3
3805684,3
3805692,3
3805700,3
3805709,3
3805717,3
3805725,3
3805734,3
3805742,3
3805750,3
3805759,3
3805767,3
3805775,3
3805784,3
3805792,3
3805800,3
3805809,3
3805817,3
3805825,3
3805834,3
3805842,3
3805850,3
3805859,3
3805867,3
3805875,3
3805884,3
3805892,3
3805900,3
3805909,3
3805917,3
3805926,3
3805934,3
3805942,3
3805950,3
3805959,3
3805967,3
3805975,3
3805984,3
3805992,3
3806000,3
3806009,3
3806017,3
3806025,3
3806034,3
3806042,3
3806050,3
3806059,3
3806067,3
3806075,3
3806084,3
3806092,3
3806100,3
3806109,3
3806117,3
3806125,3
3806134,3
3806142,3
3806150,3
3806159,3
3806167,3
3806176,3
3806184,3
3806192,3
3806200,3
3806209,3
3806217,3
3806225,3
3806234,3
3806242,3
3806250,3
3806259,3
3806267,3
3806275,3
3806284,3
3806292,3
3806300,3
3806309,3
3806317,3
3806325,3
3806334,3
3806342,3
3806350,3
3806359,3
3806367,3
3806375,3
3806384,3
3806392,3
3806400,3
3806409,3
3806417,3
3806425,3
3806434,3
3806442,3
3806450,3
3806459,3
3806467,3
3806475,3
3806484,3
3806492,3
3806500,3
3806509,3
3806517,3
3806525,3
3806534,3
3806542,3
3806550,3
3806559,3
3806567,3
3806575,3
3806584,3
3806592,3
3806600,3
3806609,3
3806617,3
3806625,3
3806634,3
3806642,3
3806650,3
3806659,3
3806667,3
3806675,3
3806684,3
3806692,3
3806700,3
3806709,3
3806717,3
3806725,3
3806734,3
3806742,3
3806750,3
3806759,3
3806767,3
3806775,3
3806784,3
3806792,3
3806800,3
3806809,3
3806817,3
3806825,3
3806834,3
3806842,3
3806850,3
3806859,3
3806867,3
3806875,3
3806884,3
3806892,3
3806900,3
3806909,3
3806917,3
3806925,3
3806934,3
3806942,3
3806959,3
3806967,3
3806975,3
3806984,3
3806992,3
3807000,3
3807009,3
3807017,3
3807025,3
3807034,3
3807042,3
3807050,3
3807059,3
3807067,3
3807075,3
3807084,3
3807092,3
3807100,3
3807109,3
3807117,3
3807125,3
3807134,3
3807142,3
3807150,3
3807159,3
3807167,3
3807175,3
3807184,3
3807192,3
3807200,3
3807209,3
3807217,3
3807225,3
3807234,3
3807242,3
3807250,3
3807259,3
3807267,3
3807275,3
3807284,3
3807292,3
3807300,3
3807309,3
3807317,3
3807325,3
3807334,3
3807342,3
3807351,3
3807359,3
3807367,3
3807375,3
3807384,3
3807392,3
3807400,3
3807409,3
3807417,3
3807425,3
3807434,3
3807442,3
3807450,3
3807459,3
3807467,3
3807475,3
3807484,3
3807492,3
3807500,3
3807509,3
3807517,3
3807525,3
3807534,3
3807542,3
3807550,3
3807559,3
3807567,3
3807575,3
3807584,3
3807592,3
3807600,3
3807609,3
3807617,3
3807625,3
3807634,3
3807642,3
3807650,3
3807659,3
3807667,3
3807675,3
3807684,3
3807692,3
3807700,3
3807709,3
3807717,3
3807725,3
3807734,3
3807742,3
3807750,3
3807759,3
3807767,3
3807775,3
3807784,3
3807792,3
3807800,3
3807809,3
3807817,3
3807825,3
3807834,3
3807842,3
3807850,3
3807859,3
3807867,3
3807875,3
3807884,3
3807892,3
3807900,3
3807909,3
3807917,3
3807925,3
3807934,3
3807942,3
3807950,3
3807959,3
3807967,3
3807975,3
3807984,3
3807992,3
3808000,3
3808009,3
3808017,3
3808025,3
3808034,3
3808042,3
3808050,3
3808059,3
3808067,2
3808075,2
3808084,2
3808100,2
3808109,2
3808125,2
3808134,2
3808150,2
