3956493,1
3956501,1
3956518,1
3956543,1
3956551,1
3956568,1
3956576,1
3956593,1
3956601,1
3956618,1
3956626,1
3956643,1
3956651,1
3956668,5
3956676,5
3956693,5
3956701,5
3956718,5
3956726,5
3956743,5
3956751,5
3956768,5
3956776,5
3956793,5
3956801,5
3956810,5
3956818,5
3956826,5
3956843,5
3956851,5
3956868,5
3956876,5
3956893,5
3956901,5
3956918,5
3956926,5
3956943,5
3956951,5
3956968,5
3956976,5
3956993,5
3957001,1
3957018,1
3957026,1
3957035,1
3957043,1
3957051,1
3957068,1
3957076,1
3957093,1
3957101,1
3957118,1
3957126,1
3957151,1
3957176,1
3957193,1
3957201,1
3957210,1
3957218,1
3957226,1
3957243,6
3957251,6
3957268,6
3957276,6
3957293,6
3957301,6
3957310,6
3957318,6
3957326,6
3957343,6
3957351,6
3957368,6
3957376,6
3957393,6
3957401,6
3957418,6
3957426,6
3957443,6
3957451,6
3957468,6
3957476,6
3957493,6
3957501,6
3957510,6
3957518,6
3957526,6
3957543,6
3957551,6
3957568,6
3957576,6
3957593,0
3957601,0
3957618,6
3957626,6
3957651,6
3957668,6
3957676,6
3957693,6
3957701,6
3957718,6
3957726,6
3957743,6
3957751,6
3957768,6
3957776,5
3957793,5
3957801,5
3957809,5
3957818,5
3957826,5
3957843,5
3957851,5
3957876,5
3957893,5
3957901,5
3957909,5
3957918,5
3957926,5
3957943,5
3957951,5
3957968,5
3957976,5
3957993,5
3958001,5
3958018,5
3958026,1
3958043,1
3958051,6
3958068,6
3958076,6
3958093,6
3958101,6
3958118,6
3958126,6
3958143,6
3958151,6
3958168,6
3958176,6
3958193,6
3958201,6
3958209,6
3958218,6
3958226,6
3958243,6
3958251,6
3958268,6
3958276,6
3958293,6
3958301,6
3958309,6
3958326,6
3958343,6
3958351,6
3958368,6
3958376,6
3958393,6
3958401,6
3958418,6
3958426,6
3958443,6
3958451,6
3958468,6
3958476,6
3958493,6
3958501,6
3958509,6
3958518,6
3958526,6
3958543,6
3958551,6
3958568,6
3958576,6
3958593,6
3958601,6
3958609,6
3958626,6
3958643,6
3958651,6
3958668,6
3958676,6
3958693,6
3958701,6
3958718,6
3958726,6
3958743,6
3958751,6
3958768,6
3958776,6
3958793,6
3958801,6
3958818,6
3958826,6
3958843,6
3958851,6
3958868,6
3958876,6
3958893,6
3958901,6
3958918,6
3958926,6
3958934,6
3958943,6
3958951,1
3958968,1
3958976,1
3958993,1
3959001,1
3959018,1
3959026,1
3959043,1
3959051,1
3959068,1
3959076,1
3959093,1
3959101,1
3959118,1
3959126,1
3959143,1
3959151,1
3959168,1
3959176,1
3959193,1
3959201,1
3959218,1
3959226,1
3959243,1
3959251,1
3959268,1
3959276,1
3959293,1
3959301,1
3959318,1
3959326,1
3959343,1
3959351,1
3959368,1
3959376,1
3959393,1
3959401,1
3959676,1
3959693,2
3959701,1
3959718,1
3959726,1
3959743,1
3959751,5
3959768,5
3959776,5
3959793,5
3959801,5
3959818,5
3959826,5
3959843,5
3959851,5
3959868,5
3959876,5
3959893,5
3959901,5
3959918,5
3959926,5
3959943,5
3959951,5
3959968,5
3959976,5
3959993,5
3960001,5
3960018,5
3960026,5
3960043,5
3960051,5
3960068,5
3960076,5
3960093,5
3960101,5
3960118,5
3960126,5
3960143,5
3960151,5
3960168,5
3960176,5
3960193,5
3960201,5
3960218,5
3960226,5
3960243,5
3960251,5
3960268,5
3960276,5
3960293,5
3960301,5
3960318,5
3960326,5
3960343,5
3960351,5
3960368,5
3960376,5
3960393,5
3960401,5
3960418,5
3960426,5
3960443,5
3960451,5
3960468,5
3960476,5
3960493,5
3960501,5
3960518,5
3960526,5
3960543,5
3960551,5
3960568,5
3960576,5
3960593,5
3960601,5
3960618,5
3960626,5
3960643,5
3960651,5
3960668,5
3960676,5
3960693,5
3960701,5
3960718,5
3960726,5
3960743,5
3960751,5
3960768,5
3960776,5
3960793,5
3960801,5
3960818,5
3960826,5
3960843,5
3960851,5
3960868,5
3960876,5
3960893,5
3960901,5
3960909,5
3960918,5
3960926,5
3960943,5
3960951,5
3960968,5
3960976,5
3960993,5
3961001,5
3961018,5
3961026,5
3961043,5
3961051,5
3961068,5
3961076,5
3961092,5
3961101,5
3961118,5
3961126,5
3961143,5
3961151,5
3961168,5
3961176,5
3961193,5
3961201,5
3961218,5
3961226,5
3961243,5
3961251,5
3961268,5
3961276,5
3961293,5
3961301,5
3961318,5
3961326,5
3961343,5
3961351,5
3961368,5
3961376,5
3961393,5
3961401,5
3961417,5
3961426,5
3961442,5
3961451,5
3961468,5
3961476,5
3961493,5
3961501,5
3961518,5
3961526,5
3961543,5
3961551,5
3961567,5
3961576,5
3961584,5
3961593,5
3961601,5
3961626,5
3961651,5
3961668,5
3961693,5
3961701,5
3961726,5
3961742,5
3961751,5
3961768,5
3961776,5
3961792,5
3961801,5
3961826,5
3961842,5
3961851,5
3961867,5
3961876,5
3961893,5
3961901,5
3961909,5
3961918,5
3961926,5
3961942,5
3961951,5
3961967,5
3961976,5
3962176,5
3962192,5
3962201,5
3962217,5
3962226,5
3962242,5
3962251,5
3962267,5
3962276,5
3962292,5
3962301,5
3962309,5
3962317,5
3962326,5
3962351,5
3962367,5
3962376,5
3962392,5
3962401,5
3962426,5
3962442,5
3962451,5
3962476,5
3962492,5
3962501,5
3962517,5
3962526,5
3962551,5
3962567,5
3962576,5
3962592,5
3962601,5
3962626,5
3962651,5
3962667,5
3962676,5
3962692,5
3962701,5
3962718,5
3962726,5
3962742,5
3962751,5
3962767,5
3962776,5
3962792,5
3962801,5
3962817,5
3962826,5
3962851,5
3962867,5
3962876,5
3962892,5
3962901,5
3962917,5
3962926,5
3962951,5
3962967,5
3962976,5
3963001,5
3963017,5
3963026,5
3963042,5
3963051,5
3963067,5
3963076,5
3963092,5
3963101,5
3963117,5
3963126,5
3963142,5
3963151,5
3963167,5
3963176,5
3963192,5
3963201,5
3963209,5
3963226,5
3963242,5
3963251,5
3963276,5
3963292,5
3963301,5
3963317,5
3963326,5
3963342,5
3963351,5
3963367,5
3963376,5
3963392,5
3963401,5
3963417,5
3963426,5
3963442,5
3963451,5
3963467,5
3963476,5
3963492,5
3963501,5
3963517,5
3963526,5
3963542,5
3963551,5
3963567,5
3963576,5
3963592,5
3963601,5
3963617,5
3963626,5
3963642,5
3963651,5
3963667,5
3963676,5
3963692,5
3963701,5
3963717,5
3963726,5
3963742,5
3963751,5
3963767,5
3963776,5
3963792,5
3963801,5
3963818,5
3963826,5
3963842,5
3963851,5
3963867,5
3963876,5
3963893,5
3963901,5
3963918,5
3963926,5
3963942,5
3963951,5
3963967,5
3963976,5
3963992,5
3964001,5
3964017,5
3964026,5
3964042,5
3964051,5
3964067,5
3964076,5
3964092,5
3964101,5
3964117,5
3964126,5
3964142,5
3964151,5
3964167,5
3964176,5
3964192,5
3964201,5
3964217,5
3964226,5
3964242,5
3964251,5
3964267,5
3964292,5
3964301,5
3964317,5
3964326,5
3964342,5
3964351,5
3964367,5
3964376,5
3964392,5
3964401,5
3964417,1
3964426,1
3964442,1
3964451,1
3964467,1
3964476,1
3964484,1
3964492,1
3964501,1
3964509,1
3964517,1
3964526,1
3964542,1
3964551,1
3964567,1
3964576,1
3964584,1
3964592,1
3964601,1
3964617,1
3964626,1
3964642,1
3964651,1
3964667,1
3964676,1
3964684,1
3964692,1
3964701,1
3964709,1
3964717,1
3964726,1
3964742,5
3964751,5
3964767,5
3964776,5
3964784,5
3964792,5
3964801,5
3964817,5
3964826,5
3964842,5
3964851,5
3964867,5
3964876,5
3964892,5
3964901,5
3964917,5
3964926,5
3964942,5
3964950,5
3964967,5
3964976,5
3964992,5
3965001,5
3965009,5
3965017,5
3965026,5
3965042,5
3965051,5
3965067,5
3965076,5
3965092,5
3965101,5
3965117,5
3965126,5
3965142,5
3965167,5
3965176,5
3965192,5
3965201,5
3965217,5
3965226,5
3965242,5
3965250,5
3965267,5
3965275,5
3965292,5
3965301,5
3965317,5
3965326,5
3965342,5
3965350,5
3965367,5
3965376,5
3965392,5
3965400,5
3965417,5
3965426,5
3965442,5
3965450,5
3965476,0
3965484,0
3965492,0
3965500,0
3965517,0
3965526,0
3965542,0
3965550,0
3965576,0
3965584,0
3965592,0
3965601,0
3965617,0
3965626,0
3965642,0
3965650,0
3965667,0
3965675,0
3965684,0
3965700,0
3965717,0
3965726,0
3965742,0
3965751,0
3965767,0
3965775,0
3965784,0
3965792,0
3965800,0
3965817,0
3965826,0
3965842,0
3965850,0
3965867,0
3965875,0
3965892,0
3965900,0
3965917,0
3965926,0
3965942,0
3965950,0
3965967,0
3965975,0
3965984,0
3965992,0
3966000,0
3966009,0
3966017,0
3966026,0
3966042,0
3966050,0
3966067,0
3966075,0
3966084,0
3966092,0
3966100,0
3966117,0
3966126,0
3966142,0
3966150,0
3966167,0
3966175,0
3966184,0
3966192,0
3966200,0
3966209,0
3966217,0
3966225,0
3966242,0
3966251,0
3966267,0
3966275,0
3966284,0
3966292,0
3966300,0
3966317,0
3966325,0
3966342,5
3966350,5
3966367,5
3966375,5
3966392,5
3966400,5
3966409,5
3966417,5
3966425,5
3966442,5
3966450,5
3966467,5
3966475,5
3966492,5
3966500,5
3966509,5
3966517,5
3966525,5
3966542,5
3966550,5
3966567,5
3966575,5
3966584,5
3966592,5
3966600,5
3966609,5
3966617,5
3966625,5
3966642,5
3966651,5
3966667,5
3966675,5
3966684,5
3966692,5
3966700,5
3966709,5
3966717,5
3966725,5
3966742,5
3966750,5
3966767,5
3966775,5
3966792,5
3966800,5
3966817,5
3966825,5
3966842,5
3966850,5
3966867,5
3966875,5
3966892,5
3966900,5
3966909,5
3966917,5
3966925,5
3966942,5
3966950,5
3966967,5
3966975,5
3966992,5
3967000,5
3967009,5
3967025,5
3967050,5
3967067,5
3967075,5
3967092,5
3967100,5
3967117,5
3967125,5
3967142,5
3967150,5
3967167,5
3967175,5
3967192,5
3967200,5
3967217,5
3967226,5
3967242,5
3967250,5
3967267,5
3967275,5
3967300,5
3967309,5
3967317,5
3967326,5
3967342,5
3967350,5
3967367,5
3967375,5
3967392,5
3967400,5
3967409,5
3967417,5
3967425,5
3967442,5
3967450,5
3967467,5
3967475,5
3967484,5
3967492,5
3967500,5
3967517,5
3967525,5
3967542,5
3967550,5
3967567,5
3967575,5
3967584,5
3967592,5
3967600,5
3967609,5
3967617,5
3967625,5
3967642,5
3967650,5
3967667,5
3967675,5
3967684,5
3967692,5
3967700,5
3967709,5
3967717,5
3967725,5
3967742,5
3967750,5
3967767,5
3967775,5
3967792,5
3967800,5
3967809,5
3967817,5
3967825,5
3967842,5
3967850,5
3967867,5
3967875,5
3967892,5
3967900,5
3967909,5
3967917,5
3967926,5
3967942,5
3967950,5
3967967,5
3967975,5
3967984,5
3967992,5
3968000,5
3968009,5
3968017,5
3968025,5
3968042,5
3968050,5
3968067,5
3968075,5
3968084,5
3968092,5
3968100,5
3968109,5
3968117,5
3968125,5
3968142,5
3968150,5
3968167,5
3968175,5
3968184,5
3968192,5
3968200,5
3968209,5
3968217,5
3968225,5
3968242,5
3968250,5
3968267,5
3968275,5
3968284,5
3968292,5
3968300,5
3968309,5
3968317,5
3968325,5
3968342,5
3968350,5
3968367,5
3968375,5
3968392,5
3968400,5
3968409,5
3968417,5
3968425,5
3968442,5
3968450,5
3968467,5
3968475,5
3968492,5
3968500,5
3968509,5
3968517,5
3968525,5
3968542,5
3968550,5
3968567,5
3968575,5
3968592,5
3968600,5
3968609,5
3968617,5
3968625,5
3968642,5
3968650,5
3968667,5
3968675,5
3968684,5
3968692,5
3968700,5
3968709,5
3968717,5
3968725,5
3968742,5
3968750,4
3968767,5
3968775,5
3968784,5
3968792,5
3968800,5
3968809,5
3968817,5
3968825,5
3968842,5
3968850,5
3968867,5
3968875,5
3968892,5
3968900,5
3968917,5
3968925,5
3968942,5
3968950,5
3968967,5
3968975,5
3968983,5
3968992,5
3969000,5
3969009,5
3969017,5
3969025,0
3969042,0
3969050,0
3969067,0
3969075,0
3969083,0
3969092,0
3969100,0
3969117,0
3969125,0
3969142,0
3969150,0
3969167,0
3969175,0
3969192,0
3969200,0
3969217,0
3969225,0
3969242,0
3969250,0
3969267,0
3969275,0
3969283,0
3969292,0
3969300,0
3969317,0
3969325,0
3969342,0
3969350,0
3969367,0
3969375,0
3969383,0
3969392,0
3969400,0
3969408,0
3969417,0
3969425,0
3969442,0
3969450,0
3969467,0
3969475,0
3969483,0
3969492,0
3969500,0
3969508,0
3969517,0
3969525,0
3969542,0
3969550,0
3969567,0
3969575,0
3969592,0
3969600,0
3969608,0
3969617,0
3969625,0
3969642,0
3969650,0
3969667,0
3969675,0
3969683,0
3969692,0
3969700,0
3969708,0
3969717,0
3969725,0
3969742,0
3969750,0
3969767,0
3969775,0
3969783,0
3969792,0
3969800,0
3969817,5
3969825,5
3969842,5
3969850,5
3969867,5
3969875,5
3969892,5
3969900,5
3969908,5
3969917,5
3969925,5
3969942,5
3969950,5
3969967,5
3969975,5
3969984,5
3969992,5
3970000,5
3970008,5
3970017,5
3970025,5
3970042,5
3970050,5
3970067,5
3970075,5
3970083,5
3970092,5
3970100,5
3970108,5
3970117,5
3970125,5
3970142,5
3970150,5
3970167,5
3970175,5
3970183,5
3970192,5
3970200,5
3970208,5
3970217,5
3970225,5
3970242,5
3970250,5
3970267,5
3970275,5
3970283,5
3970292,5
3970300,5
3970317,5
3970325,5
3970342,5
3970350,5
3970367,5
3970375,5
3970392,5
3970400,5
3970408,5
3970417,5
3970425,5
3970450,5
3970467,5
3970475,5
3970492,5
3970500,5
3970517,5
3970525,5
3970725,5
3970742,5
3970750,5
3970767,5
3970775,5
3970792,5
3970800,5
3970817,5
3970825,5
3970842,5
3970850,5
3970867,5
3970875,5
3970892,5
3970900,5
3970917,5
3970925,5
3970942,5
3970950,5
3970967,5
3970975,5
3970983,5
3970992,5
3971000,5
3971017,5
3971025,5
3971042,5
3971050,5
3971067,5
3971075,5
3971100,5
3971117,5
3971125,5
3971142,5
3971150,5
3971167,5
3971175,5
3971192,5
3971200,5
3971217,5
3971225,5
3971250,6
3971267,6
3971275,6
3971283,6
3971292,6
3971300,6
3971308,6
3971317,6
3971325,6
3971350,6
3971392,6
3971400,6
3971408,6
3971417,6
3971425,6
3971442,6
3971450,6
3971467,6
3971475,6
3971483,6
3971492,6
3971500,6
3971508,6
3971517,6
3971525,6
3971542,6
3971550,6
3971567,6
3971575,6
3971584,6
3971592,6
3971600,6
3971617,6
3971625,6
3971642,6
3971650,6
3971667,6
3971675,6
3971692,6
3971700,6
3971717,6
3971725,6
3971742,6
3971750,6
3971767,6
3971775,6
3971792,6
3971800,1
3971817,1
3971825,1
3971842,1
3971850,1
3971867,1
3971875,5
3971892,5
3971900,5
3971917,5
3971925,5
3971942,5
3971950,5
3971967,1
3971975,1
3971992,1
3972000,1
3972017,1
3972025,1
3972042,1
3972050,1
3972067,1
3972075,1
3972092,1
3972100,1
3972117,1
3972125,1
3972142,1
3972150,1
3972167,1
3972175,1
3972192,1
3972200,1
3972217,1
3972225,1
3972242,1
3972250,1
3972267,1
3972275,1
3972292,1
3972300,1
3972317,1
3972325,1
3972342,1
3972350,1
3972367,1
3972375,1
3972392,1
3972400,1
3972417,1
3972425,1
3972442,1
3972450,1
3972467,1
3972475,1
3972492,1
3972500,1
3972517,1
3972525,1
3972542,1
3972550,1
3972567,1
3972575,1
3972592,1
3972600,1
3972617,1
3972625,1
3972642,1
3972650,1
3972667,1
3972675,1
3972700,1
3972717,1
3972725,1
3972750,1
3972767,1
3972775,1
3972792,1
3972800,1
3972817,1
3972825,1
3972842,1
3972850,1
3972867,1
3973125,1
3973141,1
3973150,1
3973167,1
3973175,1
3973192,1
3973200,1
3973217,1
3973225,1
3973242,1
3973250,1
3973266,1
3973275,1
3973291,1
3973300,1
3973317,1
3973325,1
3973341,5
3973350,5
3973367,5
3973375,5
3973391,5
3973400,5
3973416,5
3973425,5
3973442,5
3973450,5
3973466,5
3973475,5
3973483,5
3973491,5
3973500,5
3973516,5
3973525,5
3973541,5
3973550,5
3973566,5
3973575,5
3973591,5
3973600,5
3973617,5
3973625,5
3973641,5
3973650,5
3973666,5
3973675,5
3973700,5
3973716,5
3973725,5
3973742,5
3973750,5
3973767,5
3973775,5
3973783,5
3973791,5
3973800,5
3973808,5
3973816,5
3973825,5
3973841,5
3973850,5
3973866,5
3973875,5
3973883,5
3973891,5
3973900,5
3973916,5
3973925,5
3973941,5
3973950,5
3973966,5
3973975,5
3973991,5
3974000,5
3974016,5
3974025,5
3974041,5
3974050,5
3974066,5
3974075,5
3974091,5
3974100,5
3974116,5
3974125,5
3974141,5
3974150,5
3974167,5
3974175,5
3974191,5
3974200,5
3974208,5
3974216,5
3974225,5
3974241,5
3974250,5
3974266,5
3974275,5
3974283,5
3974291,5
3974300,5
3974316,5
3974325,5
3974341,5
3974350,5
3974366,5
3974375,5
3974383,5
3974391,5
3974400,5
3974416,5
3974425,5
3974441,5
3974450,5
3974466,5
3974475,5
3974483,5
3974491,5
3974500,5
3974508,5
3974516,5
3974525,5
3974541,5
3974550,5
3974566,5
3974575,5
3974583,5
3974591,5
3974600,5
3974616,5
3974625,5
3974641,5
3974650,5
3974666,5
3974675,5
3974683,5
3974691,5
3974700,5
3974717,5
3974725,5
3974741,5
3974750,5
3974775,5
3974783,5
3974791,5
3974800,5
3974808,5
3974816,5
3974825,5
3974841,5
3974850,5
3974875,5
3974883,5
3974900,5
3974916,5
3974925,5
3974941,5
3974950,5
3974967,5
3974975,5
3974991,5
3975000,0
3975016,0
3975025,0
3975041,0
3975050,0
3975066,0
3975075,0
3975091,0
3975100,0
3975116,0
3975125,0
3975141,0
3975150,0
3975166,0
3975175,0
3975183,0
3975191,0
3975200,0
3975216,0
3975225,0
3975241,0
3975250,0
3975266,0
3975275,0
3975283,0
3975291,0
3975300,0
3975316,0
3975325,0
3975341,0
3975350,0
3975366,0
3975375,0
3975383,0
3975391,0
3975400,0
3975416,0
3975425,0
3975441,0
3975450,0
3975466,0
3975475,0
3975483,0
3975491,0
3975500,0
3975517,0
3975525,0
3975541,0
3975550,0
3975566,0
3975575,0
3975583,0
3975591,0
3975600,5
3975608,5
3975616,5
3975625,5
3975641,5
3975650,5
3975667,5
3975675,5
3975691,5
3975700,5
3975716,5
3975725,5
3975741,5
3975750,5
3975766,5
3975775,5
3975783,5
3975791,5
3975800,5
3975816,0
3975825,0
3975841,6
3975850,6
3975866,6
3975875,6
3975891,6
3975900,6
3975908,6
3975916,6
3975925,6
3975941,6
3975950,6
3975966,6
3975975,6
3975991,6
3976000,6
3976016,6
3976025,6
3976041,6
3976050,6
3976066,6
3976075,6
3976091,6
3976100,6
3976116,6
3976125,6
3976141,6
3976150,6
3976166,6
3976175,6
3976183,6
3976191,6
3976200,6
3976208,6
3976216,6
3976225,6
3976241,6
3976250,6
3976266,6
3976275,6
3976283,6
3976291,6
3976300,6
3976316,6
3976325,6
3976350,6
3976374,6
3976383,6
3976391,6
3976400,6
3976416,6
3976425,6
3976441,6
3976450,6
3976466,6
3976475,6
3976483,6
3976491,6
3976500,6
3976516,6
3976525,6
3976550,6
3976566,6
3976574,6
3976583,6
3976591,6
3976600,6
3976616,6
3976625,6
3976641,6
3976650,6
3976666,6
3976675,6
3976691,6
3976700,6
3976716,6
3976724,6
3976741,6
3976750,6
3976766,6
3976774,6
3976791,6
3976799,6
3976816,6
3976825,6
3976841,6
3976850,6
3976866,6
3976874,6
3976891,6
3976899,6
3976916,6
3976925,6
3976941,6
3976949,6
3976966,6
3976974,6
3977000,6
3977016,6
3977024,6
3977041,6
3977049,6
3977066,6
3977074,6
3977091,6
3977099,6
3977116,6
3977125,6
3977141,6
3977150,6
3977166,6
3977174,6
3977191,6
3977199,6
3977216,6
3977224,6
3977241,6
3977249,6
3977266,6
3977274,6
3977283,6
3977291,6
3977300,6
3977316,6
3977324,6
3977341,6
3977349,6
3977366,6
3977374,6
3977383,6
3977391,6
3977399,6
3977416,6
3977424,6
3977441,6
3977449,6
3977466,6
3977474,6
3977491,6
3977499,6
3977516,6
3977525,6
3977541,6
3977549,6
3977566,6
3977574,6
3977591,6
3977599,6
3977616,6
3977624,6
3977641,6
3977649,6
3977666,6
3977674,6
3977683,6
3977691,6
3977699,6
3977716,6
3977724,6
3977741,6
3977749,6
3977766,6
3977774,5
3977791,5
3977799,5
3977816,5
3977824,5
3977841,5
3977849,5
3977866,5
3977874,5
3977883,5
3977891,5
3977899,5
3977924,5
3977941,5
3977949,5
3977966,5
3977974,5
3977991,5
3977999,5
3978016,6
3978024,6
3978041,6
3978050,6
3978066,6
3978074,6
3978091,1
3978099,1
3978116,1
3978124,1
3978141,1
3978149,1
3978166,1
3978174,1
3978183,1
3978191,1
3978199,1
3978216,1
3978224,1
3978241,1
3978249,1
3978266,1
3978274,1
3978291,1
3978299,1
3978316,1
3978324,1
3978341,1
3978349,1
3978366,1
3978374,1
3978391,1
3978399,5
3978424,5
3978441,5
3978449,5
3978474,5
3978491,5
3978500,5
3978525,5
3978541,5
3978549,5
3978574,5
3978591,5
3978599,5
3978624,5
3978641,5
3978649,5
3978674,5
3978691,5
3978699,5
3978725,5
3978741,5
3978749,5
3978766,5
3978774,5
3978791,5
3978799,5
3978816,1
3978824,1
3978841,1
3978849,1
3978866,1
3978874,1
3978883,1
3978891,1
3978899,1
3978916,1
3978924,1
3978941,1
3978949,1
3978966,1
3978974,1
3978983,1
3978991,1
3978999,1
3979016,1
3979024,1
3979041,1
3979049,1
3979066,1
3979074,1
3979091,1
3979099,1
3979116,1
3979124,1
3979141,1
3979149,1
3979166,1
3979174,1
3979191,1
3979199,1
3979216,1
3979224,6
3979241,6
3979249,6
3979266,6
3979274,6
3979291,6
3979299,6
3979316,6
3979324,6
3979341,6
3979349,6
3979358,6
3979366,6
3979374,1
3979383,1
3979391,1
3979399,1
3979416,1
3979424,1
3979441,1
3979449,1
3979466,1
3979474,1
3979483,1
3979491,1
3979499,1
3979516,1
3979524,1
3979541,1
3979549,1
3979566,1
3979574,1
3979583,1
3979591,1
3979599,1
3979616,1
3979624,1
3979641,1
3979649,1
3979666,1
3979674,1
3979691,1
3979700,1
3979716,1
3979724,1
3979741,1
3979749,1
3979766,1
3979774,1
3979783,1
3979791,1
3979799,1
3979816,1
3979824,1
3979841,1
3979849,1
3979866,1
3979874,1
3979891,1
3979899,1
3979916,2
3980166,2
3980174,2
3980191,2
3980199,2
3980216,1
3980224,1
3980241,1
3980249,1
3980258,1
3980266,1
3980274,1
3980282,1
3980291,1
3980299,1
3980316,1
3980324,1
3980341,1
3980349,1
3980366,1
3980374,1
3980391,1
3980399,1
3980416,1
3980424,1
3980441,1
3980449,1
3980466,1
3980474,1
3980483,1
3980491,1
3980499,1
3980516,1
3980541,1
3980549,1
3980566,1
3980574,1
3980591,1
3980599,1
3980616,1
3980624,1
3980641,1
3980649,1
3980666,1
3980691,1
3980699,1
3980716,1
3980724,1
3980741,1
3980749,1
3980766,1
3980774,1
3980791,1
3980799,1
3980816,1
3980824,1
3980841,1
3980849,1
3980866,1
3980874,1
3980891,1
3980899,1
3980916,1
3980924,1
3980941,1
3980949,1
3980966,1
3980991,1
3980999,1
3981016,1
3981024,1
3981041,1
3981049,1
3981066,1
3981074,1
3981082,1
3981091,1
3981099,1
3981116,1
3981124,1
3981141,1
3981149,1
3981158,1
3981166,1
3981174,1
3981182,1
3981191,1
3981199,1
3981216,1
3981224,1
3981241,1
3981249,1
3981258,1
3981266,1
3981274,1
3981282,1
3981291,1
3981299,1
3981316,1
3981324,1
3981341,1
3981349,1
3981357,1
3981366,1
3981374,1
3981382,1
3981391,1
3981399,1
3981416,1
3981424,1
3981441,1
3981449,1
3981457,1
3981466,1
3981474,1
3981482,1
3981491,1
3981499,1
3981516,1
3981524,1
3981541,1
3981549,1
3981557,1
3981566,1
3981574,1
3981582,1
3981591,1
3981599,1
3981616,1
3981624,1
3981641,1
3981649,1
3981666,1
3981674,1
3981682,1
3981691,1
3981699,1
3981716,1
3981724,1
3981741,1
3981749,1
3981766,1
3981774,1
3981782,1
3981791,1
3981799,1
3981816,1
3981824,1
3981841,1
3981849,1
3981866,1
3981874,1
3981891,1
3981899,1
3981916,1
3981924,1
3981941,1
3981949,1
3981966,1
3981974,1
3981991,1
3981999,1
3982016,1
3982024,1
3982041,1
3982049,1
3982057,1
3982066,1
3982074,1
3982091,1
3982099,1
3982116,1
3982124,1
3982141,1
3982149,1
3982166,1
3982174,1
3982191,1
3982199,1
3982216,1
3982224,1
3982241,1
3982249,1
3982266,5
3982274,5
3982282,5
3982291,0
3982299,0
3982316,0
3982324,0
3982341,0
3982349,0
3982358,0
3982374,0
3982382,0
3982391,0
3982399,0
3982416,0
3982424,0
3982441,0
3982449,0
3982457,0
3982466,0
3982474,0
3982482,0
3982491,0
3982499,0
3982516,0
3982524,0
3982541,0
3982549,0
3982566,0
3982574,0
3982591,0
3982599,0
3982616,0
3982624,0
3982641,0
3982649,0
3982674,0
3982691,0
3982699,0
3982716,0
3982724,0
3982741,0
3982749,0
3982766,0
3982774,0
3982791,0
3982799,0
3982816,0
3982824,0
3982841,0
3982849,0
3982866,0
3982874,0
3982891,0
3982899,0
3982916,0
3982924,0
3982941,0
3982949,0
3982966,0
3982974,0
3982991,0
3982999,0
3983016,0
3983024,0
3983041,0
3983049,0
3983066,0
3983074,0
3983091,0
3983099,0
3983116,0
3983124,0
3983141,0
3983149,0
3983166,0
3983174,0
3983191,0
3983199,0
3983216,0
3983224,0
3983241,0
3983249,0
3983266,0
3983274,0
3983291,0
3983299,0
3983316,0
3983324,0
3983341,0
3983349,0
3983366,0
3983374,0
3983391,0
3983399,0
3983416,0
3983424,0
3983441,0
3983449,0
3983466,0
3983474,0
3983491,0
3983499,0
3983516,0
3983524,0
3983541,0
3983549,0
3983566,0
3983574,0
3983591,0
3983599,0
3983616,0
3983624,0
3983641,0
3983649,0
3983666,0
3983674,0
3983691,0
3983699,0
3983716,0
3983724,0
3983741,0
3983749,0
3983766,0
3983774,0
3983791,0
3983799,0
3983816,0
3983824,0
3983841,0
3983849,0
3983866,0
3983874,0
3983891,0
3983899,0
3983916,0
3983924,0
3983941,0
3983949,0
3983966,0
3983974,0
3983991,0
3983999,0
3984016,0
3984024,0
3984041,0
3984049,0
3984066,0
3984074,0
3984099,0
3984116,0
3984124,0
3984141,0
3984149,0
3984174,0
3984199,0
3984216,0
3984224,0
3984241,0
3984249,0
3984266,0
3984274,0
3984291,0
3984299,0
3984315,0
3984324,0
3984340,0
3984349,0
3984366,0
3984374,0
3984391,0
3984399,0
3984416,0
3984424,0
3984440,0
3984449,0
3984466,0
3984474,0
3984490,0
3984499,0
3984515,0
3984524,0
3984540,0
3984549,0
3984565,0
3984574,0
3984590,0
3984599,0
3984616,0
3984624,0
3984640,0
3984649,0
3984665,0
3984674,0
3984690,0
3984699,0
3984715,0
3984724,0
3984740,0
3984749,0
3984765,0
3984774,0
3984791,0
3984799,0
3984816,0
3984824,0
3984840,0
3984849,0
3984865,0
3984874,0
3984890,0
3984899,0
3984915,0
3984924,0
3984940,0
3984949,0
3984965,0
3984974,0
3984991,0
3984999,0
3985016,0
3985024,0
3985040,0
3985049,0
3985065,0
3985074,0
3985090,5
3985099,5
3985115,5
3985124,1
3985140,1
3985149,1
3985165,1
3985174,1
3985191,1
3985199,1
3985216,1
3985224,1
3985240,1
3985249,1
3985265,1
3985274,1
3985290,1
3985299,1
3985315,1
3985324,1
3985340,1
3985349,1
3985365,1
3985374,1
3985390,1
3985399,1
3985415,1
3985424,1
3985440,1
3985449,1
3985465,1
3985474,1
3985490,1
3985499,1
3985515,1
3985524,1
3985540,1
3985549,1
3985565,1
3985574,1
3985590,1
3985599,1
3985624,1
3985640,1
3985649,1
3985665,1
3985674,1
3985690,1
3985699,1
3985715,1
3985724,1
3985732,1
3985740,1
3985749,1
3985765,1
3985774,1
3985790,1
3985799,1
3985815,1
3985824,1
3985832,1
3985840,1
3985849,1
3985865,1
3985874,1
3985890,1
3985899,1
3985915,1
3985924,1
3985940,1
3985949,1
3985965,1
3985974,1
3985990,1
3985999,1
3986015,1
3986024,1
3986041,1
3986049,1
3986065,1
3986074,1
3986090,5
3986099,5
3986115,5
3986124,5
3986140,5
3986149,0
3986166,0
3986174,0
3986190,0
3986199,0
3986215,0
3986224,0
3986240,0
3986249,0
3986265,0
3986274,0
3986290,0
3986299,0
3986315,0
3986324,0
3986340,0
3986349,0
3986365,0
3986374,0
3986390,0
3986399,0
3986416,0
3986424,0
3986440,0
3986449,0
3986465,0
3986474,0
3986490,0
3986499,0
3986515,0
3986524,0
3986540,0
3986549,0
3986565,0
3986574,0
3986590,0
3986599,0
3986615,0
3986624,0
3986640,0
3986649,0
3986665,0
3986674,0
3986690,0
3986699,0
3986715,0
3986724,0
3986740,0
3986749,0
3986765,0
3986774,0
3986790,0
3986799,0
3986815,0
3986824,0
3986840,0
3986849,0
3986865,0
3986874,0
3986890,0
3986899,0
3986915,0
3986924,0
3986940,0
3986949,0
3986965,0
3986974,0
3986990,0
3986999,0
3987015,0
3987024,0
3987040,0
3987049,0
3987065,0
3987074,0
3987090,0
3987099,0
3987115,0
3987124,0
3987140,0
3987149,0
3987165,0
3987174,0
3987190,0
3987199,0
3987215,0
3987224,0
3987240,0
3987249,0
3987265,0
3987274,0
3987290,0
3987299,0
3987315,0
3987324,0
3987340,0
3987349,0
3987365,0
3987374,0
3987390,0
3987399,0
3987415,0
3987424,0
3987440,0
3987449,0
3987465,0
3987474,0
3987490,0
3987499,0
3987515,6
3987524,6
3987540,6
3987549,2
3987565,2
3987574,2
3987590,2
3987599,2
3987615,2
3987624,2
3987632,2
3987640,2
3987648,2
3987665,2
3987673,2
3987690,2
3987699,2
3987707,2
3987715,2
3987724,2
3987740,2
3987749,2
3987765,2
3987774,2
3987782,2
3987790,6
3987799,6
3987815,6
3987824,0
3987840,0
3987849,0
3987865,0
3987874,0
3987890,0
3987899,0
3987915,0
3987924,0
3987940,0
3987949,0
3987965,0
3987974,0
3987990,0
3987999,0
3988015,0
3988024,0
3988040,0
3988049,0
3988065,0
3988074,0
3988090,0
3988099,0
3988115,0
3988124,0
3988140,0
3988148,0
3988166,0
3988174,0
3988190,0
3988199,0
3988215,0
3988223,0
3988240,0
3988248,0
3988265,0
3988274,0
3988290,0
3988298,0
3988315,0
3988324,0
3988340,0
3988348,0
3988365,0
3988373,0
3988390,0
3988398,0
3988415,0
3988423,0
3988440,0
3988448,0
3988465,0
3988473,0
3988490,0
3988498,5
3988515,5
3988523,5
3988540,5
3988548,5
3988565,5
3988573,5
3988590,5
3988599,5
3988615,5
3988624,5
3988640,5
3988648,5
3988665,5
3988673,5
3988690,5
3988698,5
3988715,0
3988723,0
3988740,0
3988748,0
3988765,0
3988773,0
3988790,0
3988798,0
3988815,0
3988823,0
3988840,0
3988848,0
3988865,5
3988873,5
3988890,5
3988898,5
3988915,5
3988923,5
3988940,5
3988948,5
3988965,5
3988973,5
3988990,5
3988999,5
3989015,5
3989023,5
3989040,5
3989048,5
3989073,1
3989090,1
3989098,1
3989107,1
3989115,1
3989123,1
3989140,1
3989149,1
3989165,1
3989173,1
3989190,1
3989198,1
3989215,2
3989223,2
3989232,2
3989240,2
3989257,2
3989265,2
3989273,2
3989290,2
3989298,2
3989315,2
3989323,2
3989340,2
3989348,2
3989365,2
3989373,2
3989390,2
3989398,2
3989407,2
3989415,2
3989423,2
3989432,2
3989440,2
3989448,2
3989465,2
3989473,2
3989490,2
3989498,2
3989515,2
3989523,4
3989540,4
3989548,2
3989557,2
3989565,2
3989573,2
3989590,2
3989598,2
3989607,2
3989615,2
3989623,2
3989632,2
3989640,2
3989649,2
3989657,2
3989665,2
3989673,2
3989690,2
3989698,2
3989707,2
3989715,2
3989723,2
3989740,2
3989748,2
3989765,2
3989773,2
3989790,2
3989798,2
3989815,2
3989823,2
3989840,2
3989848,2
3989865,2
3989873,2
3989890,2
3989898,2
3989915,2
3989923,2
3989940,2
3989948,2
3989965,2
3989973,2
3989990,2
3989998,6
3990015,6
3990023,0
3990040,0
3990048,0
3990065,0
3990073,0
3990090,0
3990098,0
3990115,0
3990123,0
3990140,0
3990148,0
3990165,0
3990173,0
3990190,0
3990198,0
3990215,0
3990223,0
3990240,0
3990248,0
3990265,0
3990273,0
3990290,0
3990298,0
3990315,0
3990323,0
3990340,0
3990348,0
3990365,0
3990373,0
3990390,0
3990398,0
3990415,0
3990423,0
3990440,0
3990448,0
3990465,0
3990473,0
3990490,0
3990498,0
3990515,0
3990523,0
3990540,0
3990548,0
3990565,0
3990573,0
3990590,0
3990598,0
3990615,0
3990623,0
3990632,0
3990640,0
3990648,0
3990665,0
3990673,0
3990690,0
3990698,0
3990707,0
3990715,0
3990723,0
3990740,0
3990748,0
3990765,0
3990773,0
3990790,0
3990798,0
3990815,0
3990823,0
3990832,0
3990840,0
3990848,0
3990865,0
3990873,0
3990890,0
3990898,0
3990907,0
3990915,0
3990923,0
3990932,0
3990940,0
3990948,0
3990965,0
3990973,0
3990990,0
3990998,0
3991007,0
3991015,0
3991023,0
3991032,0
3991040,0
3991048,0
3991065,0
3991073,0
3991090,0
3991098,0
3991107,0
3991115,0
3991123,0
3991140,0
3991148,0
3991165,0
3991173,0
3991190,0
3991198,0
3991215,0
3991223,0
3991232,0
3991240,0
3991248,0
3991265,0
3991273,0
3991290,0
3991298,0
3991315,0
3991323,0
3991340,0
3991348,0
3991365,0
3991373,0
3991390,0
3991398,0
3991415,0
3991423,0
3991440,0
3991448,0
3991465,0
3991473,0
3991490,0
3991498,0
3991515,0
3991523,0
3991540,0
3991548,0
3991565,0
3991573,0
3991590,0
3991598,0
3991615,0
3991623,0
3991640,0
3991648,0
3991665,0
3991673,0
3991690,0
3991698,0
3991715,0
3991723,0
3991740,0
3991748,0
3991765,0
3991773,0
3991790,0
3991798,0
3991815,0
3991823,0
3991840,0
3991848,0
3991865,0
3991873,0
3991890,0
3991898,0
3991915,0
3991923,0
3991940,0
3991948,0
3991965,0
3991973,0
3991990,0
3991998,0
3992015,0
3992023,0
3992040,0
3992048,0
3992065,0
3992073,0
3992090,0
3992098,6
3992115,6
3992123,2
3992131,2
3992140,2
3992148,2
3992165,2
3992173,2
3992181,2
3992190,2
3992198,2
3992206,2
3992215,2
3992223,2
3992231,2
3992240,2
3992248,2
3992265,2
3992273,2
3992290,2
3992298,2
3992306,2
3992315,2
3992323,2
3992331,2
3992340,2
3992348,2
3992365,2
3992373,2
3992381,2
3992390,2
3992398,2
3992406,2
3992415,2
3992423,2
3992431,2
3992440,2
3992448,2
3992465,2
3992473,2
3992481,2
3992490,2
3992498,2
3992506,2
3992515,2
3992523,2
3992531,2
3992540,2
3992548,2
3992565,2
3992573,2
3992581,2
3992590,2
3992598,2
3992615,2
3992623,2
3992631,2
3992640,2
3992648,2
3992665,2
3992673,2
3992690,2
3992698,2
3992723,2
3992740,2
3992748,2
3992765,2
3992773,2
3992790,2
3992798,2
3992815,2
3992823,2
3992840,2
3992848,2
3992865,2
3992873,2
3992890,2
3992898,2
3992906,2
3992915,2
3992923,2
3992931,2
3992940,2
3992948,2
3992956,2
3992965,2
3992973,2
3992990,2
3992998,2
3993006,2
3993015,2
3993023,2
3993040,2
3993048,6
3993057,6
3993065,6
3993073,6
3993090,6
3993098,6
3993115,6
3993123,6
3993140,6
3993148,6
3993165,6
3993173,6
3993190,6
3993198,6
3993215,6
3993223,6
3993240,6
3993248,6
3993265,6
3993273,6
3993290,6
3993298,6
3993315,6
3993323,6
3993340,6
3993348,6
3993365,6
3993373,6
3993390,6
3993398,6
3993415,6
3993423,6
3993440,6
3993448,6
3993456,6
3993465,6
3993473,6
3993481,6
3993490,6
3993498,6
3993515,6
3993523,6
3993540,6
3993548,6
3993556,6
3993565,6
3993573,6
3993590,6
3993598,6
3993615,6
3993623,6
3993640,6
3993648,6
3993665,6
3993673,6
3993681,6
3993690,6
3993698,6
3993715,6
3993723,6
3993740,2
3993748,2
3993765,2
3993773,2
3993790,2
3993798,2
3993815,2
3993823,2
3993840,2
3993848,2
3993865,2
3993873,2
3993890,2
3993898,2
3993915,2
3993923,2
3993940,2
3993948,2
3993965,2
3993973,3
3993990,3
3993998,3
3994015,3
3994023,3
3994040,3
3994048,3
3994065,3
3994073,3
3994090,3
3994098,3
3994115,3
3994123,3
3994140,3
3994148,3
3994165,3
3994173,3
3994190,3
3994198,3
3994215,3
3994223,3
3994240,3
3994248,3
3994265,3
3994273,3
3994290,3
3994298,3
3994315,3
3994323,3
3994340,3
3994348,3
3994365,3
3994373,3
3994390,3
3994398,3
3994415,3
3994423,3
3994440,3
3994448,3
3994465,3
3994473,3
3994490,3
3994498,3
3994515,3
3994523,3
3994540,3
3994548,3
3994565,3
3994573,3
3994590,3
3994598,3
3994615,3
3994623,3
3994640,3
3994648,3
3994665,3
3994673,3
3994690,3
3994698,3
3994715,3
3994723,3
3994740,3
3994748,3
3994765,3
3994773,3
3994790,3
3994798,3
3994815,3
3994823,3
3994840,3
3994848,3
3994865,3
3994873,3
3994890,3
3994898,3
3994915,3
3994923,3
3994940,3
3994948,3
3994965,3
3994973,3
3994990,3
3994998,3
3995015,3
3995023,3
3995040,3
3995048,3
3995065,3
3995073,3
3995090,3
3995098,3
3995115,3
3995123,3
3995140,3
3995148,3
3995165,3
3995173,3
3995190,3
3995198,3
3995215,3
3995223,3
3995240,3
3995248,3
3995265,3
3995273,3
3995290,3
3995298,3
3995315,3
3995323,3
3995340,3
3995348,3
3995365,3
3995373,3
3995390,3
3995398,3
3995415,3
3995423,3
3995439,3
3995448,3
3995465,3
3995473,3
3995490,3
3995498,3
3995514,3
3995523,3
3995539,3
3995548,3
3995565,3
3995573,3
3995590,3
3995598,3
3995615,3
3995623,3
3995640,3
3995648,3
3995664,2
3995673,1
3995690,1
3995698,1
3995715,5
3995723,5
3995740,5
3995748,0
3995765,0
3995773,0
3995789,0
3995798,0
3995815,0
3995823,0
3995840,0
3995848,0
3995864,0
3995873,0
3995890,0
3995898,0
3995914,0
3995923,0
3995940,0
3995948,0
3995964,0
3995973,0
3995990,0
3995998,0
3996015,0
3996023,0
3996040,0
3996048,0
3996056,0
3996065,0
3996073,0
3996089,0
3996098,0
3996114,0
3996123,0
3996139,0
3996148,0
3996156,0
3996164,0
3996173,0
3996190,0
3996198,0
3996215,0
3996223,0
3996240,0
3996248,0
3996265,0
3996273,0
3996290,0
3996298,0
3996314,0
3996323,0
3996340,0
3996348,0
3996356,0
3996364,0
3996373,0
3996390,0
3996398,0
3996414,0
3996423,0
3996440,0
3996448,0
3996464,0
3996473,0
3996489,0
3996498,0
3996514,0
3996523,0
3996531,0
3996539,0
3996548,0
3996556,0
3996564,0
3996573,0
3996598,0
3996614,0
3996623,0
3996639,0
3996648,0
3996664,0
3996673,0
3996689,0
3996698,0
3996714,0
3996723,0
3996739,0
3996748,0
3996764,0
3996773,0
3996789,0
3996798,0
3996814,0
3996823,0
3996839,0
3996848,0
3996856,0
3996864,0
3996873,0
3996889,0
3996898,0
3996914,0
3996923,0
3996939,0
3996948,0
3996964,0
3996973,0
3996989,0
3996998,0
3997014,0
3997023,0
3997039,0
3997048,0
3997064,0
3997073,0
3997089,0
3997098,0
3997114,0
3997123,0
3997139,0
3997148,0
3997164,0
3997173,0
3997190,0
3997198,0
3997214,0
3997223,0
3997239,0
3997248,0
3997264,0
3997273,0
3997289,0
3997298,0
3997314,0
3997323,0
3997339,0
3997348,0
3997356,0
3997364,0
3997373,0
3997389,0
3997398,0
3997414,0
3997423,0
3997439,0
3997448,0
3997464,0
3997473,0
3997489,0
3997498,0
3997514,0
3997523,0
3997539,0
3997548,0
3997564,0
3997573,0
3997589,0
3997598,0
3997614,0
3997623,0
3997631,0
3997639,0
3997648,0
3997664,0
3997673,0
3997689,0
3997698,0
3997714,0
3997723,0
3997731,0
3997739,0
3997748,0
3997756,0
3997764,0
3997773,0
3997789,0
3997798,0
3997814,0
3997823,0
3997839,0
3997848,0
3997856,0
3997864,0
3997873,0
3997889,0
3997898,0
3997914,0
3997923,0
3997939,0
3997948,0
3997964,0
3997973,0
3997989,0
3997998,0
3998014,0
3998023,0
3998039,0
3998048,0
3998064,0
3998073,0
3998089,0
3998098,0
3998114,0
3998123,0
3998139,0
3998148,0
3998164,0
3998173,0
3998189,0
3998198,0
3998214,0
3998223,0
3998239,0
3998248,0
3998264,0
3998273,0
3998289,0
3998298,0
3998314,0
3998323,0
3998339,0
3998348,0
3998356,0
3998364,0
3998373,0
3998389,0
3998398,0
3998414,0
3998423,0
3998439,0
3998448,0
3998464,0
3998473,0
3998489,0
3998498,0
3998514,0
3998523,0
3998539,5
3998548,5
3998556,5
3998564,5
3998573,5
3998589,5
3998598,5
3998614,5
3998623,5
3998631,5
3998639,5
3998648,5
3998656,5
3998664,5
3998673,5
3998689,5
3998698,5
3998714,5
3998723,5
3998739,5
3998748,5
3998764,5
3998773,5
3998789,5
3998798,5
3998823,5
3998831,5
3998839,5
3998848,5
3998856,5
3998864,5
3998873,5
3998889,5
3998898,5
3998914,5
3998923,5
3998939,5
3998948,5
3998956,5
3998964,5
3998973,5
3998989,5
3998998,5
3999014,5
3999023,5
3999039,5
3999048,5
3999064,1
3999073,2
3999089,2
3999098,2
3999114,2
3999123,2
3999139,2
3999148,2
3999164,2
3999173,2
3999189,2
3999198,2
3999214,2
3999223,2
3999239,2
3999247,2
3999264,2
3999272,2
3999289,2
3999298,2
3999314,2
3999322,2
3999339,2
3999347,2
3999364,2
3999373,2
3999389,2
3999398,2
3999414,2
3999423,2
3999439,2
3999448,2
3999464,2
3999473,2
3999489,2
3999497,2
3999514,2
3999522,2
3999539,2
3999547,2
3999564,2
3999572,2
3999589,2
3999598,2
3999614,2
3999623,2
3999639,2
3999647,2
3999664,2
3999672,2
3999689,2
3999697,2
3999722,6
3999739,6
3999747,6
3999764,6
3999772,6
3999789,6
3999798,6
3999814,6
3999822,6
3999839,6
3999848,6
3999864,6
3999872,6
3999889,6
3999897,6
3999914,6
3999922,6
3999939,6
3999947,6
3999964,6
3999972,6
3999989,6
3999997,6
4000014,6
4000023,6
4000039,6
4000047,6
4000064,6
4000073,6
4000089,6
4000097,6
4000114,6
4000122,6
4000139,6
4000147,6
4000164,6
4000172,2
4000189,2
4000197,2
4000214,2
4000222,2
4000239,2
4000248,2
4000264,2
4000272,2
4000289,2
4000297,2
4000314,2
4000322,2
4000339,2
4000347,2
4000364,2
4000372,2
4000389,3
4000397,3
4000414,3
4000423,3
4000439,3
4000448,3
4000464,3
4000472,3
4000489,3
4000497,3
4000514,3
4000522,3
4000539,3
4000547,3
4000564,3
4000572,3
4000589,3
4000597,3
4000614,3
4000622,3
4000639,3
4000647,3
4000664,3
4000672,3
4000689,3
4000697,3
4000714,3
4000722,3
4000739,3
4000748,3
4000764,3
4000772,3
4000789,3
4000797,3
4000814,3
4000822,4
4000839,4
4000847,4
4000864,4
4000872,4
4000889,4
4000897,4
4000914,4
4000922,4
4000939,4
4000947,4
4000964,4
4000972,4
4000989,4
4000997,4
4001014,4
4001022,4
4001039,4
4001047,4
4001064,4
4001072,4
4001089,4
4001097,4
4001114,4
4001122,4
4001139,4
4001389,4
4001397,4
4001422,4
4001439,3
4001447,3
4001464,3
4001472,3
4001489,3
4001497,3
4001514,3
4001522,3
4001539,3
4001547,3
4001564,3
4001572,3
4001589,3
4001597,3
4001614,3
4001622,3
4001639,3
4001647,3
4001664,3
4001672,3
4001689,3
4001697,3
4001714,3
4001722,3
4001739,3
4001747,3
4001764,3
4001772,3
4001789,3
4001797,3
4001814,3
4001822,3
4001839,2
4001847,1
4001864,1
4001872,1
4001889,1
4001897,5
4001914,5
4001922,5
4001939,5
4001947,5
4001956,5
4001964,5
4001972,5
4001989,5
4001997,5
4002014,5
4002022,5
4002039,5
4002047,5
4002056,5
4002064,5
4002072,5
4002089,5
4002097,5
4002122,5
4002139,5
4002147,5
4002164,5
4002172,5
4002189,5
4002197,5
4002214,5
4002222,5
4002231,5
4002239,5
4002247,5
4002256,5
4002264,5
4002272,5
4002289,0
4002297,0
4002314,0
4002322,0
4002339,0
4002347,0
4002364,0
4002372,0
4002389,0
4002397,0
4002414,0
4002422,0
4002431,0
4002439,0
4002447,0
4002464,0
4002472,0
4002489,0
4002497,0
4002514,0
4002522,0
4002539,0
4002547,0
4002564,0
4002572,0
4002589,0
4002597,0
4002614,0
4002622,0
4002639,0
4002647,0
4002656,0
4002664,0
4002672,0
4002689,0
4002697,0
4002714,0
4002722,0
4002739,0
4002747,0
4002764,0
4002772,0
4002789,0
4002797,0
4002814,0
4002822,0
4002839,0
4002847,0
4002864,0
4002872,0
4002889,0
4002897,0
4002914,0
4002922,0
4002939,0
4002947,0
4002964,0
4002972,0
4002989,0
4002997,0
4003014,0
4003022,0
4003039,0
4003047,0
4003064,0
4003072,0
4003089,0
4003114,0
4003122,0
4003139,0
4003147,0
4003164,0
4003172,0
4003189,0
4003197,0
4003214,0
4003222,0
4003239,0
4003247,0
4003256,0
4003264,0
4003272,0
4003289,0
4003297,0
4003314,0
4003322,0
4003330,0
4003339,0
4003347,0
4003356,0
4003364,0
4003372,0
4003389,0
4003397,0
4003414,0
4003422,0
4003439,0
4003447,0
4003456,0
4003464,0
4003472,0
4003489,0
4003497,0
4003514,0
4003522,0
4003530,0
4003539,0
4003547,0
4003556,0
4003564,0
4003572,0
4003589,0
4003597,0
4003614,0
4003622,0
4003630,0
4003639,0
4003647,0
4003656,0
4003664,0
4003672,0
4003689,0
4003697,0
4003714,0
4003722,0
4003730,0
4003739,0
4003747,0
4003764,0
4003772,0
4003789,0
4003797,0
4003814,0
4003822,0
4003831,0
4003839,0
4003847,0
4003855,0
4003864,0
4003872,0
4003889,0
4003897,0
4003914,0
4003922,0
4003930,0
4003939,0
4003947,6
4003964,6
4003972,6
4003989,6
4003997,6
4004014,6
4004022,6
4004039,6
4004048,6
4004064,6
4004072,6
4004089,6
4004097,6
4004114,6
4004122,6
4004139,6
4004147,6
4004164,6
4004172,6
4004189,6
4004197,6
4004214,6
4004222,6
4004239,6
4004247,6
4004264,2
4004272,3
4004289,3
4004297,3
4004314,3
4004322,3
4004339,3
4004348,3
4004364,3
4004372,3
4004389,3
4004397,3
4004414,3
4004422,3
4004439,3
4004447,3
4004464,3
4004472,3
4004489,3
4004497,3
4004514,3
4004522,3
4004539,3
4004547,3
4004564,3
4004572,3
4004589,3
4004597,3
4004614,3
4004622,3
4004639,3
4004647,3
4004664,3
4004672,3
4004689,3
4004697,3
4004714,3
4004722,3
4004739,3
4004747,3
4004764,3
4004772,3
4004789,3
4004797,3
4004814,3
4004822,3
4004839,3
4004847,3
4004864,3
4004872,3
4004889,3
4004897,3
4004914,3
4004922,3
4004939,3
4004947,3
4004964,3
4004972,3
4004989,3
4004997,3
4005014,3
4005022,3
4005039,3
4005047,3
4005064,3
4005072,2
4005089,1
4005097,1
4005114,1
4005122,5
4005139,5
4005147,5
4005164,5
4005172,5
4005189,5
4005197,5
4005214,5
4005222,5
4005230,5
4005239,5
4005247,5
4005264,5
4005272,5
4005289,5
4005297,5
4005314,5
4005322,5
4005339,5
4005347,5
4005364,5
4005372,5
4005389,5
4005397,5
4005414,5
4005422,5
4005439,0
4005447,0
4005464,0
4005472,0
4005489,0
4005497,0
4005514,0
4005522,0
4005539,0
4005547,0
4005564,0
4005572,0
4005589,0
4005597,0
4005614,0
4005622,0
4005639,0
4005647,0
4005655,0
4005664,0
4005672,0
4005689,0
4005697,0
4005714,0
4005722,0
4005730,0
4005739,0
4005747,0
4005764,0
4005772,0
4005789,0
4005797,0
4005814,0
4005822,0
4005839,0
4005847,0
4005864,0
4005872,0
4005889,0
4005897,0
4005914,0
4005922,0
4005939,0
4005947,0
4005955,0
4005964,0
4005972,0
4005989,0
4005997,0
4006014,0
4006022,0
4006039,0
4006047,0
4006064,0
4006072,0
4006089,0
4006097,0
4006114,0
4006122,0
4006139,0
4006147,0
4006164,0
4006172,0
4006189,0
4006197,0
4006214,0
4006222,0
4006230,0
4006239,0
4006247,0
4006264,0
4006272,0
4006289,0
4006297,0
4006314,0
4006322,0
4006339,0
4006347,0
4006364,0
4006372,0
4006389,0
4006397,0
4006414,0
4006422,0
4006430,0
4006439,0
4006447,0
4006464,0
4006472,0
4006489,0
4006497,0
4006514,0
4006522,0
4006530,0
4006539,0
4006547,0
4006555,0
4006564,0
4006572,0
4006589,0
4006597,0
4006614,0
4006622,0
4006639,0
4006647,0
4006655,0
4006664,0
4006672,0
4006689,0
4006714,0
4006722,0
4006730,0
4006739,0
4006747,0
4006755,0
4006764,0
4006772,0
4006789,0
4006797,0
4006814,0
4006822,0
4006830,0
4006839,0
4006847,0
4006855,0
4006864,0
4006872,0
4006889,0
4006897,0
4006913,0
4006922,0
4006930,0
4006939,0
4006947,0
4006955,0
4006963,0
4006972,0
4006989,0
4006997,0
4007014,0
4007022,0
4007038,0
4007047,0
4007056,0
4007064,0
4007072,0
4007089,0
4007097,0
4007114,0
4007122,0
4007130,0
4007138,0
4007147,0
4007163,0
4007172,0
4007189,0
4007197,0
4007214,0
4007222,0
4007230,0
4007238,0
4007247,0
4007263,0
4007272,0
4007288,0
4007297,0
4007313,0
4007322,0
4007330,0
4007338,0
4007347,0
4007355,0
4007363,0
4007372,0
4007397,0
4007413,0
4007422,0
4007438,0
4007447,0
4007463,0
4007472,0
4007488,0
4007497,0
4007513,0
4007522,0
4007538,0
4007547,0
4007563,0
4007572,0
4007588,0
4007597,0
4007613,0
4007622,0
4007630,0
4007638,0
4007647,0
4007663,0
4007672,0
4007688,0
4007697,0
4007713,0
4007722,0
4007738,0
4007747,0
4007763,0
4007772,0
4007788,0
4007797,0
4007813,0
4007822,0
4007830,0
4007838,0
4007847,0
4007863,0
4007872,0
4007888,0
4007897,0
4007914,0
4007922,0
4007938,0
4007947,5
4007963,5
4007972,5
4007988,5
4007997,5
4008013,5
4008022,5
4008030,5
4008038,5
4008047,5
4008063,5
4008072,5
4008088,5
4008097,5
4008114,5
4008122,5
4008139,5
4008147,5
4008163,5
4008172,5
4008188,5
4008197,5
4008213,5
4008222,5
4008238,5
4008247,5
4008272,5
4008297,5
4008313,5
4008322,5
4008338,1
4008347,1
4008363,1
4008372,1
4008388,1
4008397,1
4008413,1
4008422,1
4008430,1
4008438,1
4008447,1
4008455,1
4008463,1
4008472,1
4008488,1
4008497,1
4008513,2
4008522,2
4008538,2
4008547,2
4008563,2
4008572,2
4008588,2
4008597,2
4008613,2
4008622,2
4008638,2
4008647,2
4008663,2
4008672,2
4008688,2
4008697,2
4008713,2
4008722,2
4008738,2
4008747,2
4008763,2
4008772,2
4008788,2
4008797,2
4008813,2
4008822,2
4008838,2
4008847,2
4008863,2
4008872,2
4008888,2
4008897,2
4008913,2
4008922,2
4008938,2
4008947,2
4008963,2
4008972,3
4008988,3
4008997,3
4009013,3
4009022,3
4009038,3
4009047,3
4009063,3
4009072,3
4009088,3
4009097,3
4009113,3
4009122,3
4009138,3
4009147,3
4009163,3
4009172,3
4009188,3
4009197,3
4009213,3
4009222,3
4009238,3
4009247,3
4009263,3
4009272,3
4009288,3
4009297,3
4009314,2
4009322,6
4009338,6
4009347,6
4009363,0
4009372,0
4009388,0
4009397,0
4009413,0
4009422,0
4009430,0
4009438,0
4009447,0
4009463,0
4009472,0
4009488,0
4009497,0
4009513,0
4009522,0
4009530,0
4009538,0
4009547,0
4009563,0
4009572,0
4009588,0
4009597,0
4009613,0
4009622,0
4009638,0
4009647,0
4009655,0
4009663,0
4009672,0
4009688,0
4009697,0
4009713,0
4009722,0
4009738,0
4009747,0
4009755,0
4009763,0
4009772,0
4009797,0
4009813,0
4009822,5
4009838,5
4009847,5
4009863,5
4009872,5
4009888,5
4009897,5
4009913,5
4009922,5
4009938,5
4009947,5
4009963,5
4009972,5
4009988,5
4009997,5
4010013,5
4010022,5
4010030,5
4010038,5
4010047,5
4010063,5
4010072,5
4010088,5
4010113,5
4010122,5
4010139,5
4010147,5
4010163,0
4010172,0
4010188,0
4010213,0
4010247,0
4010347,0
4010355,0
4010372,0
4010388,0
4010413,0
4010422,0
4010438,0
4010447,0
4010463,0
4010472,0
4010488,0
4010497,0
4010513,0
4010522,0
4010530,0
4010538,0
4010547,0
4010555,0
4010572,0
4010588,0
4010597,0
4010613,0
4010622,0
4010630,0
4010638,0
4010646,0
4010655,0
4010663,0
4010672,0
4010688,0
4010697,0
4010713,0
4010722,0
4010738,0
4010746,0
4010763,0
4010771,0
4010788,0
4010797,0
4010813,0
4010821,0
4010838,0
4010847,0
4010863,0
4010872,0
4010888,0
4010897,0
4010913,0
4010921,0
4010930,0
4010938,0
4010947,0
4010963,0
4010971,0
4010988,0
4010996,0
4011013,0
4011021,0
4011030,0
4011038,0
4011046,0
4011063,0
4011071,0
4011088,0
4011096,0
4011113,6
4011121,2
4011138,2
4011146,2
4011163,2
4011171,2
4011188,2
4011197,2
4011213,2
4011221,2
4011238,2
4011247,2
4011263,2
4011271,2
4011288,2
4011296,2
4011313,3
4011321,3
4011338,3
4011346,3
4011363,3
4011371,3
4011388,3
4011396,3
4011413,3
4011421,3
4011438,3
4011446,3
4011463,3
4011471,3
4011488,3
4011496,3
4011513,3
4011521,3
4011538,3
4011546,3
4011563,3
4011571,3
4011588,3
4011596,3
4011613,3
4011621,3
4011638,3
4011647,3
4011663,3
4011671,3
4011688,3
4011696,3
4011713,3
4011722,3
4011738,3
4011746,3
4011763,3
4011771,3
4011788,3
4011796,3
4011813,3
4011821,3
4011838,3
4011846,3
4011863,3
4011871,3
4011888,3
4011896,3
4011913,3
4011921,3
4011938,3
4011946,3
4011963,3
4011971,3
4011988,3
4011996,3
4012013,3
4012021,3
4012038,3
4012046,3
4012063,3
4012071,3
4012088,3
4012096,3
4012113,3
4012121,3
4012138,3
4012146,3
4012163,3
4012171,3
4012188,3
4012196,3
4012213,3
4012221,3
4012238,3
4012246,3
4012263,3
4012271,3
4012288,3
4012296,3
4012313,3
4012321,3
4012338,3
4012346,3
4012363,3
4012371,3
4012388,3
4012396,3
4012413,3
4012421,3
4012438,3
4012447,3
4012463,3
4012471,3
4012488,3
4012496,3
4012513,3
4012521,3
4012538,3
4012546,3
4012563,3
4012571,3
4012588,3
4012596,3
4012613,3
4012621,3
4012638,3
4012646,3
4012663,3
4012671,3
4012688,3
4012696,3
4012713,3
4012721,3
4012738,3
4012746,3
4012763,3
4012771,3
4012788,3
4012796,3
4012813,3
4012821,3
4012838,3
4012846,3
4012863,3
4012871,3
4012888,3
4012896,3
4012913,3
4012921,3
4012938,3
4012946,3
4012963,3
4012971,3
4012988,3
4012996,3
4013013,3
4013021,3
4013038,3
4013046,3
4013063,3
4013071,3
4013088,3
4013096,3
4013113,3
4013121,3
4013138,3
4013147,3
4013163,3
4013171,3
4013188,3
4013196,3
4013213,3
4013221,3
4013238,3
4013246,3
4013263,3
4013271,3
4013288,3
4013296,3
4013313,3
4013321,3
4013338,3
4013346,3
4013363,3
4013371,3
4013388,3
4013396,3
4013413,3
4013421,3
4013438,3
4013446,3
4013671,4
4013688,6
4013696,6
4013713,6
4013721,6
4013730,6
4013746,6
4013771,6
4013788,6
4013805,6
4013821,6
4013838,6
4013846,6
4013863,6
4013871,6
4013888,6
4013896,6
4013921,6
4013946,6
4013963,6
4013971,6
4013988,6
4013996,6
4014005,6
4014021,0
4014030,0
4014038,0
4014047,0
4014063,0
4014071,0
4014088,0
4014096,0
4014105,0
4014113,0
4014121,0
4014138,0
4014146,0
4014163,0
4014171,0
4014196,0
4014213,0
4014221,0
4014230,0
4014246,0
4014263,0
4014271,0
4014288,0
4014296,0
4014304,0
4014313,0
4014321,0
4014330,0
4014338,0
4014346,0
4014363,0
4014371,0
4014388,0
4014396,0
4014405,0
4014413,0
4014421,0
4014430,0
4014438,0
4014446,0
4014463,0
4014471,0
4014488,0
4014496,0
4014513,0
4014521,0
4014538,0
4014546,0
4014563,0
4014571,0
4014588,0
4014596,0
4014613,0
4014621,0
4014630,0
4014638,0
4014646,0
4014663,0
4014671,0
4014688,0
4014696,0
4014713,0
4014721,0
4014738,0
4014746,0
4014763,0
4014771,0
4014788,0
4014796,0
4014813,0
4014821,0
4014838,0
4014846,0
4014863,0
4014871,0
4014888,0
4014896,0
4014913,0
4014921,0
4014938,0
4014946,0
4014963,0
4014971,0
4014988,0
4014996,0
4015013,0
4015021,0
4015038,0
4015046,0
4015063,0
4015071,0
4015088,0
4015096,0
4015104,0
4015113,0
4015121,0
4015138,0
4015147,0
4015163,0
4015171,0
4015188,0
4015196,0
4015204,0
4015213,0
4015221,0
4015238,0
4015246,0
4015263,0
4015271,0
4015288,0
4015296,0
4015313,6
4015321,6
4015329,6
4015338,6
4015346,6
4015363,6
4015371,6
4015396,6
4015421,6
4015438,6
4015446,6
4015463,6
4015471,6
4015496,6
4015513,6
4015521,6
4015538,6
4015546,6
4015563,6
4015571,6
4015588,6
4015596,6
4015621,6
4015638,6
4015646,6
4015663,6
4015671,6
4015688,6
4015696,6
4015713,6
4015721,6
4015729,6
4015738,6
4015746,6
4015771,6
4015788,6
4015796,6
4015813,6
4015821,6
4015829,6
4015838,0
4015846,0
4015871,0
4015888,0
4015896,0
4015904,0
4015913,0
4015921,0
4015929,0
4015946,0
4016021,0
4016046,0
4016063,0
4016071,0
4016088,0
4016096,0
4016105,0
4016113,0
4016121,0
4016146,0
4016163,0
4016171,0
4016188,0
4016196,0
4016213,0
4016221,0
4016229,0
4016238,0
4016246,0
4016263,0
4016271,0
4016288,0
4016296,0
4016304,0
4016313,0
4016321,0
4016329,0
4016338,0
4016346,0
4016363,0
4016371,0
4016388,0
4016396,0
4016413,0
4016421,0
4016429,0
4016438,0
4016446,0
4016463,0
4016471,0
4016488,0
4016496,0
4016513,0
4016521,0
4016529,0
4016538,0
4016546,0
4016563,0
4016571,0
4016588,0
4016596,0
4016604,0
4016613,0
4016621,0
4016629,0
4016638,0
4016646,0
4016663,0
4016671,0
4016688,0
4016696,0
4016713,0
4016721,0
4016738,0
4016746,0
4016771,0
4016796,6
4016813,6
4016821,2
4016838,2
4016846,2
4016863,2
4016871,2
4016888,2
4016896,2
4016913,2
4016921,2
4016938,3
4016946,3
4016963,3
4016971,3
4016988,3
4016996,3
4017013,3
4017021,3
4017038,3
4017046,3
4017063,3
4017071,3
4017088,3
4017096,3
4017113,3
4017121,3
4017138,3
4017146,3
4017163,3
4017171,3
4017188,3
4017196,3
4017213,3
4017221,3
4017238,3
4017246,3
4017263,3
4017271,3
4017288,3
4017296,3
4017313,3
4017321,3
4017338,3
4017346,3
4017363,3
4017371,3
4017388,3
4017396,3
4017413,3
4017421,3
4017438,3
4017446,3
4017463,3
4017471,3
4017488,3
4017496,3
4017513,3
4017521,3
4017663,6
4017671,6
4017696,4
4017713,4
4017738,4
4017796,0
4017804,0
4017821,0
4017846,0
4017871,0
4017888,0
4017896,0
4017913,0
4017921,0
4017929,0
4017946,0
4017963,0
4017971,0
4017988,0
4017996,0
4018004,0
4018013,0
4018021,0
4018038,0
4018046,0
4018063,0
4018071,0
4018088,0
4018096,0
4018104,0
4018113,0
4018121,0
4018138,0
4018146,0
4018162,0
4018171,0
4018188,0
4018196,0
4018204,0
4018213,0
4018221,0
4018238,0
4018246,0
4018263,0
4018271,0
4018288,0
4018296,0
4018313,0
4018321,0
4018329,0
4018338,0
4018346,0
4018363,0
4018371,0
4018388,0
4018396,0
4018404,0
4018413,0
4018421,0
4018429,0
4018437,0
4018446,0
4018471,0
4018488,0
4018496,0
4018504,0
4018513,0
4018521,0
4018529,0
4018537,0
4018546,0
4018562,0
4018571,0
4018596,0
4018604,0
4018613,0
4018621,0
4018629,0
4018638,5
4018646,5
4018663,5
4018671,5
4018688,5
4018696,5
4018704,5
4018712,5
4018721,4
4018737,3
4018746,3
4018763,3
4018771,3
4018788,3
4018796,3
4018813,3
4018821,3
4018837,3
4018846,3
4018863,3
4018871,3
4018888,3
4018896,3
4018913,3
4018921,3
4018938,3
4018946,3
4018962,3
4018971,3
4018987,3
4018996,3
4019012,3
4019021,3
4019038,3
4019046,3
4019063,3
4019071,3
4019087,3
4019096,3
4019112,3
4019121,3
4019137,3
4019146,3
4019162,3
4019171,3
4019187,3
4019196,3
4019212,3
4019221,3
4019237,3
4019246,3
4019262,3
4019271,3
4019288,3
4019296,3
4019312,3
4019321,3
4019338,3
4019346,3
4019362,3
4019371,3
4019388,3
4019396,6
4019412,6
4019421,6
4019437,0
4019446,0
4019463,0
4019471,0
4019487,0
4019496,0
4019504,0
4019512,0
4019521,0
4019529,0
4019537,0
4019546,0
4019562,0
4019571,0
4019587,0
4019596,0
4019612,0
4019621,0
4019637,0
4019646,0
4019662,0
4019671,0
4019687,0
4019696,0
4019704,0
4019713,0
4019721,0
4019737,0
4019746,0
4019762,0
4019771,0
4019788,0
4019796,0
4019812,0
4019821,0
4019829,0
4019837,0
4019846,0
4019862,0
4019871,0
4019887,0
4019896,0
4019912,0
4019921,0
4019937,0
4019946,0
4019962,0
4019971,0
4019987,0
4019996,0
4020012,0
4020021,0
4020037,0
4020046,0
4020062,0
4020071,0
4020087,0
4020096,0
4020112,0
4020121,0
4020137,0
4020146,0
4020162,0
4020171,0
4020187,0
4020196,0
4020204,0
4020212,0
4020221,0
4020229,0
4020237,0
4020246,0
4020262,0
4020271,0
4020287,0
4020296,0
4020304,0
4020312,0
4020321,0
4020329,0
4020337,0
4020346,0
4020362,0
4020371,0
4020387,0
4020396,0
4020412,0
4020421,0
4020429,0
4020437,0
4020446,0
4020462,0
4020471,0
4020487,0
4020496,0
4020512,0
4020521,0
4020529,0
4020537,0
4020546,0
4020562,0
4020571,0
4020587,0
4020596,0
4020612,0
4020621,0
4020637,0
4020646,0
4020662,0
4020671,0
4020687,0
4020696,0
4020712,0
4020721,0
4020737,0
4020746,0
4020762,0
4020771,0
4020787,0
4020796,0
4020804,0
4020812,0
4020821,0
4020846,0
4020887,0
4020896,0
4020912,0
4020937,0
4020946,2
4020962,2
4020971,2
4020987,2
4020996,2
4021012,2
4021021,2
4021037,2
4021046,2
4021062,2
4021071,2
4021087,2
4021096,2
4021112,2
4021121,2
4021137,2
4021146,2
4021162,2
4021171,2
4021187,2
4021196,3
4021212,3
4021221,3
4021237,3
4021246,3
4021262,3
4021271,3
4021287,3
4021296,3
4021312,3
4021321,3
4021337,3
4021346,3
4021362,3
4021371,3
4021379,4
4021387,4
4021396,4
4021412,4
4021421,4
4021437,3
4021446,3
4021462,3
4021471,3
4021487,3
4021496,3
4021504,4
4021512,4
4021521,4
4021529,4
4021537,4
4021546,4
4021562,4
4021571,4
4021587,3
4021596,3
4021612,3
4021621,3
4021637,3
4021646,3
4021662,3
4021671,3
4021679,3
4021687,3
4021696,3
4021704,3
4021712,3
4021721,3
4021729,3
4021737,3
4021746,3
4021754,4
4021762,4
4021771,4
4021779,4
4021787,4
4021796,4
4021804,4
4021812,4
4021821,4
4021837,4
4022737,4
4022745,4
4022762,4
4022770,4
4022779,4
4022795,4
4022812,4
4022820,4
4022829,4
4022845,4
4022862,4
4022870,4
4022879,4
4022895,4
4022912,4
4022920,4
4022929,4
4022945,4
4022962,4
4022970,3
4022987,3
4022995,3
4023012,3
4023020,3
4023037,3
4023045,3
4023062,3
4023070,3
4023079,3
4023087,3
4023095,4
4023387,4
4023612,4
4023662,4
4023679,4
4023687,4
4023695,4
4023712,4
4023720,4
4023737,4
4023745,4
4023762,4
4023779,4
4023787,4
4023795,4
4023812,4
4023820,4
4023829,4
4023845,4
4023862,4
4023870,4
4023879,3
4023887,3
4023895,3
4023912,3
4023920,3
4023929,3
4023937,3
4023945,3
4023962,3
4023979,3
4023987,3
4023995,3
4024012,3
4024020,3
4024045,3
4024062,3
4024095,3
4024112,3
4024129,3
4024145,3
4024162,3
4024187,3
4024195,3
4024212,3
4024245,3
4024262,3
4024295,3
4024312,3
4024329,3
4024337,3
4086755,2
4086780,2
4086813,2
4086855,2
4086863,2
4086880,2
4086888,2
4086905,2
4086913,2
4087001,2
4087010,2
4087026,2
4087034,1
4087051,1
4087059,1
4087076,1
4087084,1
4087101,5
4087109,5
4087126,5
4087134,5
4087151,5
4087159,5
4087176,5
4087184,5
4087201,0
4087209,0
4087218,0
4087226,0
4087234,0
4087251,0
4087259,0
4087276,0
4087284,0
4087293,0
4087301,0
4087309,0
4087326,0
4087334,0
4087351,0
4087359,0
4087376,0
4087401,0
4087409,0
4087418,0
4087426,0
4087434,0
4087451,0
4087459,5
4087476,5
4087484,5
4087501,5
4087509,5
4087526,5
4087535,5
4087551,5
4087560,5
4087576,5
4087584,5
4087593,5
4087601,5
4087609,5
4087626,5
4087635,5
4087651,5
4087659,5
4087676,5
4087684,5
4087693,5
4087701,5
4087709,5
4087726,5
4087735,5
4087751,5
4087759,5
4087776,5
4087784,5
4087793,5
4087801,5
4087810,5
4087826,5
4087834,5
4087851,5
4087859,5
4087876,5
4087884,5
4087893,5
4087901,5
4087909,5
4087926,5
4087934,5
4087951,5
4087959,5
4087976,5
4087984,5
4087993,5
4088001,5
4088009,5
4088026,5
4088034,5
4088051,5
4088059,5
4088076,5
4088084,5
4088093,5
4088101,5
4088109,5
4088126,5
4088134,5
4088151,5
4088159,5
4088176,5
4088184,5
4088201,5
4088210,5
4088226,5
4088234,5
4088251,5
4088259,5
4088276,5
4088284,5
4088293,5
4088301,5
4088309,5
4088326,5
4088334,5
4088351,5
4088359,5
4088376,5
4088384,5
4088393,5
4088401,5
4088409,5
4088426,5
4088435,5
4088451,5
4088459,5
4088476,5
4088484,5
4088493,5
4088501,5
4088509,5
4088526,5
4088534,5
4088551,5
4088559,5
4088576,5
4088584,5
4088593,5
4088601,5
4088609,5
4088626,5
4088634,5
4088651,5
4088659,5
4088676,5
4088684,5
4088693,5
4088701,5
4088709,5
4088726,5
4088734,5
4088751,5
4088759,5
4088776,5
4088784,5
4088793,5
4088801,5
4088809,5
4088826,5
4088834,5
4088851,5
4088859,5
4088876,5
4088884,5
4088893,5
4088901,5
4088909,5
4088926,5
4088935,5
4088951,5
4088959,5
4088976,5
4088984,5
4088993,5
4089001,5
4089010,5
4089026,5
4089035,5
4089051,5
4089059,5
4089076,5
4089084,5
4089093,5
4089101,5
4089109,5
4089126,5
4089134,5
4089151,5
4089159,5
4089176,5
4089184,5
4089192,5
4089201,5
4089209,5
4089226,5
4089234,5
4089251,5
4089259,5
4089276,5
4089284,5
4089293,5
4089301,5
4089309,5
4089326,5
4089334,5
4089351,5
4089359,5
4089376,5
4089384,5
4089401,5
4089409,5
4089426,5
4089434,5
4089451,5
4089459,5
4089476,5
4089484,5
4089501,5
4089509,5
4089526,5
4089534,5
4089551,5
4089559,5
4089576,5
4089584,5
4089592,5
4089601,5
4089609,5
4089626,5
4089634,5
4089651,5
4089659,5
4089676,5
4089684,5
4089692,5
4089701,5
4089709,5
4089726,5
4089734,5
4089751,5
4089759,5
4089776,5
4089784,5
4089801,5
4089809,5
4089826,5
4089834,5
4089851,5
4089859,5
4089876,5
4089884,5
4089901,5
4089909,5
4089926,5
4089934,5
4089951,5
4089959,5
4089968,5
4089976,0
4089984,0
4090001,0
4090009,0
4090026,0
4090034,0
4090051,0
4090059,0
4090067,0
4090076,0
4090084,0
4090093,0
4090101,0
4090109,0
4090126,0
4090134,0
4090151,0
4090159,0
4090184,0
4090210,0
4090226,0
4090234,0
4090251,0
4090259,0
4090267,0
4090284,0
4090292,0
4090301,0
4090309,0
4090326,0
4090334,0
4090351,0
4090359,0
4090376,0
4090384,0
4090392,0
4090401,0
4090409,0
4090426,0
4090434,0
4090451,0
4090626,6
4090634,6
4090651,6
4090667,6
4090676,0
4090701,0
4090726,0
4090734,0
4090751,0
4090759,0
4090776,0
4090784,0
4090801,0
4090809,0
4090834,0
4090851,0
4090859,0
4090867,0
4090876,0
4090884,0
4090901,0
4090926,4
4090934,4
4090951,4
4090959,4
4090967,4
4090976,4
4090984,4
4091001,4
4091009,4
4091026,4
4091034,4
4091051,4
4091059,4
4091076,4
4091084,4
4091092,4
4091101,4
4091109,4
4091126,4
4091134,4
4091151,4
4091159,4
4091176,4
4091201,4
4091209,4
4091226,0
4091234,0
4091251,0
4091259,0
4091267,0
4091276,0
4091284,0
4091301,0
4091309,0
4091326,0
4091334,0
4091351,0
4091359,0
4091376,0
4091384,0
4091392,0
4091401,0
4091409,0
4091426,0
4091434,0
4091451,0
4091459,0
4091476,0
4091484,0
4091501,0
4091509,0
4091526,0
4091534,0
4091551,0
4091559,0
4091567,0
4091576,0
4091584,0
4091592,0
4091601,0
4091609,0
4091626,0
4091634,0
4091651,0
4091659,0
4091676,0
4091684,0
4091701,0
4091709,0
4091726,0
4091734,0
4091751,0
4091759,0
4091776,0
4091784,0
4091801,0
4091809,0
4091826,0
4091834,0
4091851,0
4091859,0
4091876,0
4091884,0
4091901,0
4091909,0
4091926,0
4091934,0
4091951,0
4091959,0
4091976,0
4091984,0
4092009,0
4092026,0
4092034,0
4092051,0
4092059,0
4092076,0
4092084,0
4092101,0
4092109,0
4092126,0
4092134,0
4092151,0
4092159,0
4092176,0
4092184,0
4092192,0
4092201,0
4092209,0
4092226,0
4092234,0
4092251,0
4092259,0
4092276,0
4092284,0
4092301,0
4092309,0
4092326,0
4092334,0
4092351,0
4092359,0
4092368,0
4092376,0
4092384,0
4092392,0
4092401,0
4092409,0
4092426,0
4092434,0
4092451,0
4092459,0
4092467,0
4092476,0
4092484,0
4092492,0
4092501,0
4092509,0
4092526,0
4092534,0
4092551,0
4092559,0
4092568,0
4092576,0
4092584,0
4092592,0
4092601,0
4092609,0
4092626,0
4092634,0
4092651,0
4092659,0
4092676,0
4092684,0
4092692,0
4092709,0
4092726,0
4092734,0
4092751,0
4092759,0
4092767,0
4092776,0
4092784,0
4092792,0
4092809,0
4092826,0
4092834,0
4092859,0
4092867,0
4092876,0
4092884,0
4092892,0
4092909,0
4092926,0
4092934,0
4092951,0
4092959,0
4092967,0
4092976,0
4092984,0
4092992,0
4093001,0
4093009,0
4093026,0
4093034,0
4093051,0
4093059,0
4093067,0
4093076,0
4093084,0
4093092,0
4093101,0
4093109,0
4093126,0
4093134,0
4093151,0
4093159,0
4093167,0
4093175,0
4093184,0
4093192,0
4093201,0
4093209,0
4093226,0
4093234,0
4093251,0
4093259,0
4093275,0
4093284,0
4093292,0
4093301,0
4093309,0
4093326,0
4093334,0
4093351,0
4093359,0
4093367,0
4093376,0
4093384,0
4093392,0
4093401,0
4093409,0
4093425,0
4093434,0
4093450,0
4093459,0
4093475,0
4093484,0
4093492,0
4093500,0
4093509,0
4093525,0
4093534,0
4093550,0
4093559,0
4093567,0
4093575,0
4093584,0
4093600,0
4093609,0
4093625,0
4093634,0
4093650,0
4093659,0
4093675,0
4093684,0
4093692,0
4093700,0
4093709,0
4093725,0
4093734,0
4093750,0
4093759,0
4093767,0
4093775,0
4093784,0
4093800,0
4093809,0
4093825,0
4093834,0
4093850,0
4093859,0
4093875,0
4093884,0
4093892,0
4093900,0
4093909,0
4093925,0
4093934,0
4093950,0
4093959,0
4093967,0
4093975,0
4093984,0
4093992,0
4094000,0
4094009,0
4094025,0
4094034,0
4094050,0
4094059,0
4094067,0
4094075,0
4094084,0
4094101,0
4094109,0
4094125,0
4094134,0
4094150,0
4094159,0
4094167,0
4094176,0
4094184,0
4094192,0
4094200,0
4094209,0
4094225,0
4094234,0
4094250,0
4094259,0
4094267,0
4094275,0
4094284,0
4094300,0
4094309,0
4094325,0
4094334,0
4094350,0
4094359,0
4094367,0
4094375,0
4094384,0
4094392,0
4094400,0
4094409,0
4094425,0
4094434,0
4094450,0
4094459,0
4094467,0
4094475,0
4094484,0
4094500,0
4094509,0
4094525,0
4094534,0
4094550,0
4094559,0
4094575,0
4094584,0
4094600,0
4094609,0
4094625,0
4094634,0
4094650,0
4094659,0
4094667,0
4094675,0
4094684,0
4094692,0
4094700,0
4094709,0
4094725,0
4094734,0
4094750,0
4094759,0
4094775,0
4094784,0
4094800,0
4094809,0
4094825,0
4094834,0
4094850,0
4094859,0
4094867,0
4094875,0
4094884,0
4094892,0
4094900,0
4094909,0
4094925,0
4094934,0
4094950,0
4094959,0
4094967,0
4094975,0
4094984,0
4095000,0
4095009,0
4095025,0
4095034,0
4095050,0
4095059,0
4095075,0
4095084,0
4095100,0
4095109,0
4095125,0
4095134,0
4095150,0
4095159,0
4095167,0
4095175,0
4095184,0
4095192,0
4095201,0
4095209,0
4095225,0
4095234,0
4095250,0
4095259,0
4095267,0
4095275,0
4095284,0
4095292,0
4095301,0
4095309,0
4095325,0
4095334,0
4095350,0
4095359,0
4095367,0
4095375,0
4095384,0
4095392,0
4095400,0
4095409,0
4095425,0
4095434,0
4095450,0
4095459,0
4095475,0
4095484,0
4095500,0
4095509,0
4095525,0
4095534,0
4095550,0
4095559,0
4095567,0
4095575,0
4095584,0
4095592,0
4095600,0
4095609,0
4095625,0
4095634,0
4095650,0
4095659,0
4095667,0
4095675,0
4095684,0
4095700,0
4095709,0
4095725,0
4095734,0
4095750,0
4095759,0
4095775,0
4095784,0
4095792,0
4095801,0
4095809,0
4095825,0
4095834,1
4095850,1
4095859,1
4095875,1
4095884,1
4095900,1
4095909,1
4095925,1
4095934,1
4095950,1
4095959,1
4095975,1
4095984,1
4096001,1
4096009,1
4096025,1
4096050,1
4096059,1
4096075,1
4096084,1
4096092,1
4096100,1
4096109,1
4096125,1
4096134,1
4096150,1
4096159,1
4096175,1
4096184,1
4096192,1
4096200,1
4096209,1
4096225,1
4096234,1
4096250,1
4096259,1
4096275,1
4096284,1
4096292,1
4096300,1
4096309,1
4096325,1
4096334,1
4096350,1
4096359,1
4096367,1
4096375,1
4096384,1
4096400,1
4096409,1
4096425,1
4096434,1
4096450,1
4096459,1
4096467,1
4096475,1
4096484,1
4096492,1
4096501,1
4096509,1
4096525,1
4096534,1
4096550,5
4096559,5
4096567,5
4096575,0
4096584,0
4096592,0
4096600,0
4096609,0
4096625,0
4096634,0
4096650,0
4096659,0
4096675,0
4096684,0
4096692,0
4096700,0
4096709,0
4096725,0
4096734,0
4096750,0
4096759,0
4096767,0
4096775,0
4096784,0
4096792,0
4096800,0
4096809,0
4096825,0
4096834,0
4096850,0
4096859,0
4096875,0
4096884,0
4096900,0
4096909,0
4096925,0
4096933,0
4096950,0
4096959,0
4096967,0
4096975,0
4096984,0
4096992,0
4097000,0
4097008,0
4097025,0
4097034,0
4097050,0
4097059,0
4097067,0
4097075,0
4097084,0
4097100,0
4097109,0
4097125,0
4097134,0
4097150,0
4097159,0
4097167,0
4097175,0
4097184,0
4097192,0
4097200,0
4097209,0
4097225,0
4097234,0
4097250,0
4097258,0
4097275,0
4097284,0
4097292,0
4097300,6
4097308,2
4097325,2
4097333,2
4097350,2
4097359,2
4097375,2
4097384,2
4097400,2
4097408,2
4097425,2
4097433,2
4097450,2
4097458,2
4097475,2
4097483,2
4097500,2
4097508,2
4097525,2
4097533,2
4097550,2
4097558,2
4097567,2
4097575,2
4097583,2
4097600,2
4097608,2
4097625,2
4097634,2
4097650,2
4097658,2
4097675,2
4097683,2
4097692,2
4097700,2
4097708,2
4097725,2
4097733,2
4097750,2
4097758,2
4097767,2
4097775,2
4097784,2
4097800,2
4097808,1
4097825,1
4097833,1
4097850,1
4097858,1
4097875,1
4097883,1
4097900,1
4097908,1
4097925,1
4097933,1
4097950,1
4097958,1
4097975,1
4097983,1
4097992,1
4098000,1
4098008,1
4098025,1
4098034,1
4098050,1
4098058,1
4098075,1
4098083,1
4098275,5
4098283,5
4098300,5
4098308,5
4098325,5
4098333,5
4098350,5
4098358,5
4098367,5
4098375,5
4098383,5
4098400,5
4098408,5
4098425,5
4098433,5
4098450,5
4098458,5
4098467,5
4098475,5
4098483,0
4098492,0
4098500,0
4098508,0
4098525,0
4098533,0
4098550,0
4098558,0
4098567,0
4098575,0
4098583,0
4098592,0
4098600,0
4098608,0
4098625,0
4098634,0
4098650,0
4098658,0
4098667,0
4098675,0
4098683,0
4098700,0
4098708,0
4098725,0
4098733,0
4098750,0
4098758,0
4098775,0
4098783,0
4098800,0
4098808,0
4098825,0
4098833,0
4098850,0
4098858,0
4098875,0
4098883,0
4098900,0
4098908,0
4098925,0
4098933,0
4098950,0
4098958,0
4098975,0
4098983,0
4099000,0
4099008,0
4099025,0
4099033,0
4099050,0
4099058,0
4099075,0
4099083,0
4099100,0
4099108,0
4099125,0
4099133,0
4099150,0
4099158,0
4099175,0
4099183,0
4099200,0
4099208,0
4099225,0
4099233,0
4099250,0
4099258,0
4099275,0
4099283,0
4099300,0
4099308,0
4099325,0
4099333,0
4099350,0
4099359,0
4099375,0
4099383,0
4099400,0
4099408,0
4099425,0
4099433,0
4099450,0
4099458,0
4099475,0
4099483,0
4099500,0
4099508,0
4099525,0
4099533,0
4099550,0
4099558,0
4099575,0
4099583,0
4099600,0
4099608,0
4099625,0
4099633,0
4099650,0
4099658,0
4099675,0
4099683,0
4099700,0
4099708,0
4099725,0
4099733,0
4099750,0
4099759,0
4099775,0
4099783,0
4099800,0
4099809,0
4099825,0
4099833,0
4099850,0
4099858,0
4099875,0
4099883,0
4099900,0
4099908,0
4099925,0
4099933,0
4099950,0
4099958,0
4099975,0
4099983,0
4100000,0
4100008,0
4100025,0
4100033,0
4100050,0
4100058,0
4100067,0
4100075,0
4100083,0
4100092,0
4100100,0
4100108,0
4100125,0
4100133,0
4100150,0
4100158,0
4100175,0
4100183,0
4100192,0
4100200,0
4100208,0
4100225,0
4100233,0
4100250,0
4100258,0
4100275,0
4100283,0
4100300,0
4100308,0
4100325,0
4100333,0
4100350,0
4100358,0
4100375,0
4100383,0
4100400,0
4100408,0
4100425,0
4100433,0
4100450,0
4100458,0
4100475,0
4100483,0
4100500,0
4100508,0
4100525,5
4100533,5
4100550,5
4100558,5
4100575,5
4100583,5
4100600,5
4100608,5
4100625,5
4100633,5
4100650,5
4100658,5
4100675,5
4100683,5
4100692,5
4100700,5
4100708,5
4100725,5
4100733,5
4100750,5
4100758,5
4100767,0
4100775,0
4100783,0
4100792,0
4100800,0
4100808,0
4100825,0
4100833,0
4100850,0
4100858,0
4100867,0
4100875,0
4100883,0
4100900,0
4100908,0
4100925,0
4100933,0
4100950,0
4100958,0
4100975,0
4100983,0
4100992,0
4101000,0
4101008,0
4101025,0
4101033,0
4101050,0
4101058,0
4101075,0
4101083,0
4101091,0
4101100,0
4101108,0
4101125,0
4101133,0
4101150,0
4101158,0
4101166,0
4101175,0
4101183,0
4101192,0
4101200,0
4101208,0
4101225,5
4101233,5
4101250,5
4101258,5
4101266,5
4101275,5
4101283,5
4101300,5
4101308,5
4101325,5
4101333,5
4101350,5
4101358,5
4101367,5
4101375,5
4101384,5
4101400,5
4101408,5
4101425,5
4101433,5
4101450,5
4101458,5
4101466,5
4101475,5
4101483,5
4101491,5
4101500,5
4101508,5
4101525,5
4101533,5
4101550,5
4101558,5
4101566,5
4101575,5
4101583,5
4101592,5
4101600,5
4101608,5
4101625,0
4101633,0
4101650,0
4101658,0
4101675,0
4101683,0
4101700,0
4101708,0
4101725,0
4101733,0
4101750,0
4101758,0
4101775,0
4101784,0
4101800,0
4101808,0
4101825,0
4101833,0
4101850,0
4101858,0
4101875,0
4101883,0
4101900,0
4101908,0
4101950,0
4101958,0
4101966,0
4101975,5
4101983,5
4101991,5
4102000,5
4102008,5
4102025,5
4102033,5
4102050,5
4102058,5
4102075,5
4102083,5
4102100,5
4102108,5
4102125,5
4102133,5
4102150,5
4102158,5
4102175,5
4102183,5
4102191,5
4102200,5
4102208,5
4102225,5
4102233,5
4102250,5
4102258,5
4102266,5
4102275,5
4102283,5
4102291,5
4102300,5
4102308,5
4102325,5
4102333,5
4102350,5
4102358,5
4102367,5
4102375,5
4102383,5
4102392,5
4102400,5
4102408,5
4102425,5
4102433,5
4102450,5
4102458,0
4102475,0
4102483,0
4102491,0
4102500,0
4102508,0
4102525,0
4102533,0
4102550,0
4102558,0
4102575,0
4102583,0
4102600,0
4102608,0
4102625,0
4102633,0
4102650,0
4102658,0
4102675,0
4102683,0
4102700,0
4102708,0
4102725,0
4102733,0
4102750,0
4102758,0
4102775,0
4102783,0
4102791,0
4102800,0
4102808,0
4102825,0
4102833,0
4102850,0
4102858,0
4102875,0
4102883,0
4102900,0
4102908,0
4102925,0
4102933,0
4102950,0
4102958,0
4102975,0
4102983,0
4103000,0
4103008,0
4103025,0
4103033,0
4103050,0
4103058,0
4103075,0
4103083,0
4103091,0
4103100,0
4103108,0
4103125,0
4103133,0
4103150,0
4103158,0
4103166,0
4103175,0
4103183,0
4103191,0
4103200,0
4103208,0
4103225,0
4103233,0
4103250,0
4103258,0
4103266,0
4103275,0
4103283,0
4103300,0
4103308,0
4103325,0
4103333,0
4103350,0
4103358,0
4103375,0
4103383,0
4103400,0
4103408,0
4103425,0
4103433,0
4103450,0
4103458,0
4103466,0
4103475,0
4103483,0
4103491,0
4103500,0
4103508,0
4103525,0
4103533,0
4103550,0
4103558,0
4103575,0
4103583,0
4103591,0
4103600,0
4103608,0
4103625,0
4103633,0
4103650,0
4103658,0
4103666,0
4103675,0
4103683,0
4103700,1
4103708,1
4103725,1
4103733,1
4103750,1
4103758,1
4103775,1
4103783,1
4103791,1
4103800,1
4103808,1
4103825,1
4103833,1
4103850,1
4103858,1
4103866,1
4103875,1
4103883,1
4103900,1
4103908,1
4103925,1
4103933,1
4103950,1
4103958,1
4103975,1
4103983,1
4104000,1
4104008,1
4104025,1
4104033,1
4104050,1
4104058,1
4104066,1
4104075,1
4104083,1
4104100,1
4104108,1
4104125,1
4104133,1
4104150,1
4104158,1
4104175,1
4104183,1
4104200,1
4104208,1
4104225,1
4104233,1
4104250,1
4104258,1
4104275,1
4104283,1
4104300,1
4104308,1
4104325,1
4104333,1
4104350,1
4104358,1
4104375,1
4104383,1
4104391,1
4104400,1
4104408,1
4104425,1
4104433,1
4104450,1
4104458,1
4104474,1
4104483,1
4104500,1
4104792,1
4104800,1
4104808,1
4104817,1
4104842,1
4104859,1
4104884,1
4104892,1
4104908,1
4104917,1
4104933,1
4104942,1
4104958,1
4104967,1
4104984,1
4104992,1
4105008,1
4105017,1
4105033,1
4105042,1
4105058,1
4105067,1
4105083,1
4105092,1
4105109,1
4105117,1
4105133,1
4105142,1
4105158,1
4105167,1
4105183,1
4105192,2
4105208,2
4105217,2
4105233,2
4105242,2
4105258,2
4105267,2
4105283,2
4105292,2
4105308,2
4105317,2
4105333,2
4105342,2
4105358,2
4105367,2
4105383,2
4105392,2
4105408,2
4105417,2
4105433,2
4105442,2
4105458,2
4105467,2
4105483,2
4105492,2
4105508,2
4105517,2
4105533,2
4105542,2
4105697,2
4105705,2
4105721,2
4105730,2
4105746,2
4105755,2
4105772,2
4105780,2
4105797,2
4105805,2
4105822,2
4105830,2
4105847,2
4105855,2
4105871,2
4105880,2
4105896,2
4105922,2
4105930,2
4105946,2
4105955,2
4105971,2
4105980,2
4105996,2
4106005,2
4106021,1
4106030,1
4106046,1
4106055,1
4106071,1
4106080,1
4106096,1
4106105,1
4106121,1
4106130,1
4106146,1
4106155,1
4106171,1
4106180,1
4106196,1
4106205,1
4106221,1
4106230,1
4106238,1
4106247,1
4106255,1
4106263,1
4106271,1
4106280,1
4106305,1
4106321,1
4106330,1
4106346,1
4106355,1
4106372,1
4106380,1
4106397,1
4106405,1
4106421,1
4106430,1
4106446,1
4106455,1
4106471,1
4106480,1
4106497,1
4106505,1
4106521,1
4106530,1
4106546,1
4106555,1
4106563,1
4106571,1
4106580,1
4106596,1
4106605,1
4106621,1
4106630,1
4106647,1
4106655,1
4106663,2
4106671,2
4106680,2
4106696,2
4106705,2
4106722,2
4106730,2
4106746,2
4106755,2
4106955,5
4106971,0
4106980,0
4106996,0
4107005,0
4107030,0
4107038,0
4107047,0
4107055,0
4107071,0
4107080,0
4107096,0
4107105,0
4107121,0
4107130,0
4107138,0
4107146,0
4107155,0
4107163,0
4107171,0
4107180,0
4107196,0
4107205,0
4107221,5
4107230,5
4107238,5
4107246,5
4107255,5
4107263,5
4107271,5
4107280,5
4107305,5
4107321,5
4107330,5
4107346,5
4107355,5
4107363,5
4107371,5
4107380,5
4107396,5
4107405,5
4107421,5
4107430,5
4107438,5
4107447,5
4107455,5
4107463,5
4107480,5
4107496,5
4107505,5
4107521,5
4107530,5
4107546,5
4107555,5
4107571,5
4107580,5
4107596,5
4107605,5
4107621,5
4107630,5
4107638,5
4107646,5
4107655,5
4107663,5
4107671,5
4107680,5
4107696,5
4107705,5
4107721,5
4107730,5
4107746,5
4107755,5
4107763,5
4107771,5
4107780,5
4107796,5
4107805,5
4107822,5
4107830,5
4107846,5
