3804529,0
3804538,0
3804546,0
3804554,0
3804563,0
3804571,0
3804579,0
3804588,0
3804596,0
3804604,0
3804613,0
3804621,0
3804629,0
3804638,0
3804646,0
3804654,0
3804663,0
3804671,0
3804679,0
3804688,0
3804696,0
3804704,0
3804713,0
3804721,0
3804729,0
3804738,0
3804746,0
3804754,0
3804763,0
3804771,0
3804779,0
3804788,0
3804796,0
3804804,0
3804813,0
3804821,0
3804829,0
3804838,0
3804846,0
3804854,7
3804863,7
3804871,7
3804879,7
3804888,7
3804896,7
3804904,7
3804913,7
3804921,7
3804929,7
3804938,7
3804946,7
3804954,7
3804963,7
3804971,11
3804979,7
3804988,7
3804996,7
3805004,7
3805013,7
3805021,7
3805029,0
3805038,0
3805046,0
3805054,0
3805063,0
3805071,0
3805079,0
3805088,0
3805096,0
3805104,0
3805113,0
3805121,0
3805129,0
3805138,0
3805146,0
3805154,0
3805163,0
3805171,0
3805179,0
3805188,0
3805196,0
3805204,0
3805213,0
3805221,0
3805229,0
3805238,0
3805246,0
3805254,0
3805263,0
3805271,0
3805279,0
3805288,6
3805296,0
3805304,0
3805313,0
3805321,0
3805329,0
3805338,0
3805346,0
3805354,0
3805363,0
3805371,0
3805379,0
3805388,0
3805396,6
3805404,6
3805413,6
3805421,6
3805429,6
3805438,6
3805446,0
3805454,0
3805463,0
3805471,6
3805479,6
3805488,6
3805496,6
3805504,6
3805513,6
3805521,0
3805529,0
3805538,6
3805546,0
3805554,0
3805563,6
3805571,0
3805579,0
3805588,0
3805596,0
3805604,0
3805613,0
3805621,0
3805629,0
3805638,0
3805646,0
3805654,0
3805663,0
3805671,6
3805679,6
3805688,6
3805696,6
3805704,0
3805713,0
3805721,6
3805729,6
3805738,6
3805746,6
3805755,6
3805763,6
3805771,0
3805779,6
3805788,6
3805796,6
3805804,6
3805813,6
3805821,6
3805829,0
3805838,0
3805846,0
3805854,0
3805863,0
3805871,0
3805879,0
3805888,0
3805896,0
3805904,0
3805913,0
3805921,0
3805929,0
3805938,0
3805946,0
3805954,0
3805963,0
3805971,0
3805979,0
3805988,0
3805996,0
3806004,0
3806013,0
3806021,6
3806030,6
3806038,6
3806046,6
3806054,6
3806063,6
3806071,6
3806079,6
3806088,6
3806096,0
3806104,0
3806113,0
3806121,0
3806129,0
3806138,0
3806146,0
3806154,0
3806163,0
3806171,6
3806179,6
3806188,6
3806196,6
3806204,6
3806213,6
3806221,6
3806229,6
3806238,6
3806246,6
3806254,6
3806263,6
3806271,6
3806279,6
3806288,6
3806296,0
3806304,0
3806313,0
3806321,0
3806329,0
3806338,0
3806346,0
3806354,0
3806363,6
3806371,6
3806379,6
3806388,6
3806396,0
3806404,0
3806413,0
3806421,0
3806429,0
3806438,0
3806446,0
3806454,0
3806463,0
3806471,7
3806479,7
3806488,7
3806671,1
3806713,3
3806738,4
3806763,1
3806788,11
3806796,0
3806813,0
3806821,7
3806829,7
3806838,7
3806846,7
3806854,7
3806862,7
3806871,7
3806879,7
3806888,7
3806896,7
3806904,7
3806913,7
3806921,7
3806929,0
3806937,0
3806946,0
3806954,0
3806962,0
3806971,0
3806979,0
3806987,0
3806996,0
3807004,0
3807012,0
3807021,0
3807029,0
3807038,0
3807046,0
3807054,0
3807063,0
3807071,0
3807079,0
3807087,0
3807096,0
3807104,0
3807113,0
3807121,0
3807129,0
3807138,0
3807146,0
3807154,0
3807162,0
3807171,7
3807179,7
3807188,7
3807196,0
3807204,0
3807213,0
3807221,0
3807229,0
3807238,0
3807246,0
3807254,0
3807262,0
3807271,0
3807279,0
3807287,0
3807296,0
3807304,0
3807312,0
3807321,0
3807329,0
3807337,0
3807346,0
3807354,0
3807363,0
3807371,0
3807379,0
3807388,0
3807396,0
3807404,0
3807412,0
3807421,0
3807429,0
3807437,0
3807446,0
3807454,0
3807462,0
3807471,0
3807479,0
3807487,0
3807496,0
3807504,0
3807513,0
3807521,0
3807529,0
3807538,0
3807546,0
3807554,0
3807562,0
3807571,0
3807579,0
3807587,0
3807596,0
3807604,0
3807612,0
3807621,0
3807629,0
3807637,0
3807646,0
3807654,0
3807662,0
3807671,0
3807679,0
3807687,0
3807696,0
3807704,0
3807712,0
3807721,0
3807729,0
3807737,0
3807746,0
3807754,0
3807762,0
3807771,0
3807779,0
3807787,0
3807796,0
3807804,0
3807812,0
3807821,0
3807829,0
3807846,0
3807854,0
3807862,0
3807871,0
3807879,0
3807887,0
3807896,0
3807904,0
3807912,0
3807921,0
3807929,0
3807937,0
3807946,0
3807954,0
3807962,0
3807971,11
3807979,7
3807988,7
3807996,7
3808004,11
3808012,11
3808021,11
3808029,7
3808037,0
3808046,0
3808054,0
3808062,11
3808071,1
3808079,4
3808087,0
3808096,0
3808104,0
3808112,11
3808121,11
3808129,11
3808137,11
3808146,11
3808154,11
3808162,11
3808171,1
3808179,1
3808187,1
3808196,11
3808204,11
3808212,11
3808221,11
3808229,11
3808237,11
3808246,8
3808254,8
3808279,8
3808287,0
3808296,0
3808304,0
3808312,0
3808321,0
3808329,0
3808337,0
3808346,0
3808354,0
3808362,0
3808371,0
3808379,0
3808387,0
3808396,0
3808404,0
3808412,0
3808421,0
3808429,0
3808437,0
3808446,0
3808454,0
3808462,0
3808471,0
3808479,0
3808487,0
3808496,0
3808504,0
3808512,0
3808521,0
3808529,0
3808537,0
3808546,0
3808554,0
3808562,0
3808571,0
3808579,0
3808587,0
3808596,0
3808604,0
3808612,0
3808621,0
3808629,0
3808637,0
3808646,0
3808654,0
3808662,0
3808671,0
3808679,0
3808687,0
3808713,0
3808721,0
3808729,0
3808737,0
3808746,0
3808754,0
3808762,0
3808771,0
3808779,0
3808787,0
3808796,0
3808804,0
3808812,0
3808821,0
3808829,0
3808837,0
3808846,0
3808854,0
3808862,0
3808871,0
3808879,0
3808887,0
3808896,0
3808904,0
3808912,0
3808921,0
3808929,0
3808937,0
3808946,0
3808954,0
3808962,0
3808971,0
3808979,0
3808988,0
3808996,0
3809004,0
3809012,0
3809021,0
3809029,0
3809037,0
3809046,0
3809054,0
3809062,0
3809071,0
3809079,0
3809087,0
3809096,0
3809104,0
3809112,0
3809121,0
3809129,0
3809137,0
3809146,0
3809154,0
3809162,0
3809171,0
3809179,0
3809187,0
3809196,0
3809204,0
3809212,0
3809221,0
3809229,0
3809237,0
3809246,11
3809254,11
3809262,11
3809271,11
3809279,11
3809287,11
3809296,7
3809304,7
3809312,7
3809321,7
3809329,7
3809337,7
3809346,7
3809354,7
3809362,7
3809371,11
3809379,11
3809387,11
3809396,7
3809404,0
3809412,0
3809421,7
3809429,7
3809437,7
3809446,7
3809454,11
3809462,11
3809471,1
3809479,1
3809487,1
3809496,8
3809504,8
3809512,8
3809521,8
3809529,12
3809537,12
3809546,12
3809554,8
3809562,12
3809571,12
3809579,12
3809587,12
3809596,12
3809604,12
3809612,12
3809621,12
3809629,8
3809637,8
3809646,8
3809654,8
3809662,12
3809671,12
3809679,12
3809687,12
3809696,8
3809704,8
3809712,8
3809721,8
3809729,8
3809737,8
3809746,8
3809754,8
3809762,8
3809771,8
3809779,8
3809787,8
3809796,8
3809804,8
3809812,0
3809821,0
3809829,0
3809837,0
3809846,0
3809854,0
3809862,0
3809871,2
3809879,2
3809887,12
3809896,8
3809904,12
3809912,12
3809921,12
3809929,8
3809937,8
3809946,8
3809954,8
3809962,8
3809971,12
3809979,8
3809987,8
3809996,8
3810004,12
3810012,12
3810021,12
3810029,8
3810037,8
3810046,8
3810054,8
3810062,8
3810071,8
3810079,8
3810087,8
3810096,8
3810104,8
3810112,8
3810121,8
3810129,8
3810137,8
3810146,8
3810154,8
3810162,8
3810171,8
3810179,8
3810187,12
3810196,8
3810204,12
3810212,12
3810221,12
3810229,8
3810237,8
3810246,8
3810254,8
3810262,8
3810271,8
3810279,8
3810287,8
3810296,0
3810304,0
3810312,0
3810321,8
3810329,8
3810337,8
3810346,8
3810354,8
3810362,8
3810371,1
3810379,1
3810387,1
3810396,12
3810404,12
3810412,8
3810421,8
3810429,8
3810437,8
3810446,8
3810454,8
3810462,8
3810471,12
3810479,12
3810487,12
3810496,0
3810504,0
3810512,0
3810521,0
3810529,8
3810537,8
3810546,8
3810554,8
3810562,8
3810571,12
3810579,8
3810587,8
3810596,8
3810604,8
3810612,8
3810621,12
3810629,8
3810637,8
3810646,8
3810654,8
3810662,8
3810670,12
3810679,12
3810687,12
3810696,8
3810704,8
3810712,8
3810721,12
3810729,8
3810737,8
3810745,8
3810754,8
3810762,8
3810770,12
3810779,12
3810787,12
3810795,12
3810804,12
3810812,12
3810820,12
3810829,8
3810837,8
3810845,12
3810854,0
3810862,0
3810871,0
3810879,0
3810887,0
3810895,0
3810904,0
3810912,0
3810920,0
3810929,0
3810937,0
3810945,0
3810954,0
3810962,0
3810970,0
3810979,0
3810987,0
3810996,0
3811004,0
3811012,0
3811020,0
3811029,0
3811037,0
3811045,0
3811054,0
3811062,0
3811070,0
3811079,3
3811087,2
3811095,0
3811104,0
3811112,0
3811120,0
3811129,0
3811137,0
3811146,0
3811154,0
3811162,0
3811171,0
3811179,3
3811195,0
3811204,0
3811212,0
3811220,0
3811229,0
3811237,0
3811245,0
3811254,0
3811262,0
3811270,0
3811279,2
3811296,0
3811304,0
3811312,0
3811320,0
3811329,0
3811337,0
3811345,0
3811354,0
3811362,0
3811370,0
3811379,3
3811396,0
3811404,0
3811412,0
3811420,0
3811429,0
3811437,0
3811445,0
3811454,0
3811462,0
3811470,0
3811479,2
3811495,0
3811504,0
3811512,0
3811520,0
3811529,0
3811537,0
3811545,0
3811554,0
3811562,0
3811570,0
3811579,2
3811587,1
3811596,0
3811604,0
3811612,0
3811620,0
3811629,0
3811637,0
3811645,0
3811654,0
3811662,0
3811670,0
3811679,2
3811695,0
3811704,0
3811712,0
3811720,0
3811729,0
3811737,0
3811745,0
3811754,0
3811762,0
3811770,0
3811779,0
3811787,0
3811796,0
3811804,0
3811812,0
3811820,0
3811829,0
3811837,0
3811845,0
3811854,0
3811862,0
3811870,0
3811879,3
3811895,12
3811904,12
3811912,4
3811920,0
3811929,0
3811937,0
3811945,0
3811954,0
3811962,0
3811970,0
3811979,2
3811996,0
3812004,0
3812012,0
3812020,0
3812029,0
3812037,0
3812045,0
3812054,0
3812062,0
3812070,0
3812079,0
3812095,0
3812104,0
3812112,0
3812120,0
3812129,0
3812137,0
3812145,0
3812154,0
3812162,0
3812170,0
3812179,3
3812195,0
3812204,0
3812212,0
3812220,0
3812229,0
3812237,0
3812245,0
3812254,0
3812262,0
3812270,0
3812279,3
3812287,3
3812295,0
3812304,0
3812312,0
3812320,0
3812329,0
3812337,0
3812345,0
3812354,0
3812362,0
3812370,0
3812379,2
3812396,0
3812404,0
3812412,0
3812420,0
3812429,0
3812437,0
3812445,0
3812454,0
3812462,0
3812470,0
3812479,2
3812495,0
3812504,0
3812512,0
3812520,0
3812529,0
3812537,0
3812546,0
3812554,0
3812562,0
3812570,0
3812579,2
3812595,0
3812604,0
3812612,0
3812620,0
3812629,0
3812637,0
3812645,0
3812654,0
3812662,0
3812670,0
3812679,0
3812704,0
3812712,0
3812720,0
3812729,0
3812779,8
3812879,12
3812887,0
3812895,0
3812904,0
3812962,0
3812970,0
3812979,0
3812987,0
3812996,0
3813004,0
3813012,0
3813020,0
3813029,0
3813037,0
3813045,0
3813054,0
3813062,0
3813070,0
3813079,4
3813095,0
3813104,0
3813112,0
3813120,0
3813129,0
3813137,0
3813145,0
3813154,0
3813162,0
3813170,0
3813179,3
3813196,12
3813204,12
3813212,4
3813220,0
3813229,0
3813237,0
3813246,0
3813254,0
3813262,0
3813270,0
3813279,2
3813295,8
3813304,8
3813312,8
3813320,0
3813329,0
3813337,0
3813345,0
3813354,0
3813362,0
3813370,0
3813379,0
3813387,0
3813396,0
3813404,0
3813412,0
3813420,0
3813429,0
3813445,0
3813454,0
3813462,0
3813470,0
3813479,0
3813487,0
3813495,0
3813504,0
3813512,0
3813520,0
3813529,0
3813537,0
3813545,0
3813554,0
3813562,0
3813570,0
3813579,1
3813595,0
3813604,0
3813612,0
3813620,0
3813629,0
3813637,0
3813645,0
3813654,0
3813662,0
3813670,0
3813679,0
3813696,0
3813704,0
3813712,0
3813720,0
3813729,0
3813737,0
3813745,0
3813754,0
3813762,0
3813770,0
3813779,2
3813795,0
3813804,0
3813812,0
3813820,0
3813829,0
3813837,0
3813845,0
3813854,0
3813862,0
3813870,0
3813879,4
3814070,0
3814079,0
3814087,0
3814095,0
3814104,0
3814112,0
3814120,0
3814129,0
3814137,0
3814145,0
3814154,0
3814162,0
3814170,0
3814179,0
3814187,0
3814195,0
3814204,0
3814212,0
3814220,0
3814229,0
3814237,0
3814245,0
3814254,0
3814262,0
3814270,0
3814279,0
3814287,0
3814295,0
3814304,0
3814312,0
3814320,0
3814329,0
3814337,0
3814345,0
3814354,0
3814362,0
3814370,0
3814379,0
3814387,0
3814395,0
3814404,0
3814412,0
3814420,0
3814429,0
3814437,0
3814445,0
3814454,0
3814462,0
3814470,0
3814479,3
3814495,0
3814503,0
3814512,0
3814520,0
3814529,0
3814537,0
3814545,0
3814554,0
3814562,0
3814570,0
3814579,0
3814587,0
3814595,0
3814604,0
3814612,0
3814620,0
3814629,0
3814637,0
3814645,0
3814654,0
3814662,0
3814670,0
3814679,3
3814695,0
3814703,0
3814712,0
3814720,0
3814729,0
3814737,0
3814745,0
3814753,0
3814762,0
3814770,0
3814779,2
3814795,0
3814804,0
3814812,0
3814820,0
3814829,0
3814837,0
3814845,0
3814853,1
3814862,1
3814870,1
3814878,4
3814895,1
3814903,1
3814912,2
3814920,1
3814928,1
3814937,1
3814945,1
3814954,1
3814962,1
3814970,1
3814978,4
3814995,11
3815004,11
3815012,11
3815020,7
3815029,7
3815037,7
3815045,7
3815053,7
3815062,2
3815070,7
3815079,11
3815087,11
3815095,11
3815104,11
3815120,0
3815129,0
3815145,0
3815153,0
3815162,2
3815170,2
3815178,4
3815195,11
3815203,11
3815220,0
3815229,0
3815237,11
3815245,11
3815253,11
3815262,1
3815270,1
3815278,4
3815295,11
3815303,11
3815312,2
3815320,8
3815329,12
3815337,1
3815345,1
3815353,1
3815362,2
3815371,2
3815379,4
3815395,1
3815403,1
3815412,1
3815420,1
3815429,1
3815437,1
3815445,1
3815453,4
3815462,1
3815470,1
3815478,4
3815495,12
3815504,12
3815512,12
3815520,12
3815528,12
3815537,12
3815545,1
3815553,1
3815562,1
3815570,1
3815579,3
3815595,1
3815603,1
3815612,0
3815620,0
3815628,0
3815637,0
3815645,0
3815653,0
3815662,0
3815670,0
3815678,1
3815695,0
3815703,0
3815712,0
3815720,0
3815728,0
3815737,0
3815745,0
3815753,0
3815762,0
3815770,0
3815779,0
3815795,0
3815804,0
3815812,0
3815820,0
3815828,0
3815837,0
3815845,0
3815853,0
3815862,0
3815870,0
3815878,0
3815887,0
3815895,0
3815903,0
3815912,0
3815920,0
3815928,0
3815937,0
3815945,0
3815953,0
3815962,0
3815970,0
3815978,1
3815995,0
3816003,0
3816012,0
3816020,0
3816028,0
3816037,0
3816045,0
3816053,0
3816062,0
3816070,0
3816078,0
3816095,0
3816103,0
3816112,12
3816120,12
3816128,12
3816137,12
3816145,12
3816153,12
3816162,12
3816170,12
3816178,12
3816187,12
3816195,1
3816204,1
3816212,1
3816220,1
3816228,1
3816237,1
3816245,1
3816253,1
3816262,1
3816270,1
3816278,1
3816287,1
3816295,1
3816303,1
3816312,1
3816320,1
3816328,1
3816337,12
3816345,1
3816353,1
3816362,1
3816370,1
3816378,4
3816395,1
3816403,1
3816412,1
3816420,1
3816428,1
3816437,1
3816445,1
3816453,1
3816462,1
3816470,1
3816478,4
3816495,1
3816503,1
3816512,1
3816520,12
3816528,12
3816537,12
3816545,12
3816553,12
3816562,12
3816570,12
3816578,4
3816595,12
3816604,1
3816612,1
3816620,1
3816628,8
3816637,8
3816645,8
3816653,8
3816662,12
3816670,12
3816678,4
3816695,12
3816703,12
3816712,1
3816720,1
3816728,0
3816737,0
3816745,0
3816753,0
3816762,0
3816770,0
3816778,0
3816795,0
3816803,0
3816812,0
3816820,0
3816828,0
3816837,0
3816845,0
3816853,0
3816862,0
3816870,0
3816878,0
3816895,0
3816903,0
3816912,0
3816920,0
3816928,0
3816937,0
3816945,0
3816953,0
3816962,0
3816970,0
3816978,3
3816995,0
3817003,0
3817012,0
3817020,0
3817028,0
3817037,0
3817045,0
3817053,0
3817062,0
3817070,0
3817078,0
3817087,0
3817095,0
3817103,0
3817112,0
3817120,0
3817128,0
3817137,0
3817145,0
3817153,0
3817162,0
3817170,0
3817178,3
3817195,0
3817204,0
3817212,0
3817220,0
3817228,0
3817237,0
3817245,0
3817253,0
3817262,0
3817270,0
3817278,0
3817287,0
3817295,0
3817303,0
3817312,0
3817320,0
3817328,0
3817337,0
3817345,0
3817353,0
3817362,0
3817370,0
3817378,3
3817395,0
3817403,0
3817412,0
3817420,0
3817428,0
3817437,0
3817445,0
3817453,0
3817462,0
3817470,0
3817478,2
3817495,0
3817503,0
3817512,0
3817520,0
3817528,0
3817537,0
3817545,0
3817553,0
3817562,0
3817570,0
3817578,0
3817587,0
3817595,0
3817603,0
3817612,0
3817620,0
3817628,0
3817637,0
3817645,0
3817653,0
3817662,0
3817670,0
3817678,0
3817687,0
3817695,0
3817703,0
3817712,0
3817720,0
3817728,0
3817737,0
3817745,0
3817753,0
3817762,0
3817770,0
3817778,3
3817795,0
3817803,0
3817812,0
3817820,0
3817828,0
3817837,0
3817845,0
3817853,0
3817862,0
3817870,0
3817878,3
3817895,0
3817903,0
3817912,0
3817920,0
3817928,0
3817937,0
3817945,0
3817953,0
3817962,0
3817970,0
3817978,0
3817995,0
3818003,0
3818012,0
3818020,0
3818028,0
3818037,0
3818045,0
3818053,0
3818062,0
3818070,0
3818078,0
3818087,0
3818095,0
3818103,0
3818112,0
3818120,0
3818128,0
3818137,0
3818145,0
3818153,0
3818162,0
3818170,0
3818178,3
3818195,0
3818203,0
3818212,0
3818220,0
3818228,0
3818237,0
3818245,0
3818253,0
3818262,0
3818270,0
3818278,3
3818295,0
3818303,0
3818312,0
3818320,0
3818328,0
3818337,0
3818345,0
3818353,0
3818362,0
3818370,0
3818378,2
3818395,0
3818403,0
3818412,0
3818420,0
3818428,0
3818436,0
3818445,0
3818453,0
3818461,0
3818470,0
3818478,2
3818495,0
3818503,0
3818512,0
3818520,0
3818528,0
3818537,0
3818545,0
3818553,0
3818561,0
3818570,0
3818578,3
3818595,0
3818603,0
3818612,0
3818620,0
3818628,0
3818636,0
3818645,0
3818653,0
3818662,0
3818670,0
3818678,0
3818687,0
3818695,0
3818703,0
3818711,0
3818720,0
3818728,0
3818736,0
3818745,0
3818753,0
3818770,0
3818778,0
3818795,0
3818803,0
3818820,0
3818828,0
3818836,0
3818845,0
3818853,0
3818861,0
3818870,0
3818878,2
3818895,0
3818903,0
3818911,0
3818920,0
3818928,0
3818937,0
3818945,0
3818953,0
3818962,0
3818970,0
3818978,2
3818995,0
3819003,0
3819012,0
3819020,0
3819028,0
3819036,0
3819045,0
3819053,0
3819061,0
3819070,0
3819078,3
3819095,8
3819103,8
3819112,8
3819120,0
3819128,0
3819136,0
3819145,0
3819153,0
3819161,0
3819170,0
3819178,2
3819195,0
3819203,0
3819211,0
3819220,0
3819228,0
3819237,0
3819245,0
3819253,0
3819261,0
3819270,0
3819278,2
3819295,0
3819311,0
3819320,0
3819328,0
3819336,0
3819345,0
3819353,0
3819362,0
3819370,8
3819378,8
3819387,1
3819395,8
3819403,8
3819412,12
3819420,12
3819428,12
3819436,8
3819445,8
3819453,8
3819461,8
3819470,8
3819478,8
3819486,8
3819495,8
3819503,8
3819512,8
3819520,8
3819528,8
3819536,8
3819545,12
3819553,12
3819561,12
3819570,8
3819578,8
3819586,12
3819595,12
3819603,12
3819611,1
3819620,12
3819628,12
3819636,0
3819645,8
3819653,8
3819661,1
3819670,12
3819678,4
3819686,12
3819695,12
3819703,1
3819711,1
3819720,1
3819728,12
3819736,12
3819745,12
3819753,12
3819761,1
3819770,12
3819778,4
3819786,8
3819795,8
3819803,8
3819811,8
3819820,8
3819828,8
3819836,8
3819845,8
3819853,8
3819861,12
3819870,12
3819878,4
3819886,4
3819895,8
3819903,8
3819911,8
3819920,8
3819928,8
3819936,8
3819945,8
3819953,8
3819961,8
3819970,8
3819978,3
3819986,8
3819995,8
3820003,12
3820011,1
3820020,12
3820028,8
3820045,1
3820053,1
3820062,12
3820070,8
3820078,3
3820086,0
3820095,12
3820103,12
3820111,1
3820120,1
3820128,12
3820136,12
3820145,1
3820153,1
3820161,12
3820170,12
3820178,4
3820186,1
3820195,12
3820203,8
3820211,8
3820220,8
3820228,8
3820245,8
3820253,1
3820261,1
3820270,1
3820278,4
3820286,1
3820295,1
3820303,12
3820311,12
3820320,12
3820328,12
3820336,12
3820345,12
3820353,12
3820361,0
3820370,0
3820378,1
3820386,0
3820395,0
3820403,0
3820411,0
3820420,0
3820428,0
3820436,0
3820445,0
3820453,0
3820461,0
3820470,0
3820478,0
3820486,0
3820495,0
3820503,0
3820511,0
3820520,0
3820528,0
3820536,0
3820545,0
3820553,0
3820561,0
3820570,0
3820578,0
3820586,0
3820595,0
3820603,0
3820611,0
3820620,0
3820628,0
3820636,0
3820645,0
3820653,0
3820661,0
3820670,0
3820678,4
3820695,0
3820703,0
3820711,0
3820720,0
3820728,0
3820736,0
3820745,0
3820753,0
3820761,0
3820770,0
3820778,0
3820786,0
3820795,0
3820803,0
3820811,0
3820820,0
3820828,0
3820836,0
3820845,0
3820853,0
3820861,0
3820870,0
3820878,0
3820886,0
3820895,0
3820903,0
3820911,0
3820920,0
3820928,0
3820936,0
3820945,0
3820953,0
3820961,0
3820970,0
3820978,0
3820986,0
3820995,0
3821003,0
3821011,0
3821020,0
3821028,0
3821036,0
3821045,0
3821053,0
3821061,0
3821070,0
3821078,0
3821086,0
3821095,0
3821103,0
3821111,0
3821120,0
3821128,0
3821145,0
3821178,0
3821195,0
3821203,0
3821211,0
3821220,0
3821228,0
3821245,0
3821261,0
3821270,0
3821278,0
3821286,0
3821295,0
3821303,0
3821311,0
3821320,0
3821386,0
3821403,0
3821411,0
3821420,0
3821445,0
3821461,0
3821478,0
3821487,0
3821495,0
3821503,0
3821511,0
3821520,0
3821528,0
3821536,0
3821545,0
3821553,0
3821561,0
3821570,0
3821578,0
3821586,0
3821595,0
3821603,0
3821611,0
3821620,0
3821628,0
3821636,0
3821645,0
3821653,0
3821661,0
3821670,0
3821678,0
3821686,0
3821695,0
3821703,0
3821711,0
3821720,0
3821728,0
3821736,0
3821745,0
3821753,0
3821761,0
3821770,0
3821778,0
3821786,0
3821795,0
3821803,0
3821811,0
3821820,0
3821828,0
3821836,0
3821845,0
3821853,0
3821861,0
3821870,0
3821878,0
3821886,0
3821895,0
3821903,0
3821911,0
3821920,0
3821928,0
3821936,0
3821945,0
3821953,0
3821961,0
3821970,0
3821978,0
3821986,0
3821995,0
3822003,0
3822011,0
3822020,0
3822028,0
3822036,0
3822045,0
3822053,0
3822070,0
3822078,0
3822086,0
3822095,0
3822103,0
3822111,0
3822120,0
3822128,0
3822136,0
3822145,0
3822153,0
3822161,0
3822170,0
3822178,1
3822186,0
3822195,0
3822203,0
3822211,0
3822220,0
3822228,0
3822236,0
3822244,0
3822253,0
3822261,0
3822270,0
3822278,12
3822286,4
3822295,0
3822303,0
3822311,0
3822320,0
3822328,0
3822336,0
3822344,0
3822353,0
3822361,0
3822369,0
3822378,0
3822386,0
3822394,0
3822403,0
3822411,0
3822420,0
3822428,0
3822436,0
3822445,0
3822453,0
3822461,0
3822470,0
3822478,0
3822486,0
3822494,0
3822503,0
3822511,0
3822520,0
3822528,0
3822536,0
3822544,0
3822553,0
3822561,0
3822569,0
3822578,0
3822586,0
3822595,0
3822603,0
3822611,0
3822620,0
3822628,0
3822636,0
3822644,0
3822653,0
3822661,0
3822669,0
3822678,0
3822686,0
3822694,0
3822703,0
3822711,0
3822719,0
3822728,0
3822736,0
3822745,0
3822761,0
3822920,0
3822936,0
3822944,0
3822986,0
3822994,1
3823003,1
3823011,1
3823019,1
3823028,1
3823036,1
3823044,1
3823053,12
3823061,12
3823069,12
3823078,12
3823086,12
3823094,12
3823103,12
3823111,12
3823119,8
3823128,8
3823136,8
3823144,8
3823153,8
3823161,8
3823169,8
3823178,8
3823186,0
3823194,0
3823203,0
3823211,0
3823219,0
3823228,0
3823236,0
3823244,0
3823253,0
3823261,0
3823270,0
3823278,0
3823286,0
3823294,0
3823303,0
3823311,0
3823319,0
3823328,0
3823336,0
3823345,0
3823353,0
3823361,0
3823369,0
3823378,0
3823386,0
3823394,0
3823403,0
3823411,0
3823419,0
3823428,0
3823436,0
3823444,0
3823453,0
3823461,0
3823469,0
3823478,0
3823486,0
3823494,0
3823503,0
3823511,0
3823519,0
3823528,0
3823536,0
3823553,0
3823561,0
3823569,0
3823578,0
3823586,0
3823594,0
3823603,0
3823611,0
3823619,0
3823629,0
3823636,0
3823644,0
3823653,0
3823661,0
3823669,0
3823678,0
3823686,0
3823694,0
3823703,0
3823711,0
3823719,0
3823728,0
3823736,0
3823744,0
3823753,0
3823761,0
3823769,0
3823778,8
3823786,12
3823794,1
3823803,11
3823811,11
3823819,1
3823828,1
3823836,1
3823844,1
3823853,1
3823861,1
3823869,1
3823878,7
3823886,11
3823894,11
3823903,11
3823911,11
3823919,11
3823928,11
3823936,11
3823944,11
3823953,11
3823961,11
3823969,11
3823978,1
3823986,11
3823994,11
3824003,1
3824011,1
3824019,1
3824028,1
3824036,1
3824044,1
3824053,1
3824061,1
3824069,1
3824078,12
3824086,1
3824094,1
3824103,1
3824111,1
3824119,1
3824128,1
3824136,1
3824144,1
3824153,1
3824161,1
3824169,1
3824178,1
3824186,1
3824194,1
3824203,1
3824211,1
3824220,1
3824228,1
3824236,1
3824244,1
3824253,1
3824261,1
3824269,1
3824278,1
3824286,1
3824294,1
3824303,1
3824311,1
3824319,1
3824328,1
3824336,1
3824344,1
3824353,1
3824361,1
3824370,1
3824378,1
3824386,1
3824394,1
3824403,1
3824411,1
3824419,1
3824428,1
3824436,1
3824444,12
3824453,1
3824461,1
3824469,1
3824478,1
3824486,1
3824495,1
3824503,1
3824511,1
3824519,1
3824528,1
3824536,1
3824544,12
3824553,1
3824561,1
3824569,1
3824578,1
3824586,1
3824594,12
3824603,12
3824611,1
3824619,1
3824628,1
3824636,1
3824644,12
3824653,1
3824661,1
3824669,1
3824678,1
3824686,1
3824694,1
3824703,1
3824711,1
3824719,1
3824728,1
3824736,1
3824744,12
3824753,1
3824761,1
3824770,1
3824778,1
3824786,1
3824794,1
3824803,1
3824811,1
3824819,1
3824828,1
3824836,0
3824844,0
3824853,0
3824861,0
3824869,0
3824878,0
3824886,0
3824894,0
3824903,0
3824911,0
3824919,0
3824928,0
3824936,0
3824944,0
3824953,0
3824961,0
3824969,0
3824978,0
3824986,0
3824994,0
3825003,0
3825011,0
3825019,0
3825028,0
3825036,0
3825044,0
3825053,0
3825061,0
3825069,0
3825078,0
3825086,0
3825094,0
3825119,0
3825128,0
3825136,0
3825145,0
3825153,0
3825161,1
3825169,1
3825178,1
3825186,1
3825194,1
3825203,1
3825211,1
3825219,1
3825228,1
3825236,1
3825244,1
3825253,1
3825261,1
3825269,1
3825278,1
3825286,12
3825294,12
3825303,1
3825311,1
3825319,1
3825328,1
3825336,1
3825344,1
3825353,1
3825361,1
3825369,1
3825378,1
3825386,12
3825394,12
3825403,12
3825411,1
3825419,1
3825428,8
3825436,12
3825444,1
3825453,1
3825461,1
3825469,1
3825478,1
3825486,1
3825494,1
3825503,1
3825511,2
3825519,1
3825528,1
3825536,1
3825544,12
3825553,1
3825561,2
3825569,1
3825578,12
3825586,2
3825594,1
3825603,1
3825611,1
3825619,1
3825628,1
3825636,1
3825644,1
3825653,1
3825661,1
3825669,1
3825678,12
3825686,1
3825694,1
3825703,1
3825711,1
3825719,1
3825728,1
3825736,1
3825744,1
3825753,1
3825761,1
3825769,1
3825778,1
3825786,1
3825794,1
3825803,1
3825811,1
3825819,1
3825828,1
3825836,1
3825844,1
3825853,1
3825861,1
3825869,1
3825878,1
3825886,1
3825894,1
3825903,1
3825911,1
3825919,1
3825928,1
3825936,1
3825944,1
3825953,1
3825961,1
3825969,1
3825978,1
3825986,1
3825994,1
3826003,1
3826011,1
3826019,1
3826028,1
3826036,1
3826044,2
3826053,2
3826061,2
3826069,1
3826078,1
3826086,1
3826094,12
3826102,12
3826111,1
3826119,1
3826127,1
3826136,1
3826144,1
3826152,1
3826161,12
3826169,12
3826177,0
3826186,0
3826194,0
3826203,0
3826211,0
3826219,0
3826228,0
3826236,0
3826244,0
3826252,0
3826261,0
3826269,0
3826278,0
3826286,0
3826294,0
3826302,0
3826311,0
3826319,0
3826327,0
3826336,0
3826344,0
3826353,0
3826361,0
3826369,0
3826377,0
3826386,0
3826394,0
3826402,0
3826411,0
3826419,0
3826428,0
3826436,0
3826444,0
3826452,0
3826461,0
3826469,0
3826477,0
3826486,0
3826494,0
3826503,0
3826511,0
3826519,0
3826527,0
3826536,0
3826544,0
3826552,0
3826561,0
3826569,0
3826577,0
3826586,0
3826594,0
3826602,0
3826611,0
3826619,0
3826628,0
3826636,0
3826644,0
3826652,0
3826661,0
3826669,0
3826677,0
3826686,0
3826694,0
3826702,0
3826711,0
3826719,0
3826727,0
3826736,0
3826744,0
3826752,0
3826761,0
3826769,0
3826778,0
3826786,0
3826794,0
3826802,0
3826811,0
3826819,0
3826827,0
3826836,0
3826844,8
3826852,12
3826861,2
3826869,2
3826877,2
3826886,2
3826894,2
3826902,2
3826911,2
3826919,2
3826927,2
3826936,2
3826944,2
3826952,1
3826961,1
3826969,1
3826977,1
3826986,1
3826994,1
3827002,1
3827011,1
3827019,1
3827028,1
3827036,1
3827044,2
3827052,2
3827061,2
3827069,2
3827077,2
3827086,2
3827094,2
3827102,2
3827111,2
3827119,2
3827127,2
3827136,2
3827144,2
3827152,2
3827161,1
3827169,1
3827178,12
3827186,1
3827194,1
3827202,1
3827211,2
3827219,2
3827228,2
3827236,2
3827244,2
3827252,2
3827261,2
3827269,2
3827277,2
3827286,1
3827294,1
3827302,2
3827311,2
3827319,2
3827327,2
3827336,1
3827344,1
3827352,2
3827361,2
3827369,2
3827377,2
3827386,2
3827394,1
3827402,1
3827411,1
3827419,2
3827427,2
3827436,2
3827444,4
3827452,4
3827461,4
3827469,1
3827477,3
3827486,1
3827494,1
3827502,2
3827511,2
3827519,1
3827527,1
3827536,2
3827544,2
3827552,2
3827561,2
3827569,2
3827577,1
3827586,2
3827594,2
3827602,3
3827611,4
3827769,0
3827777,0
3827794,0
3827811,1
3827819,0
3827827,4
3827836,4
3827844,4
3827853,4
3827861,4
3827869,4
3827877,4
3827886,4
3827894,4
3827902,3
3827911,3
3827919,3
3827927,3
3827936,3
3827944,3
3827952,2
3827961,2
3827969,2
3827978,2
3827986,2
3827994,1
3828002,1
3828011,1
3828019,12
3828036,8
3828044,12
3828052,1
3828069,0
3828077,0
3828086,0
3828094,0
3828102,0
3828111,0
3828119,0
3828128,0
3828136,0
3828144,0
3828152,0
3828161,0
3828169,0
3828177,0
3828186,0
3828194,0
3828202,0
3828219,0
3828227,0
3828236,0
3828244,0
3828252,0
3828261,0
3828269,0
3828277,0
3828286,0
3828294,0
3828302,0
3828311,0
3828319,0
3828327,0
3828336,0
3828344,0
3828352,0
3828361,0
3828369,0
3828378,0
3828386,0
3828394,0
3828402,0
3828411,0
3828419,0
3828428,0
3828436,0
3828444,0
3828452,0
3828461,0
3828469,0
3828477,0
3828486,0
3828494,0
3828502,0
3828511,0
3828519,0
3828527,0
3828536,0
3828544,0
3828552,0
3828561,0
3828569,0
3828577,0
3828586,0
3828594,0
3828602,0
3828611,0
3828619,0
3828627,0
3828636,0
3828644,0
3828652,0
3828661,0
3828669,0
3828677,0
3828686,0
3828694,0
3828702,0
3828711,0
3828719,0
3828727,0
3828736,0
3828744,0
3828752,0
3828761,0
3828769,0
3828777,0
3828786,0
3828794,0
3828802,0
3828811,0
3828819,0
3828827,0
3828836,0
3828844,0
3828852,0
3828869,0
3828877,0
3828886,0
3828894,0
3828902,0
3828911,0
3828919,0
3828927,0
3828936,0
3828952,0
3828961,0
3828969,0
3828977,0
3828986,0
3828994,0
3829002,0
3829011,0
3829019,0
3829027,0
3829036,0
3829044,0
3829052,0
3829069,0
3829077,0
3829086,0
3829094,0
3829102,0
3829111,0
3829119,0
3829127,0
3829136,0
3829144,0
3829152,0
3829169,0
3829177,0
3829186,0
3829194,0
3829202,0
3829211,0
3829219,0
3829227,0
3829236,0
3829244,0
3829252,4
3829269,0
3829277,0
3829286,0
3829294,0
3829302,0
3829311,0
3829319,0
3829327,0
3829336,0
3829344,0
3829352,0
3829361,0
3829369,0
3829377,0
3829386,0
3829394,0
3829402,0
3829411,0
3829419,0
3829427,0
3829436,0
3829444,0
3829452,0
3829461,0
3829469,0
3829477,0
3829486,0
3829494,0
3829502,0
3829511,0
3829536,0
3829544,0
3829552,3
3829569,0
3829577,0
3829586,0
3829594,0
3829602,0
3829611,0
3829619,0
3829627,0
3829636,0
3829644,0
3829652,3
3829669,0
3829677,0
3829686,0
3829694,0
3829702,0
3829711,0
3829719,0
3829727,0
3829736,0
3829744,0
3829752,0
3829761,0
3829769,0
3829777,0
3829786,0
3829794,0
3829802,0
3829811,0
3829819,0
3829827,0
3829836,0
3829844,0
3829852,3
3829860,1
3829869,8
3829877,8
3829886,0
3829894,0
3829902,0
3829911,0
3829919,0
3829927,0
3829936,0
3829944,0
3829952,0
3829969,0
3829977,0
3829985,0
3829994,0
3830002,0
3830011,0
3830019,0
3830027,0
3830036,0
3830044,0
3830052,0
3830061,0
3830069,0
3830077,0
3830085,0
3830094,0
3830102,0
3830110,0
3830119,0
3830127,0
3830135,0
3830144,0
3830152,0
3830161,0
3830169,0
3830177,0
3830185,0
3830194,0
3830202,0
3830210,0
3830219,0
3830227,0
3830236,0
3830244,0
3830252,4
3830269,0
3830277,0
3830285,0
3830294,0
3830302,0
3830311,0
3830319,0
3830327,0
3830335,0
3830344,0
3830352,0
3830360,0
3830369,0
3830377,0
3830385,0
3830394,0
3830402,0
3830410,0
3830419,0
3830427,0
3830436,0
3830444,0
3830452,0
3830461,0
3830469,0
3830477,0
3830485,0
3830494,0
3830502,0
3830510,0
3830519,0
3830527,0
3830535,0
3830544,0
3830552,0
3830569,0
3830577,0
3830586,0
3830594,0
3830602,0
3830610,0
3830619,0
3830627,0
3830636,0
3830644,0
3830652,0
3830660,0
3830669,0
3830677,0
3830685,0
3830752,0
3830769,0
3830777,0
3830785,0
3830794,0
3830810,0
3830819,0
3830827,0
3830844,0
3830852,0
3830877,0
3830952,0
3830985,0
3830994,0
3831002,0
3831010,0
3831019,0
3831027,0
3831036,0
3831044,0
3831052,2
3831069,0
3831077,0
3831085,0
3831094,0
3831102,0
3831110,0
3831119,0
3831127,0
3831135,0
3831144,0
3831152,0
3831160,0
3831169,0
3831177,0
3831185,0
3831194,0
3831202,0
3831210,0
3831219,0
3831227,0
3831236,0
3831244,0
3831252,2
3831269,0
3831277,0
3831285,0
3831294,0
3831302,0
3831310,0
3831319,0
3831327,0
3831335,0
3831344,0
3831352,2
3831369,0
3831377,0
3831385,0
3831394,0
3831402,0
3831410,0
3831419,0
3831427,0
3831436,0
3831444,0
3831452,2
3831469,0
3831477,0
3831485,0
3831494,0
3831502,0
3831510,0
3831519,0
3831527,0
3831535,0
3831544,0
3831552,2
3831569,0
3831577,0
3831585,0
3831594,0
3831602,0
3831610,0
3831619,0
3831627,0
3831636,0
3831644,0
3831652,0
3831661,0
3831669,0
3831677,0
3831685,0
3831694,0
3831702,0
3831710,0
3831719,0
3831727,0
3831735,0
3831744,0
3831752,3
3831769,0
3831777,0
3831785,0
3831794,0
3831802,0
3831810,0
3831819,0
3831827,0
3831835,0
3831844,0
3831852,2
3831869,0
3831877,0
3831885,0
3831894,0
3831902,0
3831910,0
3831919,0
3831927,0
3831936,0
3831944,0
3831952,4
3831969,0
3831977,0
3831985,0
3831994,0
3832002,0
3832010,0
3832019,0
3832027,0
3832036,0
3832044,0
3832052,0
3832061,0
3832069,0
3832077,0
3832085,0
3832094,0
3832102,0
3832135,0
3832144,0
3832152,0
3832169,0
3832177,0
3832185,0
3832194,0
3832203,0
3832210,0
3832219,0
3832227,0
3832236,0
3832244,0
3832252,3
3832269,0
3832277,0
3832285,0
3832294,0
3832302,0
3832310,0
3832319,0
3832327,0
3832336,0
3832344,0
3832352,0
3832360,4
3832369,0
3832377,0
3832385,1
3832394,1
3832402,1
3832410,1
3832419,1
3832427,1
3832435,1
3832444,1
3832452,4
3832469,1
3832477,1
3832485,1
3832494,1
3832502,1
3832510,1
3832519,1
3832527,1
3832535,1
3832544,1
3832552,4
3832569,1
3832577,2
3832585,2
3832594,2
3832603,1
3832610,12
3832619,12
3832627,12
3832636,1
3832644,1
3832652,4
3832669,1
3832677,1
3832685,1
3832694,1
3832702,1
3832710,1
3832719,1
3832727,1
3832735,2
3832744,2
3832752,4
3832760,4
3832769,1
3832777,1
3832785,2
3832794,2
3832802,1
3832810,1
3832819,2
3832827,2
3832835,1
3832844,12
3832852,12
3832860,1
3832869,1
3832877,1
3832885,1
3832894,1
3832902,1
3832910,1
3832919,1
3832927,2
3832935,3
3832944,3
3832952,4
3832969,1
3832977,1
3832985,3
3832994,3
3833002,2
3833010,1
3833019,1
3833027,1
3833035,2
3833044,2
3833052,2
3833060,2
3833069,2
3833077,2
3833085,2
3833094,2
3833102,2
3833110,2
3833119,2
3833127,12
3833135,1
3833144,1
3833152,1
3833160,1
3833169,1
3833177,1
3833185,2
3833194,2
3833202,1
3833210,1
3833219,5
3833227,1
3833235,2
3833244,2
3833252,2
3833269,2
3833277,1
3833285,3
3833294,2
3833302,2
3833319,1
3833327,1
3833335,1
3833344,1
3833352,1
3833360,1
3833369,1
3833377,1
3833385,3
3833394,2
3833402,2
3833410,2
3833419,2
3833427,2
3833435,2
3833444,2
3833452,2
3833469,2
3833477,1
3833485,0
3833494,0
3833502,0
3833510,0
3833519,0
3833527,0
3833535,0
3833544,0
3833552,4
3833569,0
3833577,0
3833585,0
3833594,0
3833602,0
3833610,0
3833619,0
3833627,0
3833635,0
3833644,0
3833652,3
3833660,2
3833669,0
3833677,0
3833685,0
3833694,0
3833702,0
3833735,0
3833743,0
3833752,0
3833760,0
3833768,0
3833785,0
3833793,0
3833802,0
3833810,0
3833819,0
3833827,0
3833835,0
3833844,0
3833852,3
3833869,0
3833877,0
3833885,0
3833893,0
3833902,0
3833910,0
3833918,0
3833927,0
3833935,0
3833943,0
3833952,3
3833968,0
3833977,0
3833985,0
3833993,0
3834002,0
3834010,0
3834018,0
3834027,0
3834035,0
3834043,0
3834052,2
3834060,1
3834068,0
3834077,0
3834085,0
3834093,0
3834102,0
3834110,0
3834119,0
3834127,0
3834135,0
3834143,0
3834152,2
3834168,0
3834177,0
3834185,0
3834193,0
3834202,0
3834210,0
3834219,0
3834227,0
3834235,0
3834244,0
3834252,2
3834269,0
3834277,0
3834285,0
3834293,0
3834302,0
3834310,0
3834318,0
3834327,0
3834335,0
3834343,0
3834352,3
3834368,0
3834377,0
3834385,0
3834393,0
3834402,0
3834410,0
3834418,0
3834427,0
3834435,0
3834443,0
3834452,0
3834468,0
3834477,0
3834485,0
3834494,0
3834502,0
3834510,0
3834518,0
3834527,0
3834535,0
3834543,0
3834552,0
3834560,0
3834568,0
3834577,0
3834585,0
3834593,0
3834602,0
3834610,0
3834619,0
3834627,0
3834635,0
3834644,0
3834652,0
3834660,0
3834668,0
3834677,0
3834685,0
3834693,0
3834702,0
3834710,0
3834718,0
3834727,0
3834735,0
3834743,0
3834752,0
3834768,0
3834777,0
3834785,0
3834793,0
3834802,0
3834810,0
3834818,0
3834827,0
3834835,0
3834843,0
3834852,0
3834860,0
3834868,0
3834877,0
3834885,0
3834893,0
3834902,0
3834910,0
3834918,0
3834927,0
3834935,0
3834943,0
3834952,0
3834960,0
3834968,0
3834985,7
3835218,0
3835227,0
3835235,0
3835243,0
3835252,0
3835268,0
3835277,0
3835285,0
3835294,0
3835302,0
3835310,0
3835319,0
3835327,0
3835335,0
3835343,0
3835352,1
3835368,0
3835377,0
3835385,0
3835393,0
3835402,0
3835418,0
3835427,0
3835435,0
3835444,0
3835452,3
3835468,0
3835477,0
3835485,0
3835493,0
3835502,0
3835510,0
3835518,0
3835527,0
3835535,0
3835543,0
3835552,0
3835560,0
3835568,0
3835577,0
3835585,0
3835593,0
3835602,0
3835610,0
3835618,0
3835627,0
3835635,0
3835643,0
3835652,3
3835668,0
3835677,0
3835685,0
3835693,0
3835702,0
3835710,0
3835718,0
3835727,0
3835735,0
3835743,0
3835752,0
3835768,0
3835777,0
3835785,0
3835793,0
3835802,0
3835810,0
3835818,0
3835827,0
3835835,0
3835844,0
3835852,0
3835860,2
3835868,0
3835877,0
3835885,0
3835893,0
3835902,0
3835910,0
3835918,0
3835927,0
3835935,0
3835943,0
3835952,4
3835968,0
3835977,0
3835985,0
3835993,0
3836002,0
3836010,0
3836018,0
3836027,0
3836035,0
3836043,0
3836052,3
3836068,0
3836077,0
3836085,0
3836093,0
3836102,0
3836110,0
3836118,0
3836127,0
3836135,0
3836144,0
3836152,0
3836160,0
3836168,0
3836177,0
3836185,0
3836193,0
3836202,0
3836210,0
3836218,0
3836227,0
3836235,0
3836243,0
3836252,0
3836260,0
3836268,0
3836277,0
3836285,0
3836293,4
3836302,0
3836310,0
3836318,0
3836327,0
3836335,0
3836343,0
3836352,3
3836368,0
3836377,0
3836385,0
3836393,0
3836402,0
3836410,0
3836418,0
3836427,0
3836435,0
3836443,0
3836452,0
3836460,0
3836468,0
3836477,0
3836485,0
3836493,0
3836502,0
3836510,0
3836518,0
3836527,0
3836535,0
3836543,0
3836552,3
3836568,0
3836577,0
3836585,0
3836593,0
3836602,0
3836610,0
3836618,0
3836627,0
3836635,0
3836643,0
3836652,2
3836668,8
3836677,8
3836685,8
3836693,0
3836702,0
3836710,0
3836718,0
3836727,0
3836735,0
3836743,0
3836752,0
3836760,0
3836768,0
3836777,0
3836785,0
3836793,0
3836802,0
3836810,0
3836818,0
3836827,0
3836835,0
3836843,0
3836868,0
3836885,0
3836893,0
3836902,0
3836910,0
3836918,0
3836927,0
3836935,0
3836943,0
3836952,0
3836960,0
3836968,0
3836977,0
3836985,0
3836993,0
3837002,0
3837010,0
3837018,0
3837027,0
3837035,0
3837043,0
3837052,0
3837060,0
3837068,0
3837077,0
3837085,0
3837093,0
3837102,0
3837110,0
3837118,0
3837127,0
3837135,0
3837143,0
3837152,0
3837160,0
3837168,0
3837177,0
3837185,0
3837193,0
3837202,0
3837210,0
3837218,0
3837227,0
3837235,0
3837243,0
3837252,0
3837260,0
3837268,0
3837277,0
3837285,0
3837293,0
3837302,0
3837310,0
3837318,0
3837327,0
3837335,0
3837343,0
3837352,0
3837360,0
3837368,0
3837377,0
3837385,0
3837393,0
3837402,0
3837410,0
3837418,0
3837427,0
3837435,0
3837443,0
3837452,0
3837460,0
3837468,0
3837477,0
3837485,0
3837493,0
3837502,0
3837510,0
3837518,0
3837526,0
3837535,0
3837543,0
3837552,3
3837568,0
3837577,0
3837585,0
3837593,0
3837601,0
3837610,0
3837618,0
3837627,0
3837635,0
3837643,0
3837651,0
3837660,0
3837668,0
3837676,0
3837685,0
3837693,0
3837710,0
3837718,0
3837726,0
3837735,0
3837752,0
3837760,0
3837768,0
3837777,0
3837810,0
3837818,0
3837826,0
3837835,0
3837843,0
3837851,0
3837860,0
3837868,0
3837876,0
3837885,0
3837893,0
3837902,0
3837910,0
3837918,0
3837926,0
3837935,0
3837943,0
3837951,0
3837960,0
3837968,0
3837976,0
3837985,0
3837993,0
3838001,0
3838010,0
3838018,0
3838027,0
3838035,0
3838043,0
3838052,0
3838060,0
3838068,0
3838076,0
3838085,0
3838093,0
3838101,0
3838110,0
3838118,0
3838126,0
3838135,0
3838143,0
3838168,0
3838185,0
3838193,0
3838201,0
3838210,0
3838218,0
3838226,0
3838235,0
3838243,0
3838251,0
3838260,0
3838268,0
3838276,0
3838285,0
3838293,0
3838301,0
3838310,0
3838318,0
3838343,0
3838376,0
3838385,0
3838393,0
3838401,1
3838410,2
3838418,3
3838427,3
3838435,3
3838443,3
3838452,3
3838460,2
3838468,2
3838476,2
3838485,2
3838493,2
3838501,2
3838510,2
3838518,2
3838526,2
3838535,2
3838543,2
3838551,2
3838560,2
3838568,2
3838576,2
3838585,2
3838593,2
3838601,2
3838610,2
3838618,2
3838626,2
3838635,2
3838643,2
3838651,2
3838660,2
3838668,2
3838676,2
3838685,2
3838693,2
3838702,2
3838710,2
3838718,2
3838726,2
3838735,2
3838743,2
3838751,2
3838760,2
3838768,2
3838776,2
3838785,2
3838793,2
3838801,2
3838810,2
3838818,2
3838827,2
3838835,2
3838843,2
3838852,2
3838860,2
3838868,2
3838876,2
3838885,2
3838893,2
3838901,2
3838910,2
3838918,2
3838926,2
3838935,2
3838943,2
3838951,2
3838960,2
3838968,2
3838976,2
3838985,2
3838993,2
3839001,2
3839010,2
3839018,2
3839026,1
3839035,1
3839043,1
3839051,1
3839060,2
3839068,2
3839076,2
3839093,2
3839102,2
3839110,2
3839118,2
3839126,2
3839135,2
3839143,2
3839151,1
3839160,2
3839168,1
3839176,1
3839193,1
3839201,1
3839210,2
3839218,2
3839226,2
3839235,2
3839243,2
3839252,2
3839260,2
3839268,2
3839277,2
3839285,2
3839293,1
3839301,1
3839310,1
3839318,2
3839326,3
3839335,0
3839343,0
3839351,2
3839360,0
3839368,0
3839376,0
3839385,0
3839393,0
3839401,0
3839410,0
3839418,0
3839426,0
3839435,0
3839443,0
3839451,0
3839460,0
3839468,0
3839476,0
3839485,0
3839493,0
3839501,0
3839510,0
3839518,0
3839526,0
3839535,0
3839543,0
3839551,0
3839568,0
3839576,0
3839585,0
3839593,0
3839601,0
3839610,0
3839618,0
3839626,0
3839635,0
3839643,0
3839651,0
3839660,0
3839668,0
3839676,0
3839685,0
3839693,0
3839701,0
3839710,0
3839718,0
3839726,0
3839735,0
3839743,0
3839751,0
3839760,0
3839768,0
3839776,0
3839785,0
3839793,0
3839801,0
3839810,0
3839818,0
3839826,0
3839835,0
3839843,0
3839851,0
3839860,0
3839868,0
3839876,0
3839885,0
3839893,0
3839901,0
3839910,0
3839918,0
3839926,0
3839935,0
3839943,0
3839951,0
3839960,0
3839968,0
3839976,0
3839985,0
3839993,0
3840001,0
3840010,0
3840018,0
3840026,0
3840035,0
3840043,0
3840051,0
3840060,0
3840068,0
3840076,0
3840085,0
3840093,0
3840101,0
3840110,0
3840118,0
3840126,0
3840143,0
3840151,0
3840160,0
3840168,0
3840176,0
3840185,0
3840193,0
3840202,0
3840218,0
3840226,0
3840235,0
3840243,0
3840251,0
3840260,0
3840268,0
3840276,0
3840285,0
3840293,0
3840301,0
3840310,0
3840318,0
3840326,0
3840335,0
3840343,0
3840360,0
3840368,0
3840376,0
3840385,0
3840393,0
3840401,0
3840410,0
3840418,0
3840426,0
3840435,0
3840443,0
3840451,0
3840460,0
3840468,0
3840476,0
3840485,0
3840493,0
3840668,0
3840693,0
3840718,0
3840726,0
3840735,4
3840743,4
3840751,4
3840760,3
3840768,3
3840776,3
3840785,3
3840793,3
3840801,3
3840810,2
3840818,2
3840826,2
3840835,2
3840843,2
3840851,2
3840860,2
3840868,2
3840876,2
3840885,2
3840893,2
3840901,2
3840910,2
3840918,2
3840926,2
3840935,2
3840943,2
3840951,2
3840960,2
3840968,2
3840976,2
3840985,2
3840993,2
3841001,2
3841010,2
3841018,1
3841026,2
3841035,2
3841043,2
3841051,2
3841060,2
3841068,2
3841076,2
3841085,2
3841093,2
3841101,2
3841110,2
3841118,2
3841126,4
3841135,0
3841143,0
3841151,0
3841160,0
3841168,0
3841176,0
3841185,0
3841193,0
3841201,0
3841210,0
3841218,0
3841226,0
3841235,0
3841243,0
3841251,0
3841260,0
3841268,0
3841276,0
3841285,0
3841293,0
3841301,0
3841310,0
3841318,0
3841326,0
3841335,0
3841343,0
3841351,0
3841360,0
3841368,0
3841376,0
3841385,0
3841393,0
3841401,0
3841409,0
3841418,0
3841426,0
3841434,0
3841443,0
3841451,0
3841460,0
3841468,0
3841476,0
3841485,0
3841493,0
3841501,0
3841510,0
3841518,0
3841526,0
3841534,0
3841543,0
3841551,0
3841559,0
3841568,0
3841576,0
3841585,0
3841593,0
3841601,0
3841610,0
3841618,0
3841626,0
3841634,0
3841643,0
3841651,0
3841660,0
3841668,0
3841676,0
3841684,0
3841693,0
3841701,0
3841709,0
3841718,0
3841726,0
3841735,0
3841743,0
3841751,0
3841759,0
3841768,0
3841776,0
3841784,0
3841793,0
3841801,0
3841809,0
3841818,0
3841826,0
3841834,0
3841843,0
3841851,0
3841859,0
3841868,0
3841876,0
3841884,0
3841893,0
3841901,0
3841909,0
3841918,0
3841926,0
3841934,0
3841943,0
3841951,0
3841959,0
3841968,0
3841976,0
3841984,0
3841993,0
3842001,0
3842010,0
3842018,0
3842026,0
3842034,0
3842043,0
3842051,0
3842059,0
3842068,0
3842076,0
3842084,0
3842093,0
3842101,0
3842109,0
3842118,0
3842126,0
3842134,0
3842143,0
3842151,0
3842159,0
3842168,0
3842176,0
3842184,0
3842193,0
3842201,0
3842209,0
3842218,0
3842226,0
3842234,0
3842243,0
3842251,0
3842259,0
3842268,0
3842276,0
3842285,0
3842293,0
3842301,0
3842310,0
3842318,0
3842326,0
3842334,0
3842343,0
3842351,0
3842359,0
3842368,0
3842376,0
3842384,0
3842393,0
3842401,0
3842409,0
3842418,0
3842426,0
3842434,0
3842443,0
3842451,0
3842460,0
3842468,0
3842476,0
3842484,0
3842493,0
3842501,0
3842509,0
3842518,0
3842526,0
3842534,0
3842543,0
3842551,0
3842559,0
3842568,0
3842576,0
3842585,0
3842593,0
3842601,0
3842609,0
3842618,0
3842626,0
3842634,0
3842643,0
3842651,0
3842659,0
3842668,0
3842676,0
3842684,0
3842693,0
3842701,0
3842709,0
3842718,0
3842726,0
3842734,0
3842743,0
3842751,0
3842759,0
3842768,0
3842776,0
3842784,0
3842793,0
3842801,0
3842809,0
3842818,0
3842826,0
3842834,0
3842843,0
3842851,0
3842859,0
3842868,0
3842876,0
3842884,0
3842893,0
3842901,0
3842909,0
3842918,0
3842926,0
3842934,0
3842943,0
3842951,0
3842960,0
3842968,0
3842976,0
3842984,0
3842993,0
3843001,0
3843009,0
3843018,0
3843026,0
3843034,0
3843043,0
3843051,0
3843059,0
3843068,0
3843076,0
3843085,0
3843243,0
3843260,0
3843268,0
3843284,0
3843309,0
3843318,1
3843326,1
3843334,1
3843343,11
3843351,11
3843359,11
3843368,7
3843376,11
3843384,11
3843393,11
3843401,11
3843409,11
3843418,11
3843426,11
3843434,11
3843443,11
3843451,11
3843459,11
3843468,11
3843476,11
3843484,11
3843493,11
3843501,11
3843509,11
3843518,11
3843526,11
3843534,11
3843543,11
3843551,11
3843559,8
3843568,8
3843576,8
3843584,8
3843593,8
3843601,8
3843609,8
3843618,12
3843626,12
3843634,12
3843643,0
3843651,0
3843660,0
3843668,0
3843676,0
3843684,0
3843693,0
3843701,0
3843709,0
3843718,8
3843726,8
3843734,8
3843743,8
3843751,8
3843759,8
3843768,8
3843776,8
3843784,0
3843793,0
3843801,0
3843809,0
3843818,8
3843826,8
3843834,8
3843843,0
3843851,0
3843859,12
3843868,12
3843876,8
3843884,8
3843893,0
3843901,0
3843909,0
3843918,8
3843926,8
3843934,8
3843943,8
3843951,8
3843959,8
3843968,8
3843976,0
3843984,0
3843993,0
3844001,0
3844009,0
3844018,8
3844026,8
3844034,12
3844043,0
3844051,0
3844060,0
3844068,0
3844076,0
3844084,8
3844093,8
3844101,0
3844109,0
3844118,0
3844126,0
3844134,0
3844143,0
3844151,0
3844159,0
3844168,0
3844176,0
3844184,0
3844193,0
3844201,0
3844209,0
3844218,0
3844226,0
3844234,0
3844243,0
3844251,0
3844259,0
3844268,0
3844276,0
3844284,0
3844293,0
3844301,0
3844309,0
3844318,0
3844326,0
3844334,0
3844343,0
3844351,0
3844359,0
3844368,0
3844376,0
3844384,0
3844393,0
3844401,0
3844409,0
3844418,0
3844426,0
3844434,0
3844443,0
3844451,0
3844459,0
3844468,0
3844476,0
3844484,0
3844493,0
3844501,0
3844509,0
3844518,0
3844526,0
3844534,0
3844543,0
3844551,0
3844559,0
3844568,0
3844576,0
3844585,0
3844593,0
3844601,0
3844609,0
3844618,0
3844626,0
3844634,0
3844643,0
3844651,0
3844659,0
3844668,0
3844676,0
3844684,0
3844693,0
3844701,0
3844709,0
3844718,0
3844726,0
3844734,0
3844743,0
3844751,0
3844759,0
3844768,0
3844776,0
3844784,0
3844793,0
3844801,0
3844809,0
3844818,0
3844826,0
3844834,0
3844843,0
3844851,0
3844859,0
3844868,0
3844876,0
3844884,0
3844893,0
3844901,0
3844909,0
3844918,0
3844926,0
3844934,0
3844943,0
3844951,0
3844959,0
3844968,0
3844976,0
3844984,0
3844993,0
3845001,0
3845009,0
3845018,0
3845026,0
3845034,0
3845043,0
3845051,0
3845059,0
3845068,0
3845076,0
3845084,0
3845093,0
3845101,0
3845109,0
3845118,0
3845126,0
3845134,0
3845143,0
3845151,0
3845159,0
3845168,0
3845176,0
3845184,0
3845193,0
3845201,0
3845209,0
3845218,0
3845226,0
3845234,0
3845243,0
3845251,0
3845259,0
3845268,0
3845276,0
3845284,0
3845293,0
3845301,0
3845309,0
3845317,0
3845326,0
3845334,0
3845342,0
3845351,0
3845359,0
3845367,0
3845376,0
3845384,0
3845392,0
3845401,0
3845409,0
3845418,0
3845426,0
3845434,0
3845442,0
3845451,0
3845459,0
3845468,0
3845476,0
3845484,0
3845492,0
3845501,0
3845509,0
3845517,0
3845526,0
3845534,0
3845543,0
3845551,0
3845559,0
3845567,0
3845576,0
3845584,0
3845592,0
3845601,0
3845609,0
3845617,0
3845626,0
3845634,0
3845643,0
3845651,0
3845659,0
3845667,0
3845676,0
3845684,0
3845692,0
3845701,0
3845709,0
3845717,0
3845726,0
3845734,0
3845742,0
3845751,0
3845759,0
3845767,0
3845776,0
3845784,0
3845792,0
3845801,0
3845809,0
3845817,0
3845826,0
3845834,0
3845842,0
3845851,0
3845859,0
3845868,0
3845876,0
3845884,0
3845892,0
3845901,0
3845909,0
3845917,0
3845926,0
3845934,0
3845942,0
3845951,0
3845959,0
3845967,0
3845976,0
3845984,0
3845992,0
3846001,0
3846009,0
3846017,0
3846026,0
3846034,0
3846042,0
3846051,0
3846059,0
3846067,0
3846076,0
3846084,0
3846093,0
3846101,0
3846109,0
3846118,0
3846126,0
3846142,0
3846151,0
3846159,0
3846167,0
3846176,0
3846184,0
3846192,0
3846201,0
3846209,0
3846217,0
3846226,0
3846242,0
3846251,0
3846259,0
3846268,0
3846276,0
3846284,0
3846292,0
3846301,0
3846309,0
3846317,0
3846326,3
3846342,0
3846351,0
3846359,0
3846367,0
3846376,0
3846384,0
3846392,0
3846401,0
3846409,0
3846417,0
3846426,0
3846442,0
3846451,0
3846459,0
3846467,0
3846476,0
3846484,0
3846492,0
3846501,0
3846509,0
3846517,0
3846526,2
3846542,0
3846551,0
3846559,0
3846567,0
3846576,0
3846584,0
3846592,0
3846601,0
3846609,0
3846617,0
3846626,0
3846634,0
3846642,0
3846651,0
3846659,0
3846668,0
3846676,0
3846684,0
3846692,0
3846701,0
3846709,0
3846717,0
3846726,0
3846742,0
3846751,0
3846759,0
3846767,0
3846776,0
3846784,0
3846792,0
3846801,0
3846809,0
3846817,0
3846826,0
3846834,0
3846842,0
3846851,0
3846859,0
3846867,0
3846876,0
3846884,0
3846892,0
3846901,0
3846909,0
3846917,0
3846926,3
3846942,8
3846951,8
3846959,8
3846967,0
3846976,0
3846992,0
3847001,0
3847026,2
3847068,0
3847076,0
3847084,0
3847092,0
3847101,0
3847109,0
3847117,0
3847126,3
3847142,0
3847151,0
3847159,0
3847167,0
3847176,0
3847184,0
3847192,0
3847201,0
3847209,0
3847217,0
3847226,4
3847234,2
3847242,0
3847251,0
3847259,0
3847267,0
3847276,0
3847284,0
3847292,0
3847301,0
3847309,0
3847317,0
3847326,2
3847342,0
3847351,0
3847359,0
3847367,0
3847376,0
3847384,0
3847392,0
3847401,0
3847409,0
3847417,0
3847426,4
3847442,0
3847451,0
3847459,0
3847468,0
3847476,0
3847484,0
3847492,0
3847501,0
3847509,0
3847517,0
3847526,4
3847542,0
3847551,0
3847559,0
3847567,0
3847576,0
3847584,0
3847592,0
3847601,0
3847609,0
3847617,0
3847626,4
3847642,0
3847651,0
3847659,0
3847667,0
3847676,0
3847684,0
3847692,0
3847701,0
3847709,0
3847717,0
3847726,0
3847734,0
3847742,0
3847767,0
3847776,0
3847784,0
3847792,0
3847801,0
3847809,0
3847817,0
3847826,3
3847842,0
3847851,0
3847859,0
3847868,0
3847876,0
3847884,0
3847892,0
3847901,0
3847909,0
3847917,0
3847926,2
3847934,1
3847942,0
3847951,0
3847959,0
3847967,0
3847976,0
3847984,1
3847992,8
3848001,8
3848009,1
3848017,2
3848026,2
3848034,1
3848042,1
3848051,1
3848059,1
3848067,1
3848076,1
3848084,1
3848092,1
3848101,1
3848109,1
3848117,1
3848126,4
3848134,0
3848142,2
3848151,2
3848159,1
3848167,1
3848176,1
3848184,1
3848192,4
3848201,4
3848209,1
3848217,1
3848226,4
3848234,0
3848242,2
3848251,2
3848259,2
3848267,2
3848276,1
3848284,1
3848292,3
3848301,3
3848309,1
3848317,1
3848326,4
3848334,0
3848342,1
3848351,1
3848359,2
3848367,2
3848376,1
3848384,1
3848392,2
3848401,1
3848409,1
3848418,2
3848426,2
3848434,2
3848442,2
3848451,2
3848459,2
3848467,2
3848476,2
3848484,2
3848492,2
3848501,1
3848509,2
3848517,2
3848526,2
3848534,2
3848551,2
3848559,1
3848576,1
3848584,2
3848601,2
3848609,2
3848617,2
3848626,2
3848634,2
3848651,2
3848659,2
3848676,2
3848684,2
3848701,2
3848709,2
3848726,3
3848751,3
3848759,0
3848776,1
3848784,1
3848801,1
3848809,2
3848826,2
3848834,2
3848851,3
3848859,3
3848876,2
3848884,2
3848892,3
3848901,2
3848909,2
3848917,3
3848926,4
3848934,4
3848951,3
3848959,4
3848976,2
3848984,3
3849001,2
3849009,2
3849026,2
3849034,2
3849051,2
3849059,0
3849076,4
3849084,3
3849092,0
3849101,4
3849109,2
3849125,1
3849134,1
3849151,4
3849176,2
3849184,2
3849200,2
3849209,2
3849217,3
3849226,4
3849234,0
3849251,4
3849276,1
3849284,3
3849292,4
3849300,4
3849309,2
3849317,2
3849325,4
3849350,4
3849367,2
3849376,2
3849384,2
3849392,2
3849400,2
3849409,2
3849417,2
3849425,4
3849434,4
3849442,1
3849450,1
3849459,1
3849467,2
3849476,2
3849484,1
3849492,4
3849501,4
3849509,2
3849517,2
3849525,4
3849534,4
3849542,1
3849550,12
3849559,1
3849567,1
3849576,1
3849584,0
3849592,0
3849600,0
3849609,12
3849617,12
3849625,4
3849634,0
3849643,2
3849651,2
3849659,2
3849667,2
3849676,1
3849684,1
3849692,1
3849700,1
3849709,1
3849717,1
3849725,1
3849734,1
3849742,1
3849750,1
3849759,1
3849767,1
3849776,1
3849784,2
3849792,3
3849800,3
3849809,2
3849817,2
3849825,0
3849842,2
3849850,2
3849867,12
3849876,12
3849884,1
3849892,1
3849901,1
3849910,1
3849917,1
3849925,4
3849942,2
3849950,2
3849959,2
3849967,1
3849976,1
3849984,1
3849992,1
3850000,2
3850009,2
3850017,2
3850025,4
3850042,1
3850051,1
3850059,1
3850067,1
3850076,1
3850084,1
3850092,2
3850100,2
3850109,2
3850117,2
3850125,4
3850142,2
