3773940,3
3773956,3
3773965,3
3773981,3
3773990,3
3774006,3
3774031,3
3774040,3
3774056,3
3774065,3
3774190,4
3775090,4
3775115,4
3775411,6
3775428,6
3775453,6
3775503,6
3775528,6
3775553,6
3775578,6
3775603,6
3775628,6
3775653,6
3775678,6
3775703,6
3775728,1
3775753,1
3775803,2
3775828,2
3775853,1
3775878,1
3775903,5
3775928,5
3776128,5
3776203,5
3776228,5
3776499,5
3776557,5
3776574,5
3776599,5
3776699,4
3776874,4
3776899,4
3777299,4
3777324,1
3777349,1
3777374,1
3777399,1
3778530,1
3778546,1
3778555,1
3778571,1
3778580,6
3778605,6
3778630,6
3778655,6
3778680,4
3778705,4
3778730,4
3778780,4
3778830,4
3778855,4
3779005,1
3779021,1
3779030,1
3779046,1
3779055,1
3779071,1
3779080,1
3779196,2
3779205,2
3779221,2
3779230,2
3779255,2
3779271,2
3779280,2
3779296,2
3779305,2
3779313,2
3779321,2
3779330,2
3779346,2
3779355,2
3779371,2
3779380,2
3779396,2
3779405,6
3779413,6
3779421,6
3779430,6
3779455,6
3779480,6
3779496,6
3779505,6
3779521,6
3779530,6
3779546,1
3779555,1
3779563,4
3779571,4
3779580,4
3779596,4
3779621,1
3779671,1
3779680,4
3779696,4
3779721,4
3779771,6
3779796,6
3779821,6
3779871,6
3779896,6
3779946,6
3779971,6
3779996,6
3780055,4
3780071,4
3780096,4
3780121,6
3780146,6
3780171,6
3780196,6
3780221,6
3780246,6
3780271,6
3780296,6
3780321,6
3780346,6
3780371,6
3780396,6
3780421,6
3780446,6
3780471,6
3780496,6
3780521,6
3780546,6
3780571,6
3780596,6
3780685,6
3780709,6
3780718,4
3780734,4
3780759,4
3780809,1
3780818,1
3780834,1
3780859,1
3780909,1
3780918,1
3780934,1
3780959,1
3780984,1
3781009,1
3781034,1
3781043,1
3781059,1
3781068,1
3781084,1
3781093,1
3781109,2
3781134,2
3781143,2
3781159,2
3781168,2
3781176,2
3781184,2
3781193,2
3781209,2
3781218,2
3781234,2
3781243,2
3781259,2
3781268,2
3781284,2
3781309,2
3781334,2
3781359,2
3781384,2
3781409,2
3781434,2
3781459,2
3781476,2
3781509,2
3781518,2
3781534,2
3781559,2
3781568,2
3781584,2
3781593,2
3781609,2
3781634,2
3781642,2
3781659,2
3781773,2
3781798,2
3781814,2
3781823,2
3781839,2
3781848,2
3781864,2
3781873,2
3781889,2
3781898,2
3781914,2
3781923,2
3781939,2
3781948,2
3781964,1
3781973,1
3781989,5
3781998,5
3782023,5
3782039,5
3782048,5
3782064,5
3782073,5
3782089,0
3782098,0
3782114,0
3782123,0
3782139,5
3782148,5
3782164,5
3782173,5
3782189,5
3782198,5
3782214,5
3782223,5
3782239,5
3782248,5
3782264,1
3782273,1
3782289,1
3782298,1
3782314,1
3782322,1
3782339,1
3782348,1
3782364,1
3782373,1
3782389,1
3782398,1
3782414,1
3782423,1
3782448,1
3782464,1
3782473,1
3782489,1
3782497,2
3782514,2
3782523,2
3782539,2
3782547,2
3782564,2
3782572,2
3782589,2
3782597,2
3782623,2
3782639,2
3782647,2
3782664,2
3782673,2
3782689,2
3782697,2
3782714,2
3782723,2
3782739,2
3782747,2
3782764,2
3782773,2
3782789,2
3782797,2
3782814,2
3782822,2
3782839,2
3782847,2
3782864,2
3782872,2
3782889,2
3782897,2
3782914,2
3782922,2
3782939,2
3782948,2
3782964,2
3782973,2
3782989,2
3782997,2
3783014,2
3783023,2
3783031,2
3783039,2
3783047,2
3783064,2
3783072,2
3783097,2
3783114,2
3783122,2
3783131,2
3783139,2
3783147,2
3783164,2
3783172,2
3783189,2
3783198,2
3783214,2
3783222,2
3783239,2
3783247,2
3783264,2
3783272,2
3783289,2
3783297,2
3783306,2
3783314,2
3783322,2
3783331,2
3783340,2
3783347,2
3783372,2
3783397,2
3783406,2
3783414,2
3783422,2
3783431,2
3783439,2
3783447,2
3783464,2
3783472,2
3783481,2
3783497,2
3783506,2
3783531,2
3783539,2
3783547,2
3783564,2
3783572,2
3783589,2
3783597,2
3783606,2
3783614,2
3783622,2
3783631,2
3783639,2
3783647,2
3783664,2
3783672,2
3783681,2
3783689,2
3783697,2
3783706,2
3783714,2
3783722,2
3783731,2
3783739,2
3783747,2
3783764,2
3783772,2
3783789,2
3783797,2
3783806,2
3783814,2
3783831,2
3783839,2
3783847,2
3783864,2
3783872,2
3783881,2
3783889,4
3783906,2
3783914,2
3783931,1
3783939,1
3783947,6
3783964,6
3783989,6
3783998,6
3784014,6
3784022,6
3784031,6
3784039,6
3784047,6
3784064,6
3784072,6
3784089,6
3784097,6
3784114,6
3784122,6
3784139,6
3784147,6
3784164,6
3784172,6
3784189,6
3784197,6
3784214,6
3784222,6
3784239,6
3784247,6
3784264,6
3784272,6
3784289,6
3784297,6
3784314,6
3784322,6
3784339,6
3784347,6
3784364,6
3784372,6
3784397,6
3784414,6
3784422,6
3784439,6
3784447,6
3784464,6
3784472,6
3784489,6
3784497,6
3784514,6
3784522,6
3784539,6
3784547,6
3784564,6
3784572,6
3784589,6
3784597,6
3784606,6
3784614,6
3784622,6
3784639,6
3784647,6
3784664,6
3784672,6
3784689,6
3784697,6
3784706,6
3784714,6
3784722,6
3784731,6
3784748,6
3784764,6
3784772,6
3784781,6
3784797,6
3784806,6
3784814,6
3784822,6
3784831,6
3784839,6
3784856,6
3784864,6
3784872,6
3784881,6
3784889,6
3784897,6
3784906,6
3784914,6
3784931,6
3784939,6
3784947,6
3784964,6
3784972,2
3784997,2
3785006,2
3785014,2
3785022,2
3785031,2
3785039,2
3785047,2
3785056,2
3785064,2
3785072,2
3785081,2
3785089,2
3785097,2
3785106,2
3785114,2
3785122,2
3785131,2
3785139,2
3785147,2
3785164,2
3785172,2
3785197,2
3785222,2
3785231,2
3785239,2
3785247,2
3785264,2
3785272,2
3785281,2
3785297,2
3785314,2
3785322,2
3785339,2
3785356,2
3785364,2
3785372,2
3785381,2
3785389,2
3785397,2
3785406,2
3785414,2
3785422,2
3785431,2
3785439,2
3785447,2
3785456,2
3785464,2
3785472,2
3785489,2
3785497,2
3785506,2
3785514,2
3785522,2
3785531,2
3785539,2
3785547,2
3785564,2
3785572,2
3785581,2
3785589,2
3785597,2
3785606,2
3785614,2
3785622,2
3785631,2
3785639,2
3785647,2
3785664,2
3785672,2
3785681,2
3785689,2
3785697,2
3785706,2
3785714,2
3785722,1
3785731,2
3785739,2
3785747,2
3785764,2
3785772,2
3785789,2
3785797,2
3785806,2
3785814,2
3785822,2
3785831,2
3785839,2
3785847,2
3785864,2
3785872,2
3785881,2
3785897,2
3785906,2
3785914,2
3785922,2
3785930,2
3785939,2
3785947,2
3785964,2
3785972,2
3785981,2
3785989,2
3785997,2
3786006,2
3786014,2
3786022,2
3786031,2
3786039,2
3786047,2
3786064,2
3786072,2
3786097,2
3786114,2
3786122,6
3786139,6
3786147,6
3786164,6
3786172,6
3786197,6
3786214,6
3786222,6
3786239,6
3786247,6
3786264,6
3786272,6
3786289,6
3786297,6
3786314,6
3786322,6
3786339,6
3786347,6
3786364,6
3786372,6
3786389,6
3786397,6
3786414,6
3786422,6
3786439,6
3786447,6
3786464,6
3786472,6
3786497,6
3786514,2
3786522,2
3786530,2
3786539,2
3786547,6
3786564,6
3786572,6
3786597,6
3786614,6
3786622,6
3786639,6
3786647,6
3786664,6
3786672,6
3786697,6
3786714,6
3786722,6
3786739,2
3786747,2
3786764,2
3786772,2
3786789,2
3786797,2
3786814,2
3786822,2
3786839,2
3786847,2
3786864,2
3786872,2
3786889,2
3786897,2
3786914,2
3786922,2
3786939,2
3786947,2
3786997,2
3787014,2
3787039,2
3787047,2
3787064,2
3787072,2
3787097,2
3787114,2
3787139,2
3787147,2
3787164,6
3787172,6
3787189,6
3787197,6
3787214,6
3787264,6
3787314,6
3787339,6
3787364,6
3787539,2
3787747,2
3788060,2
3788077,2
3788085,4
3788102,4
3788127,4
3788177,4
3788202,4
3788227,4
3788252,4
3788269,4
3788277,4
3788302,4
3788319,4
3788327,4
3788369,4
3788377,4
3788402,4
3788452,4
3788502,1
3788510,1
3788535,1
3788560,1
3788577,1
3788585,1
3788602,1
3788610,1
3788635,1
3788652,1
3788660,1
3788685,1
3788702,1
3788710,1
3788727,1
3788735,1
3788752,1
3788760,2
3788769,2
3788785,2
3788802,2
3788810,2
3788835,2
3788852,2
3788860,2
3788869,2
3788885,2
3788902,2
3788910,2
3788935,2
3788960,2
3788969,2
3788985,2
3789002,2
3789010,2
3789027,2
3789035,2
3789060,2
3789077,2
3789085,2
3789102,2
3789110,2
3789135,2
3789152,2
3789160,2
3789177,2
3789185,2
3789202,2
3789210,2
3789235,2
3789260,2
3789302,2
3789310,2
3789335,2
3789352,2
3789360,2
3789377,2
3789385,2
3789402,2
3789410,2
3789435,2
3789460,2
3789477,2
3789485,2
3789502,2
3789510,2
3789527,2
3789535,2
3789560,2
3789577,2
3789585,2
3789610,2
3789627,2
3789635,2
3789660,2
3789677,2
3789685,2
3789710,2
3789727,2
3789735,2
3789760,2
3789777,2
3789785,3
3789810,3
3789827,4
3789835,4
3789860,2
3789877,2
3789885,2
3789902,2
3789910,2
3789927,2
3789935,2
3789952,2
3789960,2
3789977,2
3789985,2
3790002,2
3790010,2
3790035,2
3790060,2
3790077,2
3790085,2
3790102,2
3790110,2
3790135,2
3790152,2
3790160,2
3790177,2
3790185,2
3790202,2
3790210,2
3790235,2
3790260,2
3790285,2
3790310,2
3790335,2
3790360,2
3790377,2
3790385,2
3790402,2
3790410,2
3790435,2
3790602,2
3790610,2
3790627,2
3790636,2
3790660,2
3790685,2
3790702,2
3790710,2
3790727,2
3790735,2
3790752,2
3790760,2
3790777,2
3790785,2
3790802,2
3790810,2
3790827,3
3790835,3
3790860,3
3790877,3
3790885,3
3790902,3
3790910,3
3790935,3
3790960,3
3790977,3
3790985,3
3791081,3
3791089,3
3791106,3
3791114,3
3791131,3
3791139,3
3791156,3
3791164,3
3791181,3
3791189,3
3791198,3
3791206,3
3791214,3
3791231,3
3791239,3
3791256,3
3791264,3
3791281,3
3791289,3
3791298,3
3791306,3
3791314,3
3791323,3
3791331,3
3791339,3
3791356,3
3791364,3
3791381,3
3791389,3
3791406,3
3791414,3
3791431,3
3791439,3
3791456,3
3791464,3
3791481,3
3791489,3
3791506,3
3791514,3
3791531,3
3791540,3
3791564,3
3791573,3
3791581,3
3791589,3
3791606,3
3791614,3
3791631,3
3791639,3
3791664,3
3791673,3
3791681,3
3791689,3
3791698,3
3791706,3
3791714,3
3791731,3
3791739,3
3791748,3
3791756,3
3791764,3
3791781,3
3791789,3
3791806,3
3791814,3
3791831,3
3791839,3
3791856,3
3791864,3
3791881,3
3791889,3
3791898,3
3791906,3
3791914,3
3791923,3
3791931,3
3791940,3
3791956,3
3791964,3
3791981,3
3791989,3
3792006,3
3792014,3
3792031,3
3792039,3
3792048,3
3792056,2
3792064,2
3792081,3
3792089,3
3792106,3
3792114,3
3792131,3
3792139,3
3792164,3
3792181,3
3792189,3
3792206,3
3792214,3
3792231,3
3792239,3
3792256,3
3792264,3
3792281,3
3792289,3
3792306,3
3792314,3
3792331,3
3792339,3
3792364,3
3792381,3
3792389,3
3792406,3
3792414,3
3792431,3
3792439,3
3792464,3
3792481,3
3792489,3
3792498,3
3792506,3
3792514,3
3792531,3
3792539,3
3792548,3
3792556,3
3792564,3
3792581,3
3792589,3
3792606,3
3792614,3
3792639,3
3792656,3
3792664,3
3792681,3
3792689,3
3792706,3
3792714,3
3792739,3
3792764,3
3792781,3
3792789,3
3792806,3
3792814,2
3792831,2
3792839,2
3792856,2
3792864,2
3792881,2
3792889,3
3792906,3
3792914,3
3792939,3
3792956,3
3792964,3
3792981,3
3792989,3
3793014,3
3793031,3
3793039,3
3793064,3
3793081,3
3793089,3
3793106,3
3793114,3
3793139,3
3793189,3
3793206,3
3793214,3
3793231,3
3793239,3
3793256,3
3793264,3
3793281,3
3793289,3
3793306,3
3793314,3
3793331,3
3793339,3
3793356,3
3793364,2
3793381,2
3793389,1
3793406,1
3793414,1
3793431,1
3793439,1
3793456,3
3793464,3
3793481,2
3793489,2
3793506,2
3793514,2
3793539,2
3793556,2
3793581,2
3793589,2
3793606,2
3793614,2
3793639,2
3793656,2
3793664,2
3793681,2
3793689,2
3793706,2
3793714,2
3793731,2
3793739,2
3793764,2
3793789,2
3793814,2
3793839,2
3793864,2
3793889,2
3793914,2
3793939,2
3793964,2
3793989,2
3794014,6
3794039,6
3794056,6
3794064,6
3794089,6
3794114,6
3794139,6
3794164,6
3794189,6
3794214,6
3794239,6
3794264,6
3794289,6
3794314,6
3794339,6
3794364,6
3794389,6
3794414,6
3794439,6
3794464,6
3794489,6
3794514,6
3794539,6
3794564,2
3794589,2
3794614,3
3794639,3
3794664,3
3794689,3
3794714,3
3794739,3
3795089,4
3795844,4
3795852,4
3795869,5
3795944,5
3795969,5
3796019,5
3796077,6
3796102,6
3796119,6
3796127,6
3796202,6
3796219,6
3796227,1
3796244,1
3796269,1
3796277,1
3796302,1
3796319,5
3796327,5
3796344,5
3796352,5
3796369,5
3796377,5
3796394,5
3796402,5
3796419,5
3796444,5
3796452,5
3796469,5
3796477,5
3796494,5
3796502,5
3796519,5
3796527,5
3796544,5
3796552,5
3796569,5
3796577,5
3796594,5
3796602,5
3796619,1
3796627,1
3796644,1
3796652,1
3796677,1
3796694,1
3796702,1
3796719,1
3796727,1
3796752,1
3796769,1
3796777,1
3796794,1
3796802,6
3796819,6
3796827,6
3796844,6
3796852,6
3796869,6
3796957,6
3796965,6
3796982,6
3796990,6
3797007,6
3797015,6
3797032,6
3797040,6
3797057,6
3797065,6
3797082,6
3797090,6
3797107,6
3797115,6
3797132,6
3797140,6
3797157,6
3797165,6
3797182,6
3797190,6
3797207,6
3797215,6
3797240,6
3797265,6
3797290,6
3797307,6
3797315,6
3797332,6
3797340,6
3797357,6
3797365,6
3797382,2
3797390,2
3797415,2
3797432,2
3797440,2
3797465,2
3797482,2
3797490,2
3797507,2
3797515,6
3797540,6
3797565,6
3797582,6
3797590,6
3797607,6
3797615,6
3797632,6
3797665,6
3797682,6
3797690,6
3797707,6
3797715,6
3797740,6
3797782,6
3797790,6
3797807,6
3797815,6
3797832,6
3797840,6
3797865,6
3797882,5
3797890,5
3797915,5
3797932,5
3797940,5
3799099,3
3799107,3
3799132,3
3799157,3
3799182,3
3799207,3
3799232,3
3799257,3
3799282,3
3799307,3
3799332,3
3799382,3
3799407,3
3799432,3
3799457,3
3799482,3
3799507,3
3799557,3
3799582,3
3799607,3
3799632,3
3799657,3
3799682,3
3799707,3
3799732,3
3799782,3
3799807,3
3799857,3
3799882,3
3799907,3
3799932,3
3799957,3
3799982,3
3800007,3
3800032,3
3800057,3
3800082,3
3800107,3
3800132,3
3800262,3
3800270,3
3800287,3
3800295,3
3800312,3
3800320,3
3800337,3
3800345,3
3800362,3
3800370,3
3800387,3
3800395,3
3800420,3
3800437,3
3800445,3
3800462,3
3800470,3
3800487,3
3800495,3
3800645,6
3800662,6
3800670,6
3800695,6
3800712,6
3800720,6
3800737,6
3800770,6
3800795,6
3800812,6
3800820,6
3800845,6
3800870,6
3800895,6
3800912,6
3800920,6
3800937,6
3800945,6
3800970,6
3800995,6
3801012,6
3801020,6
3801037,6
3801045,6
3801062,6
3801087,6
3801103,6
3801112,6
3801120,6
3801137,6
3801145,6
3801170,6
3801178,6
3801195,6
3801203,6
3801220,6
3801308,6
3801316,6
3801333,6
3801341,6
3801358,6
3801366,6
3801374,1
3801383,1
3801408,1
3801424,1
3801449,1
3801458,1
3801466,1
3801483,1
3801508,1
3801516,1
3801533,2
3801633,2
3801658,2
3801666,2
3801683,1
3801691,1
3801708,1
3801716,1
3801733,1
3801741,1
3801758,1
3801766,1
3801783,1
3801791,1
3801808,1
3801816,1
3801833,1
3801858,1
3801866,1
3801874,1
3801883,1
3801891,1
3801908,1
3801916,1
3801933,1
3801941,1
3801949,1
3801958,1
3801966,1
3801974,1
3801983,1
3801991,1
3802008,1
3802016,5
3802033,5
3802041,5
3802058,5
3802066,5
3802083,5
3802091,5
3802108,5
3802116,5
3802133,5
3802141,5
3802158,5
3802166,5
3802183,5
3802191,5
3802208,5
3802216,5
3802233,5
3802241,5
3802249,5
3802258,5
3802266,5
3802283,5
3802291,5
3802308,5
3802316,6
3802333,6
3802526,6
3802534,6
3802559,6
3802567,6
3802576,6
3802584,6
3802601,6
3802609,6
3802626,6
3802634,6
3802651,6
3802659,6
3802684,6
3802709,6
3802717,6
3802734,6
3802759,6
3802809,6
3802817,6
3802842,6
3802859,5
3802909,5
3802934,5
3802959,5
3802984,5
3803009,5
3803026,5
3803034,5
3803051,5
3803076,5
3803084,5
3803101,5
3803126,5
3803134,5
3803151,5
3803184,5
3803209,5
3803234,1
3803251,1
3803276,1
3803284,1
3803301,1
3803309,1
3803334,1
3803351,1
3803376,1
3803384,1
3803401,1
3803409,1
3803434,1
3803476,1
3803484,1
3803501,1
3803509,1
3803597,1
3803622,1
3803630,1
3803638,1
3803655,1
3803672,1
3803680,1
3803697,1
3803705,6
3803722,6
3803730,6
3803747,6
3803755,6
3803772,6
3803780,6
3803797,6
3803805,6
3803822,6
3803830,6
3803838,1
3803847,1
3803855,1
3803872,1
3803880,1
3803888,1
3803897,1
3803905,1
3803913,1
3803922,1
3803930,1
3803938,1
3803947,1
3803955,1
3803972,1
3803997,6
3804005,6
3804030,6
3804038,6
3804080,1
3804088,1
3804105,1
3804113,1
3804130,1
3804147,1
3804155,1
3804163,1
3804172,1
3804188,1
3804197,1
3804213,6
3804221,6
3804230,6
3804247,6
3804255,6
3804272,6
3804280,6
3804288,6
3804297,6
3804313,6
3804322,6
3804330,6
3804347,6
3804355,1
3804363,1
3804372,1
3804380,1
3804388,1
3804405,1
3804413,1
3804430,6
3804438,6
3804455,6
3804463,6
3804480,6
3804488,1
3804505,1
3804530,1
3804538,1
3804546,1
3804555,1
3804563,1
3804580,1
3804588,1
3804685,4
3804693,4
3804702,3
3804710,3
3804718,3
3804727,3
3804743,3
3804760,3
3804785,3
3804810,3
3804818,3
3804835,3
3804860,3
3804868,3
3804910,3
3804918,3
3804935,3
3804943,3
3804960,3
3804985,3
3804993,3
3805010,3
3805018,3
3805035,3
3805043,3
3805052,3
3805060,3
3805077,3
3805085,3
3805102,3
3805110,3
3805127,3
3805135,3
3805143,3
3805152,3
3805160,3
3805168,3
3805177,3
3805185,3
3805210,3
3805218,3
3805235,3
3805243,3
3805260,3
3805268,3
3805277,3
3805301,3
3805310,3
3805318,3
3805327,3
3805335,3
3805343,3
3805360,3
3805368,3
3805385,3
3805410,3
3805443,3
3805451,3
3805468,3
3805477,3
3805485,3
3805510,3
3805518,3
3805526,3
3805535,3
3805543,3
3805560,3
3805585,3
3805618,3
3805643,4
3805651,4
3805660,4
3805748,4
3805756,4
3806828,6
3806836,6
3806853,6
3806861,6
3806877,6
3806886,6
3806903,6
3806911,6
3806928,6
3806936,6
3806952,6
3806961,6
3806977,6
3806986,6
3807002,6
3807011,6
3807027,6
3807036,6
3807061,6
3807086,6
3807111,6
3807127,6
3807136,6
3807161,6
3807202,6
3807211,6
3807227,6
3807252,6
3807261,6
3807277,6
3807302,6
3807311,6
3807327,6
3807336,6
3807352,6
3807361,6
3807377,6
3807386,6
3807402,6
3807411,6
3807436,6
3807477,6
3807486,6
3807502,6
3807511,6
3807536,6
3807577,6
3807586,6
3807602,6
3807611,6
3807627,6
3807636,6
3807644,6
3807652,6
3807661,6
3807702,6
3807711,1
3807727,1
3807736,1
3807752,1
3807761,1
3807777,1
3807786,1
3807802,1
3807811,1
3807899,1
3807923,1
3807932,1
3807948,1
3807957,1
3807974,1
3807982,1
3807998,1
3808007,1
3808023,1
3808032,1
3808074,1
3808082,1
3808098,1
3808107,1
3808124,1
3808132,1
3808148,1
3808157,1
3808173,1
3808182,1
3808198,1
3808207,1
3808223,1
3808232,1
3808248,1
3808257,1
3808273,1
3808282,1
3808298,1
3808307,1
3808323,1
3808340,1
3808348,1
3808373,1
3808390,1
3808415,1
3808423,1
3808432,1
3808448,1
3808457,1
3808473,1
3808482,1
3808490,1
3808498,1
3808507,1
3808523,1
3808532,1
3808540,1
3808548,1
3808557,1
3808573,1
3808582,1
3808598,1
3808615,1
3808623,1
3808632,6
3808640,6
3808648,6
3808657,6
3808673,6
3808682,6
3808698,6
3808707,6
3808715,6
3808732,6
3808740,6
3808748,1
3808757,1
3808782,1
3808790,1
3808807,1
3808815,2
3808832,2
3808848,2
3808857,2
3808882,2
3808978,3
3808986,3
3809003,3
3809011,2
3809028,2
3809053,2
3809103,2
3809128,2
3809186,2
3809203,2
3809212,2
3809228,2
3809253,2
3809278,2
3809303,2
3809328,2
3809353,2
3809378,2
3809428,2
3810674,6
3810874,6
3810899,6
3810924,6
3810949,6
3813021,4
3813146,4
3813421,4
3813546,2
3813571,2
3813646,2
3813671,2
3813842,3
3813892,3
3813917,3
3813942,3
3813992,3
3814017,3
3814042,3
3814117,2
3814217,2
3814242,2
3814267,2
3814317,4
3814342,4
3814392,4
3814442,4
3814467,4
3814691,6
3814741,6
3815088,2
3815113,2
3815163,2
3815188,2
3815213,2
3815263,2
3815288,2
3815313,2
3823280,4
3823355,4
3824777,4
3824927,4
3826573,4
3826606,4
3826631,4
