1115149,4
1115157,1
1115174,1
1115182,1
1115199,1
1115207,1
1115224,1
1115233,1
1115249,1
1115274,1
1115299,1
1115307,1
1115324,1
1115349,1
1115374,2
1115399,2
1115407,2
1115424,2
1115432,2
1115449,2
1115458,2
1115474,2
1115499,2
1115507,2
1115524,2
1115533,2
1115549,2
1115557,2
1115574,2
1115599,2
1115607,2
1115624,2
1115632,2
1115649,2
1115657,2
1115674,2
1115682,4
1115699,4
1115707,4
1115724,4
1115732,4
1115749,4
1115758,4
1115774,4
1115782,4
1115799,4
1115807,4
1115824,4
1115832,4
1115849,4
1115857,4
1115874,4
1115882,4
1115899,4
1115907,4
1115932,4
1115949,4
1115982,4
1116007,4
1116049,4
1116057,4
1116107,4
1116132,4
1116157,4
1116174,4
1116182,4
1116199,4
1116207,4
1116224,4
1116232,4
1116249,4
1116257,4
1116274,4
1116282,4
1116299,4
1116307,4
1116324,4
1116333,4
1116349,4
1116357,4
1116374,4
1116382,4
1116399,4
1116407,4
1116607,2
1116624,2
1116632,2
1116649,2
1116657,2
1116674,2
1116682,2
1116699,2
1116724,2
1116732,2
1116757,2
1116774,2
1116782,2
1116799,2
1116807,2
1116824,2
1116832,2
1116849,2
1116858,2
1116874,2
1116882,2
1116899,2
1116907,2
1117132,4
1117149,4
1117157,4
1117174,4
1117182,4
1117199,4
1117207,4
1117224,4
1117232,4
1117249,4
1117257,4
1117274,4
1117282,4
1117299,4
1117307,4
1117324,4
1117332,4
1117357,4
1117374,4
1117574,1
1117582,1
1117624,1
1117699,1
1117724,1
1117749,1
1118453,4
1118478,4
1118678,4
1118753,4
1118778,4
1118878,4
1119278,4
1119286,4
1119303,4
1119353,4
1119361,4
1119378,4
1119386,4
1119403,4
1119411,4
1119428,4
1119436,4
1119453,4
1119462,4
1119478,4
1119503,4
1119528,4
1119553,4
1119578,4
1119603,4
1119628,4
1119653,4
1119678,4
1119703,4
1119761,4
1119778,4
1119786,4
1119803,4
1119811,4
1119828,4
1119836,4
1119853,4
1121052,4
1121068,4
1121076,4
1121093,4
1121118,4
1121127,4
1121143,4
1121151,4
1121168,4
1121176,4
1121193,4
1121453,4
1121461,4
1121477,4
1121485,4
1121502,4
1121510,4
1121527,4
1121536,4
1121552,4
1121577,4
1121585,4
1121602,4
1121610,4
1121627,4
1121635,4
1121652,4
1121660,4
1121677,4
1121685,4
1121702,4
1121727,4
1121735,4
1121760,4
1121777,4
1121785,4
1121802,4
1121810,4
1121827,4
1121835,4
1121852,4
1121860,4
1121877,4
1121885,4
1121902,4
1121910,4
1121927,4
1121936,4
1121952,4
1121960,4
1121977,4
1121985,4
1122002,4
1122010,4
1122027,4
1122035,4
1122052,4
1122060,4
1122077,4
1122085,4
1122102,4
1122110,4
1122127,4
1122135,4
1122152,4
1122160,4
1122177,4
1122185,4
1122202,4
1122210,4
1122402,5
1122410,5
1122427,5
1122435,5
1122452,5
1122460,5
1122485,5
1122502,5
1122510,5
1122527,5
1122535,5
1122552,5
1122577,5
1122585,5
1122602,5
1122610,5
1122627,5
1122635,5
1122660,5
1122685,5
1122702,5
1122710,5
1122727,5
1122735,5
1122760,5
1122785,5
1122802,5
1122810,5
1122827,5
1123260,5
1123277,5
1123285,5
1123302,5
1123310,5
1123327,5
1123335,5
1123360,5
1123377,5
1123385,5
1123402,5
1123410,5
1123427,5
1123435,5
1123460,5
1123477,5
1123485,5
1123502,5
1123510,5
1123527,5
1123535,5
1123560,5
1123585,5
1123660,5
1123685,5
1123710,5
1123735,5
1123785,5
1123810,5
1123861,5
1123885,5
1123910,5
1123985,5
1124010,5
1124035,5
1124060,5
1124085,5
1124102,5
1124110,5
1124127,5
1124152,5
1124160,5
1124177,5
1124185,5
1124210,5
1124235,5
1124260,5
1124285,5
1124302,5
1124310,5
1124327,5
1124335,5
1124352,5
1124360,5
1124377,5
1124385,5
1124402,5
1124410,5
1124427,5
1124460,5
1124477,5
1124485,5
1124502,5
1124510,5
1124527,5
1124535,0
1124560,0
1124577,0
1124685,5
1124702,5
1124710,5
1124727,5
1124735,5
1124752,5
1124760,5
1124777,5
1124785,5
1124802,5
1124810,5
1124827,5
1124835,5
1124860,5
1124877,5
1124885,5
1124902,5
1124910,5
1124927,5
1124952,5
1124960,5
1124977,5
1124985,5
1125002,5
1125027,5
1125035,5
1125052,5
1125077,5
1125085,5
1125102,5
1125110,5
1125127,5
1125135,5
1125152,5
1125160,5
1125177,5
1125202,5
1125210,5
1125252,5
1125260,5
1125277,5
1125285,5
1125302,5
1125310,5
1125327,5
1125335,0
1125352,0
1125360,0
1125377,5
1125385,5
1125402,5
1125410,5
1125427,5
1125435,5
1125460,5
1125477,5
1125485,5
1125502,5
1125510,5
1125527,5
1125535,0
1125560,0
1125585,0
1125602,0
1125610,0
1125635,0
1125677,0
1125685,0
1125727,0
1125752,4
1125802,4
1125852,4
1125877,5
1125902,5
1125927,5
1125952,4
1126002,4
1126127,4
1126352,4
1126360,4
1126385,4
1126410,4
1126427,4
1126435,6
1126460,6
1126476,6
1126485,6
1126510,6
1126527,4
1126535,4
1126552,4
1126560,6
1126585,6
1126610,6
1126635,6
1126660,6
1126685,6
1126701,4
1126710,6
1126735,6
1126760,6
1126785,6
1126810,6
1126835,6
1126860,6
1126876,2
1126885,2
1126901,2
1126910,2
1126926,2
1126935,4
1126951,4
1126960,6
1126985,6
1127010,6
1127026,4
1127035,4
1127051,4
1127060,6
1127085,6
1127110,6
1127126,4
1127135,4
1127151,4
1127160,4
1127176,4
1127185,6
1127210,6
1127235,6
1127251,4
1127260,6
1127285,6
1127310,6
1127326,4
1127335,4
1127351,4
1127401,4
1127410,4
1127435,4
1127451,4
1127460,4
1127485,4
1127501,4
1127510,4
1127535,4
1127551,4
1127560,4
1127576,4
1127585,4
1127610,4
1127635,4
1127651,4
1127660,4
1127676,4
1127685,4
1127701,4
1127710,4
1127735,4
1127751,4
1127760,4
1127785,4
1127801,4
1127810,6
1127827,6
1127835,0
1127852,0
1127860,0
1127876,0
1127885,0
1127901,1
1127910,1
1127935,1
1127951,4
1127960,2
1127976,2
1127985,2
1128001,2
1128010,2
1128026,1
1128035,1
1128051,4
1128060,1
1128085,1
1128101,1
1128110,1
1128135,4
1128151,4
1128160,1
1128176,1
1128185,1
1128210,2
1128227,2
1128235,2
1128426,3
1128435,3
1128451,2
1128460,2
1128485,2
1128510,2
1128535,2
1128551,2
1128560,2
1128610,2
1128626,2
1128635,2
1128651,4
1128660,2
1128685,2
1128710,2
1128726,2
1128735,2
1128751,2
1128760,2
1128785,2
1128810,2
1128835,2
1128851,2
1128860,2
1128885,2
1128910,2
1128926,2
1128935,2
1128952,2
1128960,2
1128985,2
1129001,2
1129010,2
1129026,2
1129035,2
1129051,4
1129060,2
1129085,2
1129110,2
1129135,2
1129151,4
1129160,3
1129185,3
1129210,2
1129235,2
1129260,2
1129276,2
1129285,2
1129326,2
1129335,2
1129360,2
1129385,2
1129460,2
1129476,2
1129510,2
1129626,4
1129685,2
1129710,2
1129735,2
1129760,2
1129785,2
1129801,2
1129810,2
1129826,2
1129860,2
1129885,2
1129926,2
1129935,2
1129960,2
1129976,2
1129985,2
1130001,2
1130010,2
1130026,2
1130060,2
1130076,2
1130084,2
1130126,2
1130135,2
1130160,2
1130176,2
1130185,2
1130235,2
1130251,4
1130260,4
1130276,5
1130284,0
1130301,0
1130310,0
1130335,0
1130359,0
1130376,0
1130401,0
1130409,0
1130434,0
1130460,0
1130476,0
1130501,0
1130509,0
1130534,0
1130584,0
1130601,0
1130609,0
1130659,5
1130701,5
1130726,4
1130734,4
1130751,4
1130759,5
1130784,5
1130801,5
1130809,5
1130826,4
1130834,4
1130851,4
1130859,5
1130884,0
1130901,0
1130909,0
1130934,0
1130959,0
1130976,0
1131001,0
1131009,0
1131034,0
1131059,0
1131076,0
1131084,0
1131109,0
1131135,0
1131159,0
1131176,0
1131184,0
1131209,0
1131234,0
1131259,0
1131276,5
1131301,5
1131309,5
1131326,4
1131334,4
1131351,4
1131359,5
1131384,5
1131401,5
1131409,5
1131426,4
1131434,4
1131451,4
1131459,2
1131476,2
1131484,2
1131509,2
1131526,4
1131534,4
1131551,4
1131559,2
1131576,2
1131584,2
1131601,2
1131609,2
1131635,2
1131659,3
1131684,3
1131701,3
1131709,3
1131734,3
1131759,3
1131784,3
1131809,3
1131826,4
1131834,2
1131859,2
1131884,2
1131901,2
1131909,2
1131935,2
1131959,2
1131976,2
1131984,2
1132001,2
1132009,2
1132026,4
1132060,4
1132076,4
1132084,4
1132101,4
1132126,4
1132134,5
1132159,5
1132176,5
1132184,5
1132201,5
1132226,4
1132234,5
1132259,5
1132276,5
1132309,5
1132334,5
1132360,5
1132376,5
1132384,5
1132409,5
1132434,5
1132459,5
1132476,5
1132484,4
1132501,5
1132509,5
1132534,5
1132559,4
1132576,6
1132585,6
1132601,6
1132609,6
1132634,6
1132684,4
1132701,6
1132709,6
1132735,6
1132751,4
1132759,4
1132776,5
1132801,5
1132809,5
1132826,4
1132834,4
1132851,4
1132859,5
1132876,5
1132884,5
1132901,5
1132909,5
1132926,4
1132934,4
1132951,4
1132959,5
1132976,5
1132984,5
1133009,5
1133026,4
1133034,4
1133051,4
1133059,5
1133076,5
1133084,4
1133101,5
1133109,5
1133126,4
1133134,5
1133159,5
1133176,5
1133184,5
1133201,5
1133209,5
1133226,4
1133234,4
1133251,4
1133259,5
1133284,5
1133301,5
1133309,5
1133326,4
1133334,4
1133351,4
1133359,1
1133376,1
1133384,1
1133401,1
1133409,1
1133426,4
1133434,4
1133451,4
1133476,5
1133484,5
1133501,5
1133509,5
1133526,4
1133534,4
1133551,4
1133559,1
1133576,1
1133584,4
1133601,4
1133626,4
1133634,4
1133651,4
1133659,1
1133676,1
1133684,1
1133709,1
1133734,1
1133751,4
1133759,4
1133776,4
1133784,4
1133801,1
1133809,1
1133826,4
1133834,4
1133851,4
1133859,5
1133876,5
1133884,5
1133909,5
1133926,5
1133934,5
1133951,4
1133959,4
1133984,4
1134009,4
1134026,4
1134034,4
1134051,4
1134059,4
1134084,6
1134101,6
1134134,6
1134159,4
1134176,6
1134184,6
1134259,4
1134284,2
1134426,2
1134434,2
1134809,1
1134834,1
1134909,1
1135034,1
1135109,1
1135134,1
1135159,3
1135176,3
1135201,3
1135209,3
1135226,3
1135234,3
1135251,3
1135276,3
1135301,3
1135309,3
1135326,3
1135334,3
1135351,3
1135401,2
1135531,2
1135539,2
1135555,2
1135564,2
1135580,2
1135589,2
1135605,2
1135614,2
1135630,2
1135639,2
1135664,2
1135680,2
1135689,2
1135705,2
1135714,2
1135731,2
1135755,2
1135780,2
1135805,2
1135830,2
1135839,2
1135856,2
1135880,2
1135905,2
1135914,2
1135930,2
1135939,2
1135947,2
1135972,2
1135980,2
1135997,2
1136005,2
1136014,2
1136022,2
1136031,2
1136039,2
1136064,2
1136080,2
1136089,2
1136097,2
1136105,2
1136114,2
1136131,2
1136139,2
1136155,2
1136164,2
1136180,2
1136189,2
1136205,2
1136214,2
1136230,2
1136239,2
1136264,2
1136272,2
1136280,2
1136289,3
1136305,3
1136314,2
1136330,2
1136339,2
1136355,2
1136364,2
1136380,2
1136389,2
1136405,2
1136414,2
1136431,2
1136439,2
1136455,2
1136464,2
1136480,2
1136489,2
1136505,2
1136514,2
1136602,2
1136610,2
1136626,2
1136635,2
1136652,2
1136660,2
1136676,2
1136685,2
1136701,2
1136710,2
1136726,2
1136735,2
1136751,2
1136760,2
1136776,2
1136785,2
1136801,2
1136810,2
1136826,2
1136835,2
1136860,2
1136876,2
1136885,2
1136901,2
1136910,2
1136926,2
1136935,2
1136943,2
1136960,2
1136985,2
1137001,2
1137060,2
1137085,2
1137110,2
1137135,2
1137160,2
1137176,2
1137185,2
1137202,2
1137235,2
1137260,2
1137535,2
1137560,2
1137576,2
1137585,2
1137601,2
1137610,2
1137707,2
1137715,2
1137731,2
1137740,2
1137756,2
1137765,2
1137781,2
1137790,2
1137806,2
1137815,2
1137831,2
1137840,2
1137857,2
1137881,2
1137890,2
1137906,2
1137915,2
1137931,2
1137940,2
1137956,2
1137965,2
1137973,2
1137981,2
1137990,2
1138006,2
1138015,2
1138031,2
1138040,2
1138056,2
1138065,2
1138081,2
1138090,2
1138106,2
1138115,2
1138131,2
1138140,2
1138156,2
1138165,2
1138181,2
1138190,2
1138206,2
1138215,2
1138231,2
1138240,2
1138265,2
1138281,2
1138290,2
1138306,2
1138315,2
1138340,2
1138356,4
1138365,4
1138381,6
1138390,6
1138415,6
1138440,6
1138465,6
1138490,4
1138515,6
1138565,6
1138590,6
1138615,6
1138756,1
1138765,1
1138781,1
1138790,1
1138815,0
1138840,0
1138856,4
1138865,4
1138890,4
1138965,0
1138981,0
1138990,0
1139015,0
1139040,0
1139065,0
1139090,4
1139115,5
1139131,5
1139140,5
1139156,4
1139165,4
1139215,5
1139231,5
1139240,5
1139256,4
1139265,4
1139290,4
1139315,4
1139340,4
1139356,4
1139365,5
1139390,5
1139415,5
1139440,5
1139456,4
1139465,5
1139490,5
1139515,5
1139531,5
1139540,5
1139565,6
1139581,6
1139590,4
1139606,6
1139615,6
1139631,6
1139640,6
1139656,4
1139665,6
1139690,6
1139715,6
1139731,4
1139740,4
1139756,4
1139765,6
1139781,6
1139790,6
1139831,6
1139840,6
1139856,4
1139890,6
1139915,6
1139940,6
1139965,6
1139990,6
1140015,6
1140040,6
1140065,6
1140081,6
1140090,6
1140106,6
1140115,0
1140139,0
1140165,0
1140181,0
1140190,0
1140206,0
1140215,0
1140240,0
1140265,0
1140281,0
1140290,0
1140306,0
1140315,6
1140340,6
1140365,6
1140390,4
1140406,6
1140431,6
1140440,6
1140465,6
1140481,6
1140489,6
1140506,6
1140515,6
1140531,6
1140539,6
1140565,6
1140590,6
1140615,6
1140640,6
1140665,6
1140690,6
1140714,6
1140739,6
1140765,6
1140789,6
1140814,6
1140831,0
1140839,0
1140864,0
1140881,0
1140890,0
1140906,0
1140914,0
1140939,0
1140956,0
1140964,0
1140981,0
1140989,0
1141006,0
1141014,0
1141031,4
1141040,0
1141064,0
1141081,0
1141089,0
1141106,0
1141114,0
1141131,0
1141139,0
1141156,0
1141164,0
1141181,0
1141189,0
1141206,0
1141214,0
1141231,0
1141239,0
1141264,0
1141281,0
1141289,0
1141306,0
1141314,0
1141331,4
1141339,4
1141356,4
1141364,5
1141389,5
1141414,5
1141431,4
1141439,4
1141456,4
1141464,5
1141489,5
1141514,5
1141539,5
1141556,4
1141564,6
1141589,6
1141614,6
1141631,4
1141639,6
1141664,6
1141689,6
1141714,6
1141739,6
1141764,6
1141789,4
1141814,6
1141839,6
1141890,4
1141923,4
1141939,4
1141956,4
1141965,4
1141989,4
1142156,6
1142181,6
1142189,6
1142214,6
1142239,6
1142264,4
1142289,6
1142314,6
1142339,6
1142365,6
1142389,4
1142414,6
1142439,6
1142456,4
1142464,4
1142489,4
1142539,6
1142564,6
1142589,6
1142606,6
1142614,6
1142656,6
1142664,6
1142689,6
1142714,6
1142739,6
1142764,6
1142789,6
1142814,6
1142839,6
1142856,4
1142864,0
1142881,0
1142889,0
1142914,0
1142939,0
1142964,0
1142989,0
1143014,0
1143039,0
1143064,0
1143089,0
1143139,4
1143256,6
1143281,6
1143289,6
1143331,4
1143339,4
1143356,4
1143364,6
1143389,6
1143406,6
1143414,6
1143439,6
1143456,4
1143464,4
1143490,4
1143514,6
1143539,6
1143564,6
1143589,6
1143614,6
1143639,6
1143656,4
1143664,4
1143689,4
1143714,4
1143931,4
1143964,6
1143981,6
1143989,6
1144031,4
1144039,6
1144064,6
1144089,6
1144114,6
1144131,4
1144139,4
1144156,4
1144164,6
1144189,6
1144214,6
1144231,4
1144239,4
1144264,4
1144289,6
1144314,6
1144339,6
1144356,4
1144364,6
1144389,6
1144414,6
1144431,4
1144439,6
1144464,6
1144481,6
1144489,6
1144514,6
1144539,6
1144564,6
1144589,6
1144614,6
1144631,6
1144664,4
1144806,6
1144814,6
1144839,6
1144856,6
1144864,6
1144889,6
1144914,6
1144931,4
1144939,4
1144956,4
1144964,4
1144989,4
1145014,4
1145031,4
1145039,6
1145064,6
1145089,6
1145114,6
1145131,4
1145139,6
1145164,6
1145189,6
1145214,6
1145231,6
1145239,2
1145256,3
1145264,3
1145281,3
1145289,3
1145306,3
1145314,3
1145331,3
1145339,3
1145356,3
1145364,3
1145381,3
1145389,3
1145406,3
1145414,3
1145431,3
1145439,3
1145456,3
1145464,3
1145481,3
1145489,3
1145506,3
1145514,3
1145531,3
1145564,3
1145581,3
1145589,3
1145606,3
1145614,3
1145631,4
1145639,4
1145664,4
1145672,4
1145681,2
1145689,2
1145706,2
1145714,2
1145731,2
1145739,2
1145747,2
1145764,2
1145772,2
1145781,2
1145789,2
1145806,2
1145814,2
1145831,3
1145839,3
1145856,3
1145864,3
1145881,3
1145889,3
1145906,3
1145914,3
1145931,3
1145939,3
1145964,3
1145981,3
1145989,3
1146006,3
1146014,3
1146031,4
1146039,3
1146214,3
1146231,3
1146256,3
1146264,3
1146281,3
1146306,3
1146314,3
1146331,3
1146339,3
1146356,3
1146364,3
1146372,3
1146381,3
1146389,3
1146406,3
1146414,3
1146431,3
1146439,4
1146447,4
1146456,4
1146464,4
1146472,4
1146481,4
1146489,4
1146506,4
1146514,4
1146522,4
1146531,4
1146539,4
1146556,4
1146564,4
1146581,4
1146589,4
1146606,4
1146614,4
1146622,4
1146631,3
1146639,3
1146656,3
1146664,3
1146681,3
1146689,3
1146706,3
1146714,3
1146731,3
1146739,3
1146756,3
1146764,3
1146781,3
1146806,3
1146814,3
1146831,3
1146839,3
1146864,3
1146881,3
1146889,3
1146906,3
1146914,3
1146931,3
1146939,3
1146956,3
1146964,3
1146981,3
1146989,3
1147006,3
1147014,3
1147031,3
1147039,3
1147048,3
1147056,3
1147064,3
1147072,3
1147081,3
1147089,3
1147106,3
1147114,3
1147131,3
1147147,3
1147156,3
1147164,3
1147172,3
1147181,3
1147189,3
1147206,3
1147214,3
1147231,3
1147239,3
1147264,3
1147289,3
1147314,3
1147356,3
1147364,3
1147381,3
1147389,3
1147581,3
1147589,3
1147606,3
1147614,3
1147631,3
1147639,3
1147647,3
1147656,3
1147664,3
1147672,3
1147681,3
1147689,3
1147706,3
1147714,3
1147731,3
1147739,3
1147747,3
1147756,3
1147764,3
1147772,3
1147781,3
1147789,3
1147806,3
1147814,3
1147831,3
1147839,3
1147856,3
1147864,3
1147872,3
1147881,3
1147889,3
1147905,3
1147914,3
1147930,3
1147947,3
1147956,3
1147972,3
1147981,3
1148006,3
1148014,3
1148031,3
1148039,3
1148047,3
1148056,3
1148064,3
1148072,3
1148080,3
1148089,3
1148106,3
1148114,3
1148130,3
1148139,3
1148147,3
1148156,3
1148164,3
1148172,3
1148180,3
1148189,3
1148205,3
1148214,3
1148230,3
1148239,3
1148255,3
1148264,3
1148281,3
1148289,3
1148630,3
1148655,3
1148672,3
1148681,3
1148705,3
1148714,3
1148730,3
1148739,3
1148755,3
1148789,3
1148814,3
1148831,3
1148839,3
1148855,3
1148864,3
1148872,3
1148880,3
1148889,3
1148905,3
1148914,3
1148931,3
1148939,3
1148947,3
1148955,3
1148964,3
1148980,3
1148989,3
1149005,3
1149014,3
1149030,3
1149039,3
1149055,3
1149064,3
1149080,3
1149089,3
1149105,3
1149114,3
1149130,3
1149139,3
1149155,3
1149181,3
1149189,3
1149205,3
1149214,3
1149405,4
1149430,4
1149439,4
1149464,4
1149489,4
1149530,4
1149539,4
1149555,4
1149564,4
1149581,4
1149605,4
1149630,4
1149639,4
1149655,4
1149664,4
1149689,4
1149705,3
1149714,3
1149731,3
1149739,3
1149755,3
1149764,3
1149780,3
1149789,3
1149805,3
1149814,3
1149830,3
1149839,3
1149855,2
1149864,2
1149880,2
1149889,2
1149905,2
1149914,2
1149930,2
1149939,2
1149955,2
1149964,2
1149981,2
1149989,2
1150005,2
1150014,2
1150039,2
1150064,2
1150080,2
1150089,2
1150105,2
1150114,2
1150139,2
1150164,2
1150189,2
1150205,2
1150214,2
1150239,2
1150264,2
1150281,2
1150289,2
1150305,2
1150314,2
1150330,2
1150339,2
1150355,2
1150364,2
1150380,2
1150405,1
1150414,1
1150439,1
1150480,1
1150489,1
1150505,1
1150514,1
1150530,1
1150539,1
1150555,1
1150564,1
1150580,1
1150589,1
1150605,1
1150614,1
1150680,5
1150705,5
1150714,5
1150739,5
1150764,5
1150780,5
1150805,5
1150839,5
1150856,5
1150880,5
1150905,5
1150914,5
1150930,1
1150939,1
1150955,1
1150964,1
1151005,1
1151014,1
1151039,1
1151064,1
1151080,1
1151089,1
1151114,1
1151139,1
1151155,4
1151164,5
1151180,5
1151189,5
1151205,5
1151214,5
1151230,4
1151239,4
1151255,4
1151264,5
1151280,5
1151289,5
1151305,5
1151314,5
1151330,5
1151339,5
1151355,4
1151364,5
1151380,5
1151389,5
1151405,5
1151414,5
1151430,4
1151439,5
1151464,5
1151489,5
1151605,4
1151639,4
1151655,4
1151664,4
1151680,5
1151689,5
1151705,5
1151714,5
1151730,4
1151739,5
1151764,5
1151788,5
1151830,4
1151839,5
1151863,5
1151880,5
1151888,5
1151913,5
1151930,4
1151939,1
1151963,1
1151988,1
1152014,1
1152030,4
1152038,1
1152063,1
1152080,1
1152088,1
1152105,1
1152113,1
1152130,4
1152138,1
1152164,1
1152188,1
1152213,1
1152230,4
1152238,1
1152255,1
1152263,1
1152288,1
1152305,1
1152313,1
1152330,4
1152338,1
1152355,1
1152363,1
1152413,1
1152430,1
1152438,1
1152455,1
1152480,1
1152488,1
1152630,2
1152638,2
1152655,5
1152663,5
1152688,5
1152713,5
1152730,4
1152738,4
1152763,4
1152855,4
1152864,4
1152905,4
1152938,4
1152955,4
1152963,4
1153013,5
1153038,5
1153063,5
1153088,5
1153113,5
1153138,5
1153163,5
1153188,5
1153213,5
1153238,5
1153263,5
1153288,5
1153313,5
1153338,5
1153363,5
1153388,5
1153413,5
1153430,4
1153438,4
1153455,4
1153463,4
1153488,5
1153514,5
1153530,4
1153538,4
1153563,4
1153588,5
1153613,5
1153630,4
1153638,5
1153663,5
1153688,5
1153713,5
1153730,4
1153738,4
1153755,0
1153763,0
1153780,0
1153788,0
1153805,0
1153813,0
1153838,0
1153855,0
1153863,0
1153880,0
1153888,0
1153913,0
1153930,4
1153938,4
1153955,4
1153963,4
1153980,4
1153988,6
1154013,6
1154038,6
1154063,4
1154088,5
1154113,5
1154163,5
1154213,5
1154238,5
1154263,4
1154288,4
1154330,4
1154338,5
1154363,5
1154388,5
1154413,5
1154438,5
1154463,4
1154488,6
1154513,6
1154538,6
1154563,6
1154588,6
1154814,2
1154830,1
1154838,1
1154863,5
1154888,5
1154913,5
1154930,4
1154938,5
1154955,5
1154963,5
1154980,5
1154988,5
1155013,5
1155030,4
1155038,4
1155063,4
1155080,4
1155088,4
1155105,4
1155113,4
1155130,4
1155138,6
1155163,6
1155188,2
1155205,2
1155213,3
1155230,3
1155238,3
1155255,3
1155263,3
1155280,3
1155288,3
1155305,3
1155313,3
1155330,3
1155355,3
1155363,3
1155380,3
1155388,3
1155405,3
1155413,3
1155422,3
1155430,3
1155438,3
1155455,3
1155463,3
1155480,3
1155488,3
1155505,3
1155513,3
1155530,3
1155538,3
1155555,3
1155563,3
1155580,3
1155588,3
1155605,3
1155613,3
1155621,3
1155630,3
1155638,3
1155655,3
1155671,3
1155680,3
1155688,3
1155705,3
1155730,3
1155738,3
1155746,3
1155755,3
1155771,3
1155780,3
1155788,3
1155805,3
1155830,3
1155838,3
1155855,3
1155871,3
1155880,3
1155888,3
1155905,3
1155913,3
1155930,3
1155938,3
1155947,3
1155955,3
1155963,3
1155980,3
1155988,3
1156005,3
1156013,3
1156030,3
1156038,3
1156046,3
1156055,3
1156063,3
1156071,3
1156080,3
1156088,3
1156105,3
1156113,3
1156121,3
1156130,3
1156138,3
1156146,3
1156155,3
1156163,3
1156171,3
1156180,3
1156188,3
1156205,3
1156213,3
1156221,3
1156230,3
1156238,3
1156247,3
1156255,3
1156263,3
1156271,3
1156280,3
1156288,3
1156305,3
1156313,3
1156321,3
1156330,3
1156338,3
1156363,3
1156388,1
1156405,1
1156413,1
1156430,4
1156438,5
1156455,5
1156463,5
1156480,5
1156488,5
1156513,5
1156530,4
1156538,5
1156555,5
1156563,5
1156580,5
1156588,5
1156605,5
1156613,5
1156630,4
1156638,1
1156655,1
1156663,1
1156680,1
1156688,1
1156705,1
1156730,4
1156738,1
1156755,1
1156763,1
1156788,1
1156805,1
1156813,1
1156830,4
1156838,1
1156863,1
1156888,1
1156913,1
1156930,4
1156938,1
1156955,1
1156963,4
1156980,4
1156988,4
1157005,4
1157013,6
1157038,6
1157055,6
1157063,6
1157080,6
1157088,6
1157105,6
1157113,6
1157130,4
1157138,6
1157155,6
1157163,6
1157180,6
1157188,6
1157205,6
1157213,6
1157230,4
1157238,5
1157263,5
1157280,5
1157288,5
1157305,4
1157313,4
1157330,4
1157338,5
1157363,5
1157380,5
1157388,5
1157413,5
1157430,4
1157438,5
1157455,5
1157463,5
1157488,5
1157505,5
1157513,5
1157530,4
1157538,5
1157563,5
1157580,5
1157588,5
1157605,4
1157613,4
1157630,4
1157638,5
1157663,5
1157680,5
1157688,5
1157705,5
1157713,1
1157863,3
1157880,3
1157888,3
1157905,3
1157913,3
1157921,3
1157930,3
1157938,3
1157946,3
1157955,3
1157963,3
1157980,3
1157988,3
1158005,3
1158013,3
1158021,3
1158030,3
1158038,3
1158055,3
1158063,3
1158071,3
1158080,3
1158088,3
1158096,3
1158105,3
1158113,3
1158121,3
1158130,3
1158138,3
1158146,3
1158155,3
1158163,3
1158171,3
1158180,3
1158188,3
1158196,3
1158205,3
1158213,3
1158221,3
1158230,3
1158238,3
1158246,3
1158255,3
1158263,3
1158271,3
1158280,3
1158288,3
1158296,3
1158305,3
1158313,3
1158321,3
1158330,3
1158346,3
1158355,3
1158363,3
1158371,3
1158380,3
1158388,3
1158396,3
1158405,3
1158413,3
1158421,3
1158430,3
1158438,3
1158446,3
1158455,3
1158471,3
1158480,3
1158488,3
1158496,3
1158505,3
1158513,3
1158530,3
1158546,3
1158555,3
1158563,3
1158571,3
1158580,3
1158588,3
1158605,3
1158613,3
1158621,3
1158630,3
1158638,3
1158646,3
1158655,3
1158663,3
1158680,3
1158688,3
1158705,3
1158721,3
1158730,3
1158738,3
1158746,3
1158755,3
1158763,3
1158771,3
1158780,3
1158788,3
1158805,3
1158813,3
1158821,3
1158830,3
1158838,3
1158846,3
1158855,3
1158863,4
1158880,4
1158888,4
1159155,4
1159163,4
1159180,4
1159188,4
1159205,4
1159213,4
1159221,4
1159229,4
1159238,4
1159246,4
1159254,4
1159263,4
1159271,4
1159279,4
1159288,4
1159296,4
1159304,4
1159313,4
1159321,4
1159329,4
1159338,4
1159346,4
1159354,4
1159363,3
1159371,3
1159379,3
1159388,3
1159404,3
1159413,3
1159421,3
1159429,3
1159438,3
1159446,3
1159454,3
1159463,3
1159479,3
1159488,3
1159496,3
1159504,3
1159513,3
1159521,3
1159529,3
1159538,3
1159546,3
1159554,3
1159563,3
1159571,3
1159580,3
1159588,3
1159604,3
1159613,3
1159621,3
1159629,3
1159638,3
1159646,3
1159654,3
1159663,3
1159671,3
1159679,3
1159688,3
1159696,3
1159704,3
1159713,3
1159721,3
1159729,3
1159738,3
1159746,3
1159754,3
1159763,3
1159771,3
1159779,3
1159788,3
1159796,3
1159804,3
1159821,3
1159829,3
1159846,3
1159854,4
1159871,4
1159879,4
1159888,4
1159904,4
1159913,4
1159921,4
1159929,4
1159938,4
1159954,4
1159963,4
1159979,4
1159988,4
1160004,4
1160013,4
1160021,4
1160029,4
1160038,4
1160046,4
1160054,4
1160063,4
1160079,4
1160088,4
1160104,4
1160121,4
1160129,4
1160138,4
1160146,4
1160154,4
1160179,3
1160188,3
1160204,3
1160213,3
1160221,3
1160229,3
1160238,3
1160254,3
1160263,3
1160279,3
1160288,3
1160304,3
1160313,3
1160321,3
1160329,3
1160346,3
1160354,3
1160363,3
1160379,3
1160388,3
1160404,3
1160413,3
1160429,3
1160438,3
1160446,3
1160454,3
1160463,3
1160479,3
1160488,3
1160504,3
1160513,3
1160521,3
1160529,3
1160538,3
1160554,3
1160563,3
1160579,3
1160588,3
1160604,3
1160613,3
1160621,3
1160629,3
1160638,3
1160646,3
1160654,3
1160663,3
1160913,2
1160938,6
1160963,6
1161004,4
1161013,4
1161029,4
1161038,5
1161054,5
1161063,4
1161088,4
1161104,4
1161113,4
1161129,4
1161138,5
1161154,5
1161163,4
1161188,4
1161204,4
1161213,4
1161229,4
1161238,1
1161254,1
1161263,1
1161288,1
1161304,4
1161313,1
1161338,1
1161354,1
1161363,1
1161379,1
1161388,1
1161413,1
1161429,4
1161438,1
1161454,1
1161463,1
1161480,1
1161488,1
1161504,4
1161513,4
1161529,4
1161538,1
1161554,1
1161563,1
1161580,1
1161588,1
1161604,4
1161613,4
1161629,4
1161638,5
1161654,5
1161663,5
1161679,5
1161688,5
1161704,4
1161713,4
1161729,4
1161738,5
1161754,5
1161763,5
1161779,5
1161788,5
1161804,4
1161813,4
1161829,4
1161838,5
1161854,5
1161863,5
1161879,5
1161888,5
1161904,4
1161913,4
1161929,4
1161938,5
1161954,5
1161963,5
1161979,5
1161988,5
1162004,4
1162013,4
1162029,4
1162038,4
1162063,5
1162088,5
1162104,4
1162113,4
1162129,4
1162138,4
1162163,4
1162188,4
1162204,4
1162213,4
1162229,4
1162238,4
1162263,4
1162288,4
1162304,4
1162313,1
1162329,1
1162338,2
1162513,2
1162538,6
1162554,6
1162563,4
1162604,4
1162613,4
1162629,4
1162637,6
1162654,6
1162663,6
1162679,6
1162713,6
1162737,6
1162763,4
1162779,4
1162788,6
1162812,6
1162829,4
1162838,6
1162854,6
1162863,6
1162879,6
1162887,6
1162904,4
1162912,6
1162938,6
1162954,6
1162963,6
1162979,6
1162988,6
1163004,4
1163013,4
1163029,4
1163037,4
1163054,4
1163062,4
1163087,6
1163113,6
1163138,4
1163162,4
1163187,6
1163212,6
1163237,4
1163263,4
1163287,6
1163312,6
1163337,6
1163362,6
1163387,6
1163404,4
1163412,4
1163438,4
1163462,4
1163487,6
1163513,6
1163537,4
1163562,4
1163588,4
1163604,4
1163612,4
1163637,4
1163662,4
1163679,4
1163687,6
1163712,6
1163737,6
1163762,4
1163788,6
1163812,6
1163837,4
1163854,4
1163862,4
1163879,4
1163888,6
1163912,6
1163937,4
1163962,4
1163979,4
1163988,6
1164013,6
1164037,4
1164063,4
1164088,6
1164112,6
1164137,4
1164162,4
1164179,4
1164188,6
1164212,6
1164237,4
1164254,4
1164262,4
1164288,6
1164313,6
1164337,4
1164362,6
1164387,6
1164413,6
1164437,6
1164463,6
1164512,6
1164537,4
1164546,4
1164562,4
1164587,4
1164612,6
1164637,6
1164662,6
1164688,6
1164713,6
1164737,6
1164762,1
1164779,1
1164787,1
1164804,4
1164812,4
1164829,4
1164837,1
1164854,1
1164862,1
1164879,1
1164887,1
1164904,4
1164912,4
1164929,4
1164937,1
1164954,1
1164962,1
1164987,1
1165004,4
1165012,4
1165029,4
1165037,6
1165054,6
1165062,6
1165087,6
1165104,4
1165113,4
1165137,4
1165162,4
1165187,5
1165212,5
1165229,4
1165237,4
1165262,4
1165287,4
1165304,4
1165312,4
1165337,4
1165362,4
1165379,4
1165387,4
1165404,4
1165412,4
1165429,4
1165437,4
1165454,4
1165479,4
1165487,0
1165512,0
1165529,0
1165537,0
1165554,0
1165562,0
1165587,0
1165612,0
1165629,0
1165637,0
1165654,0
1165662,0
1165679,0
1165687,0
1165712,0
1165737,0
1165754,0
1165762,4
1165787,6
1165812,6
1165837,4
1165854,4
1165862,4
1165879,4
1165887,6
1165912,6
1165937,6
1165962,4
1165987,4
1166004,4
1166012,4
1166062,4
1166079,4
1166154,6
1166162,6
1166179,6
1166187,6
1166212,6
1166229,4
1166237,4
1166262,4
1166287,6
1166313,6
1166329,4
1166337,6
1166362,6
1166387,6
1166412,6
1166437,4
1166462,4
1166487,6
1166512,6
1166537,4
1166554,4
1166562,4
1166579,4
1166587,3
1166604,3
1166612,3
1166629,3
1166637,3
1166654,3
1166662,3
1166679,3
1166687,3
1166704,3
1166712,3
1166729,3
1166737,3
1166754,3
1166762,3
1166779,3
1166787,3
1166804,3
1166813,3
1166829,3
1166837,3
1166854,3
1166862,3
1166879,3
1166887,3
1166904,3
1166912,3
1166929,3
1166937,3
1166954,3
1166962,3
1166979,3
1166987,3
1167004,3
1167012,3
1167029,3
1167054,3
1167062,3
1167079,3
1167088,3
1167104,3
1167112,3
1167362,3
1167379,3
1167387,3
1167404,3
1167412,3
1167429,3
1167437,3
1167454,3
1167462,4
1167487,4
1167504,4
1167512,4
1167529,4
1167537,5
1167562,5
1167587,5
1167604,4
1167612,4
1167629,4
1167637,5
1167662,5
1167687,5
1167704,4
1167712,4
1167729,4
1167737,5
1167762,5
1167787,5
1167804,4
1167812,5
1167837,5
1167854,5
1167862,5
1167887,5
1167912,5
1167937,4
1167954,4
1167962,4
1167987,5
1168012,5
1168037,4
1168062,5
1168087,5
1168112,5
1168129,4
1168137,6
1168287,6
1168312,6
1168329,6
1168337,6
1168362,6
1168387,6
1168404,4
1168412,6
1168437,6
1168462,6
1168487,6
1168512,6
1168537,6
1168562,6
1168587,6
1168612,2
1168629,2
1168637,3
1168654,3
1168679,3
1168687,3
1168704,3
1168712,3
1168729,3
1168737,3
1168754,3
1168762,3
1168779,3
1168787,3
1168795,3
1168804,3
1168812,3
1168820,3
1168829,3
1168837,3
1168845,3
1168854,3
1168862,3
1168870,3
1168879,3
1168887,3
1168895,3
1168904,3
1168912,3
1168920,3
1168929,3
1168945,3
1168954,3
1168962,3
1168970,3
1168979,3
1168995,3
1169004,3
1169012,3
1169020,3
1169029,3
1169037,3
1169045,3
1169054,3
1169062,3
1169070,3
1169079,3
1169087,3
1169095,3
1169104,3
1169112,3
1169120,3
1169129,3
1169137,3
1169145,3
1169154,3
1169162,3
1169170,3
1169179,3
1169187,3
1169195,3
1169204,3
1169220,3
1169229,3
1169237,3
1169245,3
1169254,3
1169262,3
1169279,3
1169287,3
1169304,3
1169312,3
1169320,3
1169329,3
1169337,3
1169345,3
1169354,3
1169362,3
1169370,3
1169379,3
1169387,3
1169404,3
1169412,3
1169420,3
1169429,3
1169437,3
1169445,3
1169454,3
1169462,3
1169479,3
1169487,3
1169504,3
1169512,3
1169520,3
1169529,3
1169554,3
1169562,3
1169579,3
1169587,3
1169595,3
1169604,3
1169612,3
1169620,3
1169629,3
1169637,3
1169654,3
1169662,3
1169679,3
1169687,3
1169704,3
1169712,3
1169720,3
1169729,3
1169737,3
1169745,3
1169754,3
1169762,3
1169779,3
1169787,3
1169812,3
1169820,3
1169837,4
1169862,4
1169870,4
1169879,3
1169887,3
1169904,3
1169912,3
1169929,3
1169937,3
1169954,3
1169962,4
1169987,5
1170012,5
1170037,4
1170053,4
1170062,5
1170087,5
1170104,4
1170112,5
1170137,5
1170154,5
1170162,5
1170179,6
1170312,6
1170329,6
1170337,6
1170354,6
1170387,6
1170412,6
1170437,4
1170462,5
1170487,5
1170512,5
1170537,4
1170562,5
1170587,5
1170612,5
1170637,5
1170662,5
1170687,5
1170703,4
1170712,4
1170737,4
1170762,5
1170787,5
1170812,5
1170837,5
1170862,5
1170887,5
1170912,6
1170937,6
1170962,6
1170987,6
1171012,6
1171037,6
1171062,6
1171087,6
1171112,6
1171137,6
1171162,6
1171178,6
1171187,6
1171212,6
1171237,6
1171262,6
1171287,6
1171312,6
1171353,4
1171478,6
1171487,6
1171512,6
1171537,6
1171562,6
1171587,3
1171595,3
1171603,3
1171612,3
1171620,3
1171628,3
1171637,3
1171645,3
1171653,3
1171662,3
1171670,3
1171678,3
1171687,3
1171695,3
1171703,3
1171712,3
1171720,3
1171728,3
1171737,3
1171745,3
1171753,3
1171762,3
1171770,3
1171778,3
1171787,3
1171795,3
1171803,3
1171812,3
1171820,3
1171828,3
1171837,3
1171845,3
1171853,3
1171862,3
1171870,3
1171878,3
1171887,3
1171895,3
1171903,3
1171912,3
1171920,3
1171928,3
1171937,3
1171945,3
1171954,3
1171962,3
1171970,3
1171978,3
1171987,3
1171995,3
1172003,3
1172012,3
1172020,3
1172028,3
1172037,3
1172045,3
1172053,3
1172062,3
1172070,3
1172078,3
1172087,3
1172095,3
1172103,3
1172112,3
1172120,3
1172128,3
1172137,3
1172145,3
1172153,3
1172162,3
1172170,3
1172178,3
1172187,3
1172195,3
1172203,3
1172212,3
1172220,3
1172228,3
1172237,3
1172245,3
1172253,3
1172262,3
1172270,3
1172278,3
1172287,3
1172295,3
1172303,3
1172312,3
1172320,3
1172328,3
1172337,3
1172345,3
1172353,3
1172362,3
1172370,3
1172378,3
1172387,3
1172395,3
1172403,3
1172412,3
1172420,3
1172428,3
1172437,3
1172445,3
1172453,3
1172462,3
1172470,3
1172478,3
1172487,3
1172495,3
1172503,3
1172512,3
1172520,3
1172528,3
1172537,3
1172545,3
1172553,3
1172562,3
1172570,3
1172578,3
1172587,3
1172595,3
1172603,3
1172612,3
1172620,3
1172628,3
1172637,3
1172645,3
1172653,3
1172662,3
1172670,3
1172678,3
1172687,3
1172695,3
1172703,3
1172712,3
1172720,3
1172728,3
1172737,3
1172745,3
1172753,3
1172762,3
1172770,3
1172778,3
1172787,3
1172795,3
1172803,3
1172812,3
1172820,3
1172828,3
1172837,3
1172845,3
1172853,3
1172862,3
1172870,3
1172878,3
1172887,3
1172895,3
1172903,3
1172912,3
1172920,3
1172928,3
1172937,3
1172945,3
1172953,3
1172962,3
1172970,3
1172978,3
1172987,3
1172995,3
1173003,3
1173012,3
1173020,3
1173028,3
1173037,3
1173045,3
1173053,3
1173062,3
1173070,3
1173078,3
1173087,3
1173095,3
1173103,3
1173112,3
1173120,3
1173128,3
1173137,3
1173145,3
1173153,3
1173162,3
1173170,3
1173178,3
1173187,3
1173195,3
1173203,1
1173212,1
1173220,1
1173228,1
1173237,1
1173245,1
1173253,1
1173262,1
1173270,1
1173278,1
1173287,1
1173295,1
1173303,1
1173312,1
1173320,1
1173328,1
1173337,1
1173345,1
1173353,1
1173378,1
1173387,1
1173395,1
1173403,1
1173412,1
1173420,1
1173428,1
1173437,1
1173445,1
1173462,1
1173478,1
1173487,1
1173495,1
1173503,1
1173512,1
1173520,5
1173537,5
1173545,5
1173562,1
1173578,1
1173587,1
1173603,1
1173612,1
1173637,4
1173662,4
1173678,1
1173686,1
1173712,1
1173812,1
1173837,1
1174012,1
1174028,5
1174053,5
1174062,5
1174078,5
1174087,5
1174103,5
1174111,5
1174128,5
1174137,5
1174153,5
1174162,5
1174178,5
1174187,5
1174203,5
1174212,5
1174220,5
1174228,5
1174236,4
1174245,6
1174253,6
1174261,6
1174270,6
1174278,6
1174286,6
1174295,6
1174303,6
1174311,6
1174320,6
1174328,6
1174336,6
1174345,6
1174353,6
1174361,6
1174370,6
1174378,6
1174387,6
1174395,6
1174403,6
1174411,4
1174428,6
1174436,6
1174445,6
1174453,6
1174461,6
1174470,6
1174478,6
1174486,6
1174495,6
1174503,6
1174511,4
1174528,6
1174536,6
1174545,6
1174553,6
1174561,6
1174570,6
1174578,6
1174586,6
1174595,6
1174603,6
1174611,4
1174628,6
1174636,6
1174645,6
1174653,6
1174661,6
1174670,6
1174678,6
1174686,6
1174695,6
1174886,6
1174911,2
1174920,2
1174928,2
1174936,2
1174953,2
1174961,6
1174970,6
1175228,6
1175236,6
1175245,6
1175253,6
1175261,6
1175270,6
1175278,6
1175286,6
1175295,6
1175303,6
1175311,4
1175328,6
1175336,6
1175345,6
1175353,6
1175361,6
1175370,6
1175378,6
1175386,6
1175395,2
1175403,2
1175411,2
1175420,2
1175428,2
1175436,2
1175445,2
1175453,2
1175461,2
1175470,2
1175478,2
1175486,2
1175495,2
1175503,2
1175511,2
1175528,2
1175536,2
1175545,2
1175553,2
1175561,2
1175570,2
1175578,2
1175587,2
1175595,2
1175853,6
1175861,6
1175870,6
1175878,6
1175886,6
1175895,6
1175903,6
1175911,6
1175920,6
1175928,6
1175936,6
1175945,6
1175953,6
1175961,6
1175970,6
1175978,6
1175987,6
1175995,6
1176003,6
1176012,6
1176020,6
1176028,6
1176036,6
1176045,6
1176053,6
1176061,6
1176070,6
1176078,6
1176086,6
1176095,6
1176103,6
1176111,6
1176120,6
1176128,6
1176136,6
1176145,6
1176153,6
1176161,6
1176170,6
1176178,6
1176186,6
1176195,6
1176203,6
1176211,4
1176228,6
1176236,6
1176245,6
1176253,6
1176261,6
1176270,6
1176278,6
1176286,6
1176295,6
1176303,6
1176311,6
1176320,6
1176328,6
1176336,6
1176345,1
1176353,1
1176361,1
1176370,1
1176378,1
1176387,1
1176395,1
1176403,1
1176411,1
1176420,1
1176428,1
1176436,1
1176445,1
1176453,1
1176461,1
1176470,1
1176478,1
1176486,1
1176495,1
1176503,1
1176511,1
1176520,1
1176528,1
1176536,1
1176545,1
1176553,1
1176561,1
1176570,1
1176578,1
1176586,2
1176595,2
1176603,2
1176611,2
1176620,2
1176628,2
1176636,2
1176645,2
1176653,2
1176661,2
1176670,2
1176678,2
1176687,2
1176695,2
1176703,2
1176711,2
1176728,2
1176736,1
1176745,1
1176753,1
1176761,1
1176770,1
1176778,1
1176787,1
1176795,1
1176803,1
1176811,4
1176828,1
1176836,1
1176845,1
1176853,1
1176861,1
1176870,1
1176878,1
1176886,1
1176895,1
1176903,1
1176911,4
1176928,5
1176936,5
1176945,5
1176953,5
1176961,5
1176970,5
1176978,5
1176986,5
1176995,5
1177003,1
1177011,1
1177020,1
1177028,1
1177036,1
1177045,1
1177053,1
1177061,1
1177070,1
1177078,1
1177086,1
1177095,1
1177103,1
1177111,1
1177120,1
1177128,1
1177136,1
1177145,2
1177153,2
1177161,2
1177170,2
1177178,2
1177186,2
1177195,2
1177203,2
1177211,2
1177228,2
1177236,2
1177245,2
1177486,6
1177495,6
1177503,6
1177511,6
1177520,6
1177528,6
1177536,6
1177545,6
1177553,5
1177561,5
1177570,5
1177578,5
1177586,5
1177595,5
1177603,5
1177611,4
1177628,1
1177636,1
1177645,1
1177653,1
1177661,1
1177670,1
1177678,1
1177686,1
1177695,1
1177703,1
1177712,1
1177720,1
1177728,5
1177736,5
1177745,5
1177753,5
1177761,5
1177770,5
1177778,5
1177786,5
1177795,5
1177803,5
1177811,4
1177828,5
1177836,0
1177845,0
1177853,0
1177861,0
1177870,0
1177878,0
1177886,0
1177895,0
1177903,0
1177911,0
1177928,0
1177936,0
1177945,0
1177953,0
1177961,0
1177969,0
1177978,0
1177986,0
1177994,0
1178003,0
1178011,0
1178028,0
1178036,0
1178044,0
1178053,0
1178061,0
1178069,0
1178078,0
1178086,5
1178094,5
1178103,5
1178111,4
1178128,5
1178136,5
1178144,5
1178153,5
1178161,5
1178169,5
1178178,1
1178186,1
1178194,1
1178203,1
1178211,4
1178228,5
1178236,5
1178244,5
1178253,5
1178261,5
1178269,5
1178278,5
1178287,5
1178294,5
1178303,5
1178311,4
1178328,1
1178336,1
1178344,1
1178353,1
1178361,1
1178369,1
1178378,1
1178386,1
1178394,6
1178403,6
1178411,4
1178428,6
1178436,6
1178444,6
1178453,6
1178461,6
1178469,6
1178478,6
1178486,6
1178494,6
1178503,6
1178511,4
1178528,6
1178536,6
1178544,6
1178553,6
1178561,6
1178569,6
1178578,6
1178586,6
1178594,6
1178603,6
1178611,4
1178628,6
1178811,6
1178836,6
1178844,6
1178853,6
1178861,6
1178869,6
1178878,6
1178886,6
1178894,6
1178911,4
1178928,6
1178936,6
1178944,6
1178961,6
1178969,6
1178978,6
1178986,6
1178994,6
1179003,6
1179011,4
1179028,6
1179036,6
1179044,6
1179053,6
1179061,6
1179069,6
1179078,4
1179086,6
1179094,6
1179103,6
1179111,4
1179128,6
1179136,6
1179144,6
1179153,6
1179161,6
1179169,6
1179178,6
1179186,6
1179194,6
1179203,6
1179211,4
1179228,6
1179236,6
1179244,6
1179253,6
1179261,6
1179269,6
1179278,6
1179286,6
1179294,6
1179303,6
1179311,4
1179328,6
1179336,6
1179344,6
1179353,6
1179361,6
1179369,6
1179378,6
1179386,6
1179394,6
1179403,6
1179411,6
1179419,6
1179428,6
1179436,6
1179444,6
1179453,6
1179461,6
1179469,6
1179478,6
1179486,6
1179494,6
1179503,6
1179511,4
1179528,6
1179536,6
1179544,6
1179553,6
1179561,6
1179569,6
1179578,6
1179586,6
1179594,6
1179603,6
1179611,4
1179628,6
1179636,6
1179645,6
1179653,6
1179661,6
1179669,6
1179678,6
1179686,6
1179694,6
1179703,6
1179711,4
1179728,6
1179736,6
1179744,6
1179753,6
1179761,6
1179769,6
1179778,6
1179786,6
1179794,6
1179803,6
1179811,4
1179828,6
1179836,6
1179844,6
1179853,6
1179861,6
1179869,6
1179878,6
1179886,6
1179894,6
1179903,6
1179911,4
1179928,6
1179936,6
1179944,6
1179953,6
1179961,6
1179969,6
1179978,6
1179986,6
1179994,6
1180003,6
1180011,4
1180028,6
1180036,6
1180044,6
1180053,6
1180061,6
1180069,6
1180078,6
1180086,6
1180094,6
1180103,6
1180111,4
1180128,6
1180136,6
1180144,6
1180153,6
1180161,6
1180169,6
1180178,6
1180186,6
1180194,6
1180211,6
1180219,6
1180228,6
1180236,6
1180244,6
1180253,6
1180261,6
1180269,6
1180278,6
1180286,6
1180294,6
1180453,6
1180461,6
1180469,6
1180486,6
1180494,6
1180503,6
1180511,6
1180519,6
1180528,6
1180536,6
1180544,6
1180553,6
1180561,6
1180569,6
1180578,6
1180586,6
1180594,6
1180603,6
1180611,4
1180628,6
1180636,6
1180644,6
1180653,6
1180661,6
1180669,6
1180678,6
1180686,6
1180694,6
1180703,6
1180711,4
1180728,6
1180736,6
1180744,6
1180753,6
1180761,6
1180769,6
1180778,6
1180786,6
1180794,2
1180803,2
1180811,2
1180819,3
1180828,3
1180836,3
1180844,3
1180853,3
1180861,3
1180869,3
1180878,3
1180886,3
1180894,3
1180903,3
1180911,3
1180919,3
1180928,3
1180936,3
1180944,3
1180953,3
1180961,3
1180969,3
1180978,3
1180986,3
1180994,3
1181011,3
1181019,3
1181028,3
1181036,3
1181044,3
1181053,3
1181061,3
1181069,3
1181078,3
1181086,3
1181094,3
1181103,3
1181111,3
1181119,3
1181128,3
1181136,3
1181144,3
1181153,3
1181161,3
1181169,3
1181178,3
1181186,3
1181194,3
1181203,3
1181211,3
1181219,3
1181228,3
1181236,3
1181244,3
1181253,3
1181261,3
1181269,3
1181278,3
1181286,3
1181294,3
1181303,3
1181311,3
1181319,3
1181328,3
1181336,3
1181344,3
1181353,3
1181361,3
1181369,3
1181378,3
1181386,3
1181394,3
1181403,3
1181411,3
1181419,3
1181428,3
1181436,3
1181444,3
1181453,3
1181461,3
1181469,3
1181478,3
1181486,3
1181494,3
1181503,3
1181511,3
1181519,3
1181528,3
1181536,3
1181544,3
1181553,3
1181561,3
1181569,3
1181578,3
1181586,3
1181594,3
1181603,3
1181611,3
1181619,3
1181628,3
1181636,3
1181644,3
1181653,3
1181661,3
1181669,3
1181678,3
1181686,3
1181694,3
1181703,3
1181711,3
1181719,3
1181728,3
1181736,3
1181744,3
1181753,3
1181761,3
1181769,3
1181778,3
1181786,3
1181794,3
1181803,3
1181811,3
1181819,3
1181828,3
1181836,3
1181844,3
1181853,3
1181861,3
1181869,3
1181878,3
1181886,3
1181894,3
1181902,3
1181911,3
1181919,3
1181928,3
1181936,3
1181944,3
1181953,3
1181961,3
1181969,3
1181978,3
1181986,3
1181994,3
1182002,3
1182011,3
1182019,3
1182028,3
1182036,3
1182044,3
1182052,3
1182061,3
1182069,3
1182078,3
1182086,3
1182094,3
1182102,3
1182111,3
1182119,3
1182128,3
1182136,3
1182144,3
1182436,3
1182444,3
1182461,3
1182469,3
1182486,3
1182494,3
1182511,3
1182519,3
1182536,3
1182544,3
1182561,3
1182569,3
1182586,3
1182594,3
1182602,3
1182611,3
1182619,3
1182627,3
1182636,3
1182644,3
1182652,3
1182661,3
1182669,3
1182677,4
1182686,4
1182694,4
1182702,4
1182711,4
1182719,4
1182727,4
1182736,4
1182744,4
1182752,4
1182761,4
1182769,4
1182777,4
1182786,4
1182794,4
1182802,4
1182811,4
1182819,4
1182827,4
1182836,4
1182844,4
1182852,4
1182861,4
1182869,4
1182877,3
1182886,3
1182894,3
1182902,3
1182911,3
1182919,3
1182927,3
1182936,3
1182944,3
1182952,4
1182961,4
1182969,4
1182977,4
1182986,4
1182994,4
1183002,4
1183011,4
1183019,4
1183036,4
1183044,4
1183052,4
1183061,4
1183069,4
1183077,4
1183086,4
1183094,2
1183102,2
1183111,2
1183119,2
1183127,2
1183136,2
1183144,2
1183153,2
1183161,2
1183169,2
1183177,2
1183186,2
1183194,2
1183202,2
1183211,2
1183227,2
1183236,2
1183244,2
1183252,2
1183261,2
1183269,2
1183277,2
1183286,2
1183294,2
1183302,2
1183311,2
1183327,2
1183336,2
1183344,2
1183353,2
1183361,2
1183369,2
1183377,2
1183386,2
1183394,2
1183411,2
1183427,2
1183436,2
1183444,2
1183461,2
1183469,2
1183477,2
1183486,2
1183494,2
1183502,2
1183511,2
1183527,2
1183536,2
1183544,3
1183552,3
1183561,3
1183569,3
1183577,3
1183586,3
1183594,3
1183602,3
1183611,3
1183619,3
1183627,3
1183636,3
1183644,3
1183652,3
1183661,3
1183669,3
1183677,3
1183686,3
1183694,3
1183702,3
1183711,3
1183719,3
1183727,3
1183736,3
1183744,3
1183752,3
1183761,3
1183769,3
1183777,3
1183786,3
1183794,3
1183802,3
1183811,3
1183819,3
1183827,3
1183836,3
1183844,3
1183852,3
1183861,3
1183869,3
1183877,3
1183886,3
1183894,3
1183902,3
1183911,3
1183919,3
1183927,3
1183936,3
1183944,3
1183952,3
1183961,3
1183969,3
1183977,3
1183986,3
1183994,3
1184002,3
1184011,3
1184019,3
1184027,3
1184036,3
1184044,3
1184052,3
1184061,3
1184069,3
1184077,3
1184086,3
1184094,3
1184102,3
1184111,3
1184119,3
1184127,3
1184136,3
1184144,3
1184152,3
1184161,3
1184169,3
1184177,3
1184186,3
1184194,3
1184202,3
1184211,3
1184219,3
1184228,3
1184236,3
1184244,3
1184253,3
1184261,3
1184269,3
1184277,3
1184286,3
1184294,3
1184302,3
1184311,3
1184319,3
1184327,3
1184336,3
1184344,3
1184352,3
1184361,3
1184369,3
1184377,3
1184386,3
1184394,3
1184402,3
1184411,3
1184419,3
1184427,3
1184436,3
1184444,3
1184452,3
1184461,3
1184469,3
1184477,3
1184486,3
1184494,3
1184502,3
1184511,3
1184519,3
1184527,3
1184536,3
1184544,3
1184552,3
1184561,3
1184569,3
1184577,3
1184586,3
1184594,3
1184602,3
1184611,3
1184619,3
1184627,3
1184636,3
1184644,3
1184652,3
1184661,3
1184669,3
1184677,3
1184686,3
1184694,3
1184702,3
1184711,4
1184719,4
1184727,4
1184736,4
1184744,4
1184752,4
1184761,4
1184769,4
1184777,4
1184786,4
1184794,4
1184802,4
1184811,4
1184819,4
1184827,4
1184836,4
1184844,4
1184852,4
1184861,4
1184869,4
1184877,4
1184886,4
1184894,4
