3680303,6
3680312,6
3680320,6
3680329,6
3680337,6
3680345,6
3680353,4
3680362,4
3680370,4
3680378,4
3680387,4
3680395,4
3680412,4
3680420,4
3680429,4
3680437,4
3680454,6
3680462,6
3680470,6
3680478,6
3680487,4
3680495,4
3680503,6
3680512,6
3680520,6
3680528,6
3680545,4
3680570,4
3680578,4
3680595,4
3680620,6
3680637,6
3680645,6
3680662,6
3680670,6
3680678,6
3680687,6
3680695,6
3680703,6
3680712,6
3680737,6
3680745,6
3680762,6
3680770,6
3680778,6
3680795,6
3680803,6
3680812,6
3680828,6
3680837,6
3680845,6
3680853,6
3680862,4
3680870,6
3680895,6
3680920,6
3680928,6
3680937,6
3680945,6
3680953,6
3680962,6
3680970,6
3680978,6
3680987,0
3681003,0
3681020,0
3681029,0
3681037,0
3681228,0
3681245,0
3681270,0
3681278,0
3681303,0
3681312,0
3681320,0
3681328,5
3681337,5
3681345,5
3681353,5
3681362,5
3681370,5
3681378,0
3681387,0
3681395,0
3681403,5
3681412,5
3681420,5
3681428,5
3681437,5
3681445,5
3681453,5
3681462,5
3681470,5
3681478,5
3681487,5
3681495,5
3681503,5
3681512,5
3681520,5
3681529,5
3681537,5
3681545,5
3681553,0
3681562,0
3681570,0
3681578,0
3681587,0
3681595,0
3681603,0
3681612,0
3681620,0
3681628,0
3681637,0
3681645,0
3681653,5
3681662,5
3681670,5
3681678,5
3681687,5
3681695,5
3681703,5
3681712,5
3681720,5
3681728,5
3681737,5
3681745,5
3681753,5
3681762,5
3681770,5
3681778,5
3681787,5
3681795,5
3681803,5
3681812,5
3681820,5
3681828,5
3681837,5
3681845,5
3681853,5
3681862,5
3681870,5
3681878,5
3681887,5
3681895,5
3681903,5
3681912,5
3681920,5
3681928,5
3681937,5
3681945,5
3681953,5
3681962,5
3681970,5
3681978,5
3681987,5
3681995,5
3682003,5
3682012,5
3682020,5
3682028,5
3682037,5
3682045,5
3682053,5
3682062,5
3682070,5
3682078,5
3682087,5
3682095,5
3682103,5
3682112,5
3682120,5
3682128,5
3682137,5
3682145,5
3682153,5
3682162,5
3682170,5
3682178,5
3682187,5
3682195,5
3682203,5
3682212,5
3682220,5
3682228,5
3682237,5
3682245,5
3682253,5
3682262,5
3682270,5
3682278,5
3682287,5
3682295,5
3682303,5
3682312,5
3682320,5
3682328,5
3682337,5
3682345,5
3682353,5
3682362,5
3682370,5
3682378,5
3682387,5
3682395,5
3682403,5
3682412,5
3682420,5
3682428,5
3682437,5
3682445,5
3682453,5
3682462,5
3682470,5
3682478,5
3682487,5
3682495,5
3682503,5
3682512,5
3682520,5
3682528,5
3682537,5
3682545,5
3682553,5
3682562,5
3682570,5
3682578,5
3682587,5
3682595,5
3682603,5
3682612,5
3682620,1
3682629,1
3682637,1
3682645,1
3682653,1
3682661,1
3682670,1
3682678,1
3682687,4
3682695,1
3682703,1
3682712,1
3682720,1
3682728,1
3682737,1
3682745,1
3682753,5
3682762,5
3682770,5
3682778,0
3682787,0
3682795,0
3682803,5
3682812,5
3682820,5
3682828,5
3682837,5
3682845,5
3682853,1
3682862,1
3682870,1
3682878,1
3682887,1
3682895,1
3682903,1
3682912,5
3682920,5
3682928,5
3682936,5
3682945,5
3682953,5
3682962,5
3682970,5
3682978,5
3682987,5
3683003,5
3683012,5
3683028,5
3683037,5
3683045,5
3683053,5
3683062,5
3683070,5
3683078,5
3683087,1
3683095,1
3683103,1
3683112,1
3683120,1
3683128,1
3683137,1
3683145,1
3683153,1
3683162,1
3683170,1
3683178,1
3683187,1
3683195,1
3683203,1
3683212,1
3683220,1
3683228,1
3683237,1
3683245,1
3683253,1
3683261,1
3683270,1
3683278,6
3683286,6
3683295,6
3683303,6
3683311,6
3683320,6
3683328,6
3683336,6
3683345,6
3683353,6
3683361,6
3683370,6
3683378,6
3683386,6
3683395,6
3683403,6
3683420,6
3683428,6
3683436,6
3683445,6
3683453,6
3683462,0
3683470,0
3683478,0
3683487,0
3683503,0
3683511,0
3683520,0
3683528,0
3683536,0
3683545,0
3683553,0
3683561,0
3683570,0
3683578,5
3683586,5
3683595,5
3683603,0
3683611,0
3683620,0
3683628,0
3683636,6
3683645,6
3683653,6
3683661,6
3683670,6
3683678,6
3683686,6
3683695,6
3683703,6
3683712,6
3683720,6
3683728,6
3683736,6
3683745,6
3683753,6
3683761,1
3683770,1
3683778,1
3683787,1
3683795,1
3683803,1
3683811,1
3683820,1
3683828,1
3683836,1
3683845,1
3683853,1
3683861,1
3683870,1
3683878,1
3683886,4
3683903,4
3683911,6
3683920,6
3683928,6
3683936,6
3683945,6
3683953,6
3683962,6
3683970,6
3683978,6
3683986,6
3683995,6
3684003,6
3684011,6
3684020,6
3684028,6
3684037,6
3684045,6
3684053,6
3684061,6
3684070,6
3684078,6
3684086,6
3684095,6
3684103,6
3684111,6
3684120,6
3684128,6
3684136,6
3684145,6
3684153,6
3684161,6
3684170,6
3684178,6
3684187,6
3684195,6
3684203,6
3684211,6
3684220,6
3684228,6
3684236,6
3684245,6
3684253,6
3684261,6
3684270,6
3684278,6
3684286,6
3684303,6
3684311,6
3684320,6
3684328,6
3684336,6
3684345,6
3684353,6
3684361,6
3684370,6
3684378,6
3684386,6
3684395,6
3684403,6
3684411,6
3684420,6
3684428,6
3684436,6
3684445,6
3684453,6
3684461,6
3684470,6
3684478,6
3684486,6
3684495,6
3684503,6
3684511,6
3684520,6
3684528,6
3684536,6
3684545,6
3684553,6
3684561,6
3684570,6
3684578,6
3684586,6
3684595,6
3684603,6
3684611,6
3684620,6
3684628,6
3684636,6
3684645,6
3684653,6
3684661,6
3684670,6
3684678,6
3684686,6
3684695,6
3684703,6
3684711,6
3684720,6
3684728,6
3684736,6
3684753,6
3684761,6
3684770,6
3684778,6
3684786,6
3684795,6
3684803,6
3684811,6
3684820,6
3684828,6
3684836,6
3684845,6
3684853,6
3684861,6
3684878,6
3684886,6
3684903,6
3684911,6
3684920,6
3684928,6
3684936,6
3684953,6
3684961,6
3684970,6
3684978,6
3684986,6
3684995,6
3685003,6
3685011,6
3685020,6
3685028,6
3685036,6
3685045,6
3685053,6
3685061,6
3685070,6
3685078,6
3685086,6
3685095,6
3685103,6
3685111,6
3685120,6
3685128,6
3685136,6
3685145,6
3685153,6
3685162,6
3685170,6
3685178,6
3685186,6
3685195,6
3685203,6
3685211,6
3685220,6
3685228,6
3685236,6
3685245,6
3685253,6
3685261,6
3685270,6
3685278,6
3685286,6
3685295,6
3685303,6
3685311,6
3685320,6
3685328,6
3685336,6
3685345,6
3685353,6
3685361,6
3685370,6
3685378,1
3685386,1
3685395,1
3685403,1
3685411,1
3685420,1
3685428,1
3685436,1
3685445,1
3685453,1
3685461,1
3685470,1
3685478,1
3685486,1
3685495,1
3685503,1
3685511,1
3685520,1
3685528,1
3685536,1
3685545,1
3685553,1
3685561,1
3685570,1
3685578,1
3685586,1
3685595,1
3685603,1
3685611,1
3685620,1
3685628,1
3685636,1
3685645,1
3685653,1
3685661,1
3685670,1
3685678,1
3685686,1
3685695,1
3685703,1
3685711,1
3685720,1
3685728,1
3685736,1
3685745,1
3685753,1
3685761,1
3685770,1
3685778,1
3685786,1
3685795,1
3685803,1
3685811,1
3685820,1
3685828,1
3685836,1
3685845,1
3685853,1
3685861,1
3685870,1
3685878,1
3685886,1
3685895,1
3685903,1
3685911,1
3685920,1
3685928,1
3685936,1
3685945,1
3685953,1
3685961,1
3685970,1
3685978,1
3685986,1
3685995,1
3686003,1
3686011,1
3686020,1
3686028,1
3686036,1
3686045,1
3686053,1
3686061,1
3686070,1
3686078,1
3686086,1
3686095,1
3686103,1
3686111,1
3686120,1
3686128,1
3686136,1
3686145,1
3686153,1
3686161,1
3686170,1
3686178,1
3686186,2
3686195,2
3686203,2
3686211,2
3686220,2
3686228,2
3686236,2
3686245,2
3686253,2
3686261,2
3686269,2
3686278,2
3686286,2
3686295,2
3686303,2
3686311,2
3686320,2
3686328,2
3686336,2
3686345,2
3686353,2
3686361,2
3686370,2
3686378,2
3686386,2
3686395,2
3686403,2
3686411,2
3686420,2
3686428,2
3686436,2
3686445,2
3686453,2
3686461,2
3686470,2
3686478,2
3686486,2
3686495,2
3686503,2
3686511,2
3686519,2
3686528,2
3686536,2
3686545,2
3686561,2
3686570,2
3686578,2
3686586,2
3686595,2
3686603,2
3686611,2
3686620,2
3686628,2
3686636,2
3686645,2
3686653,2
3686661,2
3686670,2
3686678,2
3686686,2
3686695,2
3686703,2
3686711,2
3686719,2
3686728,2
3686736,2
3686744,2
3686753,2
3686762,2
3686770,2
3686778,2
3686786,2
3686794,2
3686803,2
3686811,2
3686820,2
3686828,2
3686836,2
3686844,2
3686853,2
3686861,2
3686869,2
3686878,2
3686886,2
3686895,2
3686903,2
3686911,2
3686920,2
3686928,2
3686936,2
3686944,2
3686953,2
3686961,2
3686969,2
3686978,2
3686986,2
3686995,2
3687003,2
3687011,2
3687019,2
3687028,2
3687036,2
3687044,2
3687053,2
3687061,2
3687070,2
3687078,2
3687086,2
3687094,2
3687103,2
3687111,2
3687119,2
3687128,2
3687136,2
3687144,2
3687153,2
3687161,2
3687169,2
3687178,2
3687186,2
3687195,2
3687203,2
3687211,2
3687219,2
3687228,2
3687236,2
3687244,2
3687253,2
3687261,2
3687269,2
3687278,2
3687286,2
3687294,2
3687303,2
3687311,2
3687319,2
3687328,2
3687336,2
3687344,2
3687353,2
3687361,2
3687369,2
3687378,2
3687386,1
3687394,1
3687420,1
3687428,0
3687436,0
3687444,0
3687453,0
3687461,0
3687470,0
3687478,0
3687486,0
3687495,0
3687503,0
3687511,0
3687519,0
3687528,0
3687536,0
3687544,0
3687553,0
3687561,0
3687569,0
3687578,0
3687586,0
3687594,0
3687603,0
3687611,0
3687619,0
3687628,0
3687636,0
3687645,0
3687653,0
3687661,0
3687669,0
3687678,0
3687686,0
3687694,0
3687703,0
3687711,0
3687719,0
3687728,0
3687736,0
3687744,0
3687753,0
3687761,0
3687769,0
3687778,0
3687786,0
3687794,0
3687803,0
3687811,0
3687819,0
3687828,0
3687836,0
3687844,0
3687853,5
3687861,5
3687869,5
3687878,5
3687886,5
3687894,5
3687903,5
3687911,5
3687919,5
3687928,5
3687936,5
3687944,5
3687953,5
3687961,5
3687969,5
3687978,5
3687986,5
3687994,0
3688003,0
3688011,0
3688019,0
3688028,0
3688036,0
3688044,0
3688053,0
3688061,0
3688069,0
3688078,0
3688086,0
3688094,5
3688103,5
3688111,5
3688119,5
3688128,5
3688136,5
3688144,5
3688153,5
3688161,5
3688169,5
3688178,5
3688186,5
3688194,5
3688203,5
3688211,5
3688219,5
3688228,5
3688236,5
3688244,5
3688253,5
3688261,5
3688269,5
3688278,5
3688286,5
3688294,5
3688303,5
3688311,5
3688319,5
3688328,5
3688336,5
3688344,5
3688353,5
3688361,5
3688369,5
3688378,5
3688386,5
3688394,5
3688403,5
3688411,5
3688419,5
3688428,5
3688436,6
3688444,6
3688453,6
3688461,6
3688469,6
3688478,6
3688486,6
3688494,6
3688503,6
3688511,6
3688519,6
3688528,6
3688536,6
3688544,6
3688553,6
3688561,6
3688569,6
3688578,6
3688586,6
3688594,6
3688603,6
3688611,6
3688619,6
3688628,6
3688636,1
3688644,1
3688661,1
3688669,6
3688686,6
3688695,6
3688711,6
3688719,6
3688728,1
3688736,1
3688744,1
3688753,1
3688761,1
3688769,1
3688778,1
3688786,1
3688794,6
3688803,6
3688811,6
3688819,6
3688828,6
3688836,6
3688844,6
3688853,6
3688861,6
3688869,6
3688878,6
3688886,6
3688894,6
3688903,6
3688911,6
3688919,6
3688928,6
3688936,6
3688944,6
3688953,1
3688961,1
3688969,1
3688978,6
3688986,6
3688994,6
3689003,6
3689011,6
3689019,6
3689028,2
3689036,2
3689044,2
3689053,2
3689061,2
3689069,2
3689078,2
3689086,2
3689094,2
3689103,2
3689111,2
3689119,2
3689128,2
3689136,2
3689144,2
3689153,2
3689161,2
3689169,2
3689178,2
3689186,2
3689194,2
3689203,2
3689211,2
3689219,2
3689228,2
3689236,2
3689244,2
3689253,2
3689261,2
3689269,2
3689278,2
3689286,2
3689294,2
3689303,2
3689311,2
3689319,2
3689328,3
3689336,3
3689344,3
3689353,3
3689361,3
3689369,3
3689378,2
3689386,2
3689394,2
3689403,2
3689411,2
3689419,2
3689428,2
3689436,2
3689444,2
3689453,3
3689461,3
3689469,3
3689478,3
3689486,3
3689494,2
3689503,2
3689511,2
3689519,2
3689528,2
3689536,2
3689544,2
3689553,2
3689561,2
3689569,2
3689578,2
3689586,2
3689594,2
3689603,2
3689611,2
3689619,2
3689628,2
3689636,2
3689644,2
3689653,2
3689661,2
3689669,2
3689678,2
3689686,2
3689694,2
3689703,2
3689711,2
3689719,2
3689728,2
3689736,2
3689744,2
3689753,2
3689761,2
3689769,2
3689778,2
3689786,2
3689794,2
3689803,2
3689811,2
3689819,2
3689828,2
3689836,2
3689844,2
3689853,2
3689861,2
3689869,2
3689878,2
3689886,2
3689894,2
3689903,2
3689911,2
3689919,2
3689928,2
3689936,2
3689944,2
3689953,2
3689961,2
3689969,2
3689978,2
3689986,2
3689994,2
3690003,2
3690011,2
3690019,2
3690028,2
3690036,2
3690044,2
3690053,2
3690061,2
3690069,2
3690078,2
3690086,2
3690094,2
3690103,2
3690111,2
3690119,2
3690128,2
3690136,2
3690144,2
3690153,2
3690161,2
3690169,2
3690178,2
3690186,2
3690194,2
3690203,2
3690211,2
3690219,2
3690228,2
3690236,2
3690244,2
3690253,2
3690261,2
3690269,2
3690277,2
3690286,2
3690294,2
3690303,2
3690311,2
3690319,2
3690328,2
3690336,2
3690344,2
3690352,2
3690361,2
3690369,2
3690378,2
3690386,2
3690394,2
3690402,2
3690411,2
3690419,2
3690427,2
3690436,2
3690444,2
3690453,2
3690461,2
3690469,2
3690477,2
3690486,2
3690494,2
3690502,2
3690511,2
3690519,2
3690527,2
3690536,2
3690544,2
3690552,2
3690561,2
3690569,2
3690577,2
3690586,2
3690594,2
3690603,2
3690611,2
3690619,2
3690627,2
3690636,2
3690644,2
3690661,2
3690669,2
3690677,2
3690686,2
3690694,2
3690702,2
3690711,2
3690719,2
3690727,2
3690736,2
3690744,2
3690753,2
3690761,2
3690769,2
3690777,2
3690786,2
3690794,2
3690802,2
3690811,2
3690819,2
3690827,2
3690836,2
3690844,2
3690852,2
3690861,2
3690869,2
3690877,2
3690886,2
3690894,2
3690902,2
3690911,2
3690927,2
3690936,2
3690944,2
3690952,2
3690961,2
3690969,2
3690977,2
3690986,2
3690994,2
3691011,2
3691019,2
3691036,2
3691044,2
3691061,2
3691069,2
3691077,2
3691086,2
3691094,2
3691103,2
3691111,2
3691119,2
3691127,2
3691136,2
3691144,2
3691152,2
3691161,2
3691169,2
3691257,2
3691265,2
3691274,2
3691282,2
3691291,2
3691299,3
3691307,3
3691316,3
3691324,3
3691332,4
3691349,4
3691532,6
3691566,6
3691574,2
3691591,2
3691599,2
3691607,2
3691615,2
3691624,2
3691632,2
3691640,2
3691649,2
3691657,2
3691665,2
3691674,2
3691682,2
3691690,2
3691707,2
3691715,2
3691724,2
3691732,2
3691741,2
3691749,2
3691757,2
3691765,3
3691774,3
3691790,3
3691799,3
3691815,3
3691824,3
3691841,2
3691849,2
3691866,2
3691874,2
3691882,6
3691890,6
3691899,6
3691907,4
3691915,6
3691924,6
3691932,6
3691940,6
3691949,6
3691957,6
3691965,6
3691974,6
3691982,6
3691990,6
3691999,6
3692007,6
3692015,6
3692024,6
3692032,6
3692041,6
3692049,6
3692057,6
3692065,6
3692074,6
3692082,6
3692090,6
3692099,6
3692107,6
3692115,6
3692124,6
3692132,6
3692140,6
3692149,6
3692157,6
3692166,6
3692174,6
3692182,6
3692190,6
3692199,6
3692207,6
3692215,6
3692224,6
3692232,6
3692241,6
3692249,6
3692257,6
3692266,6
3692274,6
3692282,6
3692290,6
3692299,6
3692307,6
3692315,6
3692324,6
3692332,6
3692340,6
3692349,6
3692357,6
3692366,6
3692374,6
3692382,6
3692391,6
3692399,6
3692407,6
3692415,6
3692424,6
3692432,6
3692440,6
3692449,6
3692457,6
3692465,6
3692474,6
3692482,6
3692490,6
3692499,6
3692507,6
3692516,6
3692524,2
3692532,2
3692540,2
3692549,2
3692557,2
3692565,2
3692574,2
3692582,2
3692590,2
3692599,2
3692607,2
3692615,2
3692624,2
3692633,2
3692641,2
3692649,2
3692657,2
3692665,2
3692674,2
3692682,2
3692690,2
3692699,2
3692707,2
3692715,2
3692724,2
3692732,2
3692740,2
3692749,2
3692757,2
3692765,2
3692774,2
3692782,2
3692790,2
3692799,2
3692807,2
3692815,2
3692824,2
3692832,2
3692841,2
3692849,2
3692857,2
3692865,2
3692874,2
3692882,2
3692890,2
3692899,2
3692907,2
3692915,2
3692924,2
3692932,2
3692940,2
3692949,2
3692957,2
3692965,2
3692974,2
3692982,2
3692990,2
3692999,2
3693007,2
3693015,2
3693024,2
3693032,2
3693041,2
3693049,2
3693057,2
3693065,2
3693074,2
3693082,2
3693090,2
3693099,2
3693107,2
3693115,2
3693124,2
3693132,2
3693140,2
3693149,2
3693157,2
3693165,2
3693174,2
3693182,2
3693190,2
3693199,2
3693207,2
3693215,2
3693224,2
3693232,2
3693240,2
3693249,2
3693257,2
3693265,2
3693274,2
3693282,2
3693290,2
3693299,2
3693307,2
3693315,2
3693324,2
3693332,2
3693340,2
3693349,2
3693357,2
3693365,2
3693399,2
3693407,2
3693415,2
3693424,2
3693432,2
3693440,2
3693449,2
3693457,2
3693465,2
3693474,2
3693482,2
3693490,2
3693499,2
3693507,2
3693515,2
3693524,2
3693532,2
3693540,2
3693549,2
3693557,2
3693565,2
3693574,2
3693582,2
3693590,2
3693599,2
3693607,2
3693615,2
3693624,2
3693632,2
3693640,2
3693649,2
3693657,2
3693665,2
3693674,2
3693682,2
3693690,2
3693699,2
3693707,2
3693715,2
3693724,2
3693732,2
3693740,2
3693749,2
3693757,2
3693765,2
3693774,2
3693782,2
3693790,2
3693799,2
3693807,2
3693815,2
3693824,2
3693832,2
3693840,2
3693849,2
3693857,2
3693865,2
3693874,2
3693882,2
3693890,2
3693899,2
3693915,2
3693924,2
3693932,2
3693940,2
3693949,2
3693957,2
3693965,2
3693974,2
3693982,2
3693990,2
3693999,2
3694007,2
3694015,2
3694024,2
3694032,2
3694040,2
3694049,2
3694057,2
3694065,2
3694074,2
3694082,2
3694090,2
3694099,2
3694107,2
3694115,2
3694124,2
3694132,2
3694140,2
3694149,2
3694165,1
3694174,1
3694182,5
3694190,5
3694199,5
3694207,5
3694215,5
3694224,5
3694232,5
3694240,5
3694249,5
3694257,5
3694265,5
3694274,5
3694282,5
3694290,5
3694299,5
3694307,5
3694315,5
3694324,5
3694332,5
3694340,5
3694349,5
3694357,5
3694365,5
3694374,5
3694382,0
3694391,0
3694399,0
3694407,5
3694415,5
3694424,5
3694432,5
3694440,5
3694449,5
3694457,5
3694465,5
3694474,5
3694482,0
3694490,0
3694499,0
3694507,5
3694515,5
3694524,5
3694532,5
3694540,5
3694549,5
3694557,5
3694565,5
3694574,5
3694582,5
3694590,5
3694599,5
3694607,5
3694615,5
3694624,5
3694632,5
3694640,5
3694649,5
3694657,5
3694665,5
3694674,6
3694682,6
3694690,6
3694699,6
3694707,6
3694715,6
3694724,6
3694732,6
3694740,6
3694749,6
3694757,6
3694766,6
3694774,6
3694782,6
3694790,6
3694799,6
3694807,6
3694815,0
3694824,0
3694832,0
3694840,0
3694849,0
3694857,0
3694865,0
3694874,0
3694882,0
3694890,0
3694899,0
3694907,0
3694915,0
3694924,0
3694932,0
3694940,0
3694949,0
3694957,0
3694965,0
3694974,0
3694982,0
3694990,0
3694999,0
3695007,0
3695015,0
3695023,0
3695032,0
3695040,0
3695048,0
3695057,0
3695065,0
3695074,0
3695082,0
3695090,0
3695099,0
3695107,0
3695115,0
3695124,0
3695132,0
3695140,0
3695149,0
3695157,0
3695165,0
3695173,0
3695182,0
3695190,0
3695198,0
3695215,0
3695224,0
3695232,0
3695240,0
3695248,0
3695265,0
3695273,0
3695282,0
3695290,0
3695299,0
3695307,0
3695315,0
3695323,0
3695332,0
3695340,0
3695348,0
3695357,0
3695365,0
3695382,0
3695390,0
3695399,0
3695407,0
3695415,0
3695423,0
3695432,5
3695448,5
3695465,5
3695473,5
3695482,5
3695490,5
3695498,5
3695515,5
3695523,5
3695532,5
3695548,5
3695557,5
3695565,5
3695582,5
3695590,5
3695598,5
3695607,5
3695615,5
3695623,5
3695632,5
3695640,5
3695648,5
3695657,6
3695665,6
3695673,6
3695690,6
3695698,6
3695715,6
3695723,6
3695740,6
3695748,6
3695757,6
3695765,6
3695773,0
3695782,0
3695790,0
3695815,0
3695823,0
3695832,0
3695857,0
3695873,0
3695890,0
3695907,0
3695923,0
3695932,0
3695973,0
3695982,0
3695990,5
3696007,5
3696023,5
3696032,5
3696048,0
3696057,0
3696073,0
3696082,0
3696098,0
3696107,0
3696123,0
3696132,0
3696148,0
3696157,0
3696174,0
3696182,0
3696207,0
3696223,0
3696232,0
3696248,0
3696257,0
3696273,0
3696282,0
3696298,0
3696307,6
3696323,6
3696332,6
3696348,6
3696357,6
3696365,6
3696382,6
3696390,6
3696398,6
3696407,6
3696415,6
3696423,6
3696432,6
3696440,6
3696448,6
3696457,6
3696465,6
3696473,6
3696482,6
3696490,6
3696498,6
3696507,6
3696515,6
3696523,6
3696532,6
3696540,2
3696548,2
3696557,2
3696565,2
3696573,2
3696582,2
3696590,2
3696598,2
3696607,2
3696615,2
3696623,2
3696632,2
3696640,2
3696648,2
3696657,2
3696665,2
3696682,2
3696690,2
3696715,2
3696740,2
3696748,2
3696765,2
3696773,2
3696878,2
3696895,2
3696903,2
3696912,2
3696920,2
3696928,2
3696937,2
3696945,2
3696953,2
3696962,6
3696970,6
3696978,6
3696987,6
3696995,6
3697003,0
3697020,0
3697028,0
3697045,0
3697053,0
3697062,0
3697087,0
3697095,0
3697103,0
3697129,0
3697145,0
3697153,0
3697170,0
3697187,0
3697195,0
3697220,0
3697229,0
3697253,0
3697270,0
3697278,0
3697287,0
3697295,0
3697303,0
3697312,0
3697320,0
3697329,0
3697345,0
3697353,0
3697362,0
3697378,0
3697387,0
3697395,0
3697403,0
3697412,0
3697428,0
3697453,0
3697462,0
3697478,0
3697487,0
3697512,0
3697520,0
3697537,0
3697553,0
3697562,0
3697587,0
3697595,0
3697603,0
3697612,0
3697620,0
3697637,0
3697645,0
3697653,0
3697662,0
3697670,0
3697678,0
3697687,0
3697695,0
3697703,0
3697712,0
3697720,0
3697728,0
3697737,0
3697745,0
3697753,0
3697762,0
3697770,0
3697778,0
3697787,0
3697795,0
3697803,0
3697812,0
3697820,0
3697828,0
3697845,0
3697853,0
3697862,0
3697870,0
3697878,0
3697887,0
3697895,0
3697903,0
3697912,0
3697920,0
3697928,0
3697937,0
3697945,0
3697962,0
3697970,0
3697987,0
3697995,0
3698012,0
3698020,0
3698028,0
3698045,0
3698053,0
3698062,0
3698070,0
3698087,0
3698095,0
3698120,0
3698128,0
3698145,0
3698153,0
3698162,0
3698170,0
3698187,0
3698195,0
3698220,0
3698229,0
3698245,0
3698253,0
3698262,0
3698270,0
3698278,0
3698287,0
3698295,0
3698320,0
3698328,0
3698345,0
3698353,0
3698362,0
3698370,0
3698378,0
3698386,0
3698395,0
3698412,6
3698420,6
3698428,6
3698437,2
3698445,2
3698453,2
3698462,2
3698470,2
3698478,2
3698487,2
3698495,2
3698503,2
3698512,2
3698520,2
3698528,2
3698537,2
3698545,2
3698553,2
3698562,2
3698570,2
3698578,2
3698586,2
3698595,2
3698603,2
3698612,2
3698620,2
3698628,4
3698645,2
3698662,2
3698670,2
3698678,2
3698687,6
3698695,6
3698703,6
3698711,6
3698720,6
3698728,6
3698737,6
3698745,6
3698753,6
3698762,6
3698770,6
3698778,6
3698786,6
3698795,6
3698811,6
3698820,6
3698828,6
3698836,6
3698845,6
3698862,6
3698870,6
3698878,6
3698903,6
3698911,6
3698928,6
3698953,6
3699003,6
3699012,6
3699028,6
3699053,6
3699078,6
3699103,6
3699128,6
3699137,6
3699153,6
3699161,6
3699178,6
3699187,6
3699195,6
3699211,6
3699220,6
3699236,6
3699245,6
3699261,6
3699270,6
3699286,6
3699295,6
3699311,6
3699320,6
3699328,6
3699336,6
3699345,6
3699361,6
3699370,6
3699378,6
3699387,6
3699395,6
3699403,6
3699411,6
3699420,6
3699436,6
3699445,6
3699470,0
3699478,0
3699486,0
3699495,0
3699503,0
3699511,0
3699520,0
3699528,0
3699545,0
3699553,0
3699561,0
3699578,0
3699587,0
3699595,0
3699603,0
3699611,0
3699628,0
3699645,0
3699653,0
3699661,0
3699678,0
3699686,0
3699695,0
3699783,0
3699791,0
3699800,0
3699808,0
3699816,0
3699825,5
3699833,5
3699841,5
3699850,5
3699858,5
3699866,5
3699875,5
3699883,5
3699891,5
3699900,5
3699908,5
3699916,5
3699925,5
3699933,5
3699941,0
3699950,0
3699958,0
3699966,0
3699975,0
3699983,0
3699991,0
3700000,0
3700008,0
3700016,0
3700025,0
3700033,0
3700041,0
3700050,0
3700058,0
3700066,0
3700075,5
3700083,5
3700091,5
3700100,5
3700108,5
3700116,5
3700125,5
3700133,5
3700141,5
3700150,5
3700158,5
3700166,5
3700175,5
3700183,5
3700191,5
3700200,5
3700208,5
3700216,0
3700225,0
3700241,0
3700250,0
3700258,0
3700266,0
3700275,0
3700283,0
3700291,0
3700308,0
3700316,0
3700325,0
3700333,0
3700341,0
3700358,0
3700366,0
3700375,0
3700383,0
3700391,0
3700400,0
3700408,0
3700416,0
3700425,0
3700433,0
3700441,0
3700450,0
3700458,0
3700475,0
3700483,0
3700491,0
3700499,0
3700508,0
3700533,0
3700541,0
3700550,0
3700558,0
3700574,0
3700583,0
3700591,0
3700599,0
3700608,0
3700625,0
3700633,0
3700641,0
3700650,0
3700658,0
3700674,0
3700683,0
3700691,0
3700700,0
3700708,0
3700725,0
3700733,0
3700749,0
3700774,0
3700783,0
3700791,0
3700800,0
3700808,0
3700824,0
3700833,0
3700850,0
3700858,0
3700883,0
3700891,0
3700899,0
3700908,0
3700924,0
3700933,0
3700958,0
3700983,0
3700991,0
3700999,0
3701008,0
3701024,0
3701049,0
3701074,0
3701091,0
3701099,0
3701108,0
3701124,0
3701133,0
3701149,0
3701158,0
3701191,0
3701208,0
3701224,0
3701249,0
3701258,0
3701266,0
3701283,0
3701291,0
3701299,0
3701325,0
3701333,0
3701358,0
3701391,4
3701408,4
3701416,4
3701458,4
3701466,4
3701491,4
3701516,4
3701533,4
3701558,4
3701566,4
3701591,4
3701608,4
3701624,4
3701633,4
3701658,4
3701666,4
3701691,4
3701796,4
3701804,4
3701821,5
3701829,5
3701846,5
3701854,5
3701871,6
3701879,6
3701896,2
3701904,2
3701921,2
3701929,2
3701937,2
3701946,2
3701954,2
3701963,2
3701971,2
3701979,2
3701987,2
3701996,2
3702004,2
3702012,2
3702021,2
3702030,2
3702037,2
3702046,2
3702054,2
3702063,2
3702071,2
3702079,2
3702087,2
3702096,2
3702104,2
3702112,2
3702121,2
3702129,2
3702146,2
3702154,2
3702162,2
3702171,2
3702179,2
3702196,2
3702204,2
3702212,2
3702221,2
3702229,2
3702238,2
3702246,2
3702254,2
3702263,2
3702271,2
3702279,2
3702287,6
3702296,6
3702304,6
3702312,6
3702321,6
3702329,6
3702337,6
3702346,6
3702354,6
3702362,6
3702371,6
3702379,6
3702387,6
3702396,6
3702404,6
3702412,6
3702421,6
3702429,6
3702437,6
3702446,6
3702454,6
3702462,6
3702471,6
3702479,6
3702487,6
3702496,6
3702504,6
3702512,6
3702521,6
3702529,6
3702537,6
3702546,6
3702554,6
3702571,6
3702579,6
3702587,6
3702596,6
3702604,6
3702612,6
3702621,6
3702629,6
3702637,6
3702646,6
3702654,6
3702662,6
3702671,6
3702679,6
3702687,6
3702696,6
3702704,6
3702712,6
3702729,6
3702737,6
3702746,6
3702762,6
3702787,6
3702796,6
3702812,6
3702821,0
3702837,0
3702846,0
3702862,0
3702871,0
3702887,0
3702896,0
3702912,0
3702921,0
3702929,0
3702937,0
3702954,0
3702962,0
3702971,0
3702979,0
3702987,0
3702996,0
3703004,0
3703012,0
3703021,0
3703029,0
3703054,0
3703071,0
3703079,0
3703096,0
3703104,0
3703112,0
3703129,0
3703146,0
3703154,0
3703187,0
3703221,0
3703229,4
3703254,4
3703271,4
3703296,4
3703409,4
3703425,5
3703434,5
3703442,5
3703459,5
3703475,5
3703484,5
3703492,5
3703501,5
3703509,5
3703525,5
3703534,5
3703542,5
3703550,5
3703559,5
3703575,5
3703584,5
3703592,5
3703600,5
3703609,5
3703625,5
3703634,5
3703642,5
3703650,5
3703659,5
3703675,5
3703684,5
3703692,5
3703700,5
3703709,5
3703725,5
3703734,5
3703742,5
3703750,5
3703759,5
3703767,5
3703775,5
3703784,5
3703792,5
3703800,5
3703809,5
3703825,5
3703834,0
3703842,0
3703850,0
3703859,0
3703867,0
3703875,0
3703884,0
3703892,0
3703900,0
3703909,0
3703917,0
3703925,0
3703934,0
3703942,0
3703950,0
3703959,0
3703967,0
3703975,0
3703984,0
3703992,0
3704000,0
3704009,0
3704017,0
3704025,0
3704034,0
3704050,0
3704059,0
3704067,0
3704084,0
3704092,0
3704100,0
3704109,0
3704125,0
3704134,0
3704142,0
3704150,0
3704159,0
3704175,0
3704184,0
3704192,0
3704209,0
3704217,0
3704225,0
3704234,0
3704242,0
3704250,0
3704259,0
3704267,0
3704275,0
3704284,0
3704292,0
3704301,0
3704309,0
3704325,0
3704334,0
3704350,0
3704359,0
3704367,0
3704375,0
3704384,0
3704392,0
3704409,0
3704417,0
3704425,0
3704434,0
3704442,0
3704459,0
3704467,0
3704475,0
3704484,0
3704500,0
3704509,0
3704517,0
3704525,0
3704534,0
3704550,0
3704559,0
3704567,0
3704575,0
3704584,0
3704609,0
3704617,0
3704625,0
3704634,0
3704642,0
3704659,0
3704667,0
3704675,0
3704684,0
3704692,0
3704701,0
3704709,0
3704726,0
3704734,0
3704742,0
3704759,0
3704767,0
3704775,0
3704784,0
3704792,0
3704801,0
3704809,0
3704817,0
3704825,0
3704834,0
3704842,0
3704850,0
3704859,0
3704875,0
3704884,0
3704892,0
3704900,0
3704909,0
3704917,0
3704925,0
3704942,0
3704950,0
3704959,0
3704967,0
3704975,0
3704992,0
3705000,0
3705009,0
3705017,0
3705025,0
3705042,0
3705050,0
3705059,0
3705067,0
3705075,0
3705084,0
3705092,0
3705100,0
3705109,0
3705117,0
3705125,0
3705134,6
3705150,6
3705159,4
3705167,4
3705184,4
3705192,4
3705200,2
3705209,2
3705217,2
3705234,2
3705242,2
3705250,2
3705259,2
3705267,2
3705275,4
3705284,4
3705292,4
3705300,4
3705309,4
3705317,4
3705325,4
3705334,4
3705342,4
3705350,4
3705359,4
3705367,4
3705375,4
3705384,4
3705392,4
3705401,4
3705409,4
3705417,4
3705425,4
3705434,4
3705442,4
3705450,4
3705459,4
3705467,4
3705475,4
3705484,4
3705492,4
3705500,2
3705517,2
3705525,2
3705534,2
3705542,2
3705550,2
3705559,2
3705567,2
3705584,2
3705592,2
3705600,2
3705609,2
3705617,2
3705625,2
3705634,2
3705642,2
3705650,2
3705659,2
3705675,2
3705684,2
3705692,2
3705700,6
3705726,6
3705734,6
3705742,1
3705759,1
3705775,1
3705784,0
3705792,0
3705801,0
3705809,0
3705825,0
3705834,0
3705842,0
3705850,0
3705859,0
3705867,0
3705875,0
3705884,0
3705892,0
3705900,0
3705909,0
3705917,0
3705925,0
3705934,0
3705942,0
3705950,0
3705959,0
3705975,0
3705984,0
3705992,0
3706000,0
3706034,0
3706042,0
3706050,0
3706059,0
3706075,0
3706084,0
3706092,0
3706100,0
3706109,0
3706117,0
3706126,0
3706134,0
3706142,0
3706150,0
3706159,0
3706167,0
3706175,0
3706184,0
3706192,0
3706200,0
3706209,0
3706225,0
3706234,0
3706242,0
3706250,0
3706259,0
3706275,0
3706292,0
3706300,0
3706309,5
3706325,5
3706342,5
3706350,5
3706359,5
3706375,5
3706392,4
3706409,5
3706425,5
3706434,5
3706442,5
3706450,5
3706459,5
3706475,5
3706492,4
3706500,4
3706508,4
3706517,4
3706525,1
3706542,1
3706550,4
3706559,4
3706567,4
3706575,4
3706592,4
3706600,4
3706609,1
3706625,1
3706642,1
3706650,1
3706658,1
3706675,1
3706692,4
3706708,1
3706726,1
3706742,1
3706759,1
3706767,4
3706775,4
3706792,4
3706800,4
3706808,1
3706825,1
3706834,4
3706842,4
3706850,0
3706859,0
3706867,0
3706875,0
3706892,0
3706900,0
3706908,0
3706917,0
3706925,0
3706942,0
3706950,0
3706958,0
3706967,0
3706975,0
3706983,0
3706992,0
3707000,0
3707008,0
3707017,0
3707025,0
3707033,0
3707042,0
3707050,0
3707058,0
3707067,0
3707075,0
3707084,0
3707092,0
3707100,0
3707108,0
3707117,0
3707125,0
3707133,0
3707142,0
3707150,0
3707158,0
3707167,0
3707175,0
3707183,0
3707192,0
3707200,0
3707208,5
3707225,5
3707233,5
3707242,1
3707258,1
3707267,4
3707275,4
3707283,4
3707292,4
3707308,1
3707325,1
3707333,4
3707342,1
3707358,1
3707375,1
3707383,0
3707392,0
3707400,0
3707409,0
3707425,0
3707433,0
3707442,0
3707450,0
3707458,0
3707467,0
3707475,0
3707484,0
3707492,0
3707500,0
3707508,0
3707525,0
3707533,0
3707542,0
3707550,0
3707558,0
3707567,0
3707575,0
3707583,0
3707592,0
3707600,0
3707608,0
3707617,0
3707625,0
3707633,0
3707642,0
3707658,0
3707667,0
3707675,0
3707683,0
3707692,0
3707700,0
3707708,0
3707717,0
3707725,0
3707733,0
3707742,0
3707750,0
3707758,0
3707767,0
3707775,0
3707783,0
3707792,0
3707808,0
3707817,0
3707825,0
3707833,0
3707842,0
3707858,0
3707867,0
3707875,0
3707883,0
3707892,0
3707908,0
3707917,0
3707925,0
3707934,0
3707942,0
3707950,0
3707958,0
3707967,0
3707975,0
3707983,0
3707992,0
3708183,2
3708192,2
3708200,2
3708208,2
3708217,2
3708233,2
3708242,2
3708250,2
3708258,2
3708283,2
3708292,2
3708300,2
3708308,2
3708317,2
3708334,2
3708342,2
3708350,2
3708359,2
3708392,4
3708408,6
3708425,6
3708433,6
3708442,6
3708458,6
3708467,4
3708475,4
3708483,4
3708492,4
3708500,6
3708517,6
3708533,6
3708542,6
3708550,6
3708558,6
3708567,4
3708575,4
3708583,4
3708592,4
3708608,6
3708617,6
3708625,6
3708633,6
3708642,6
3708650,6
3708658,6
3708667,4
3708675,6
3708683,6
3708692,6
3708717,6
3708725,6
3708733,6
3708742,6
3708750,6
3708758,6
3708767,6
3708775,6
3708783,6
3708792,6
3708800,6
3708808,6
3708817,6
3708825,6
3708833,6
3708842,6
3708850,6
3708858,4
3708867,4
3708875,4
3708883,4
3708892,4
3708900,4
3708908,4
3708917,4
3708925,4
3708933,4
3708942,4
3708950,4
3708958,4
3708967,4
3708975,4
3708983,4
3708992,4
3709008,4
3709017,4
3709025,4
3709033,4
3709042,4
3709050,4
3709058,4
3709067,4
3709075,4
3709083,4
3709092,4
3709100,4
3709108,1
3709125,1
3709133,1
3709142,1
3709158,1
3709167,4
3709175,4
3709183,4
3709192,4
3709200,4
3709208,1
3709225,1
3709233,1
3709242,1
3709258,1
3709267,1
3709275,1
3709283,4
3709292,4
3709300,4
3709308,1
3709317,1
3709325,1
3709333,1
3709342,1
3709350,1
3709358,1
3709367,4
3709375,4
3709383,4
3709392,4
3709400,1
3709408,1
3709417,1
3709425,1
3709433,1
3709442,1
3709450,1
3709458,1
3709467,4
3709475,4
3709483,4
3709492,4
3709500,1
3709508,1
3709517,1
3709525,1
3709533,1
3709542,1
3709550,4
3709558,4
3709567,4
3709575,4
3709583,6
3709600,6
3709608,4
3709617,4
3709625,4
3709633,6
3709650,6
3709658,4
3709667,4
3709675,4
3709683,6
3709700,6
3709708,4
3709717,4
3709725,4
3709733,6
3709750,6
3709767,2
3709783,2
3709808,2
3709817,2
3709833,2
3709842,3
3709858,3
3709867,4
3709875,4
3709883,4
3709892,4
3709900,2
3709908,2
3709917,2
3709925,2
3709933,2
3709942,2
3709950,2
3709958,2
3709967,2
3709975,2
3709983,2
3709992,2
3710000,2
3710008,2
3710017,2
3710025,2
3710033,2
3710042,2
3710050,2
3710067,2
3710083,2
3710091,2
3710100,2
3710108,2
3710117,2
3710133,2
3710142,2
3710158,2
3710167,2
3710183,2
3710191,2
3710200,2
3710217,2
3710233,2
3710242,2
3710250,2
3710258,2
3710267,2
3710283,2
3710292,2
3710300,2
3710308,2
3710316,2
3710325,2
3710333,2
3710341,2
3710350,2
3710358,2
3710367,2
3710383,2
3710392,2
3710400,2
3710417,2
3710425,2
3710433,2
3710441,2
3710450,2
3710458,2
3710466,2
3710475,2
3710483,2
3710491,2
3710500,2
3710516,2
3710525,2
3710533,2
3710541,2
3710550,2
3710558,2
3710567,2
3710583,2
3710591,4
3710600,2
3710608,2
3710617,2
3710633,2
3710641,2
3710650,2
3710658,2
3710667,2
3710683,2
3710692,4
3710700,2
3710708,2
3710716,2
3710741,2
3710750,2
3710758,2
3710767,2
3710775,2
3710783,2
3710791,2
3710800,2
3710808,2
3710817,2
3710825,2
3710833,2
3710841,2
3710850,2
3710858,2
3710866,2
3710875,2
3710884,2
3710891,2
3710900,2
3710916,2
3710925,2
3710933,2
3710941,2
3710950,2
3710966,2
3710975,2
3710983,2
3710991,2
3711000,2
3711033,2
3711041,2
3711050,2
3711066,2
3711075,2
3711083,2
3711092,2
3711100,2
3711108,2
3711117,2
3711125,2
3711133,2
3711141,2
3711150,2
3711158,2
3711167,2
3711175,2
3711183,2
3711191,2
3711200,2
3711208,2
3711217,2
3711225,2
3711233,2
3711241,2
3711250,2
3711258,2
3711266,2
3711275,2
3711283,2
3711291,2
3711300,2
3711308,2
3711317,2
3711325,2
3711333,2
3711341,2
3711350,2
3711358,2
3711366,2
3711383,2
3711391,2
3711400,2
3711408,2
3711417,2
3711433,2
3711441,2
3711458,2
3711466,2
3711483,2
3711491,2
3711500,2
3711516,2
3711525,2
3711533,2
3711541,2
3711550,2
3711558,2
3711566,2
3711575,2
3711583,2
3711591,2
3711600,2
3711608,2
3711616,2
3711625,2
3711633,2
3711641,2
3711650,2
3711658,2
3711666,2
3711675,2
3711683,2
3711691,4
3711700,4
3711708,4
3711725,4
3711733,4
3711741,4
3711750,4
3711758,4
3711775,4
3711783,4
3711791,4
3711800,4
3711808,4
3711816,4
3711825,4
3711833,4
3711841,4
3711850,4
3711858,4
3711866,2
3711875,2
3711883,2
3711891,2
3711900,2
3711908,2
3711916,6
3711925,1
3711941,1
3711950,4
3711958,4
3711966,4
3711975,4
3711983,4
3711991,4
3712000,4
3712008,4
3712016,6
3712025,2
3712041,2
3712050,6
3712058,4
3712066,4
3712075,4
3712083,4
3712091,4
3712100,4
3712108,4
3712116,4
3712125,4
3712133,4
3712141,4
3712150,4
3712158,4
3712166,4
3712175,4
3712183,4
3712191,4
3712200,4
3712208,4
3712216,4
3712225,4
3712233,4
3712241,4
3712250,4
3712258,4
3712266,4
3712275,4
3712283,4
3712291,4
3712300,4
3712308,4
3712316,6
3712325,2
3712341,2
3712350,6
3712358,4
3712366,4
3712375,4
3712383,4
3712391,4
3712400,4
3712408,1
3712416,1
3712425,1
3712441,1
3712450,1
3712458,1
3712466,1
3712475,1
3712491,1
3712500,0
3712508,0
3712516,0
3712541,0
3712550,0
3712558,0
3734165,0
3734174,0
3734182,0
3734207,1
3734232,1
3734240,5
3734257,5
3734274,5
3734282,5
3734290,5
3734307,5
3734315,5
3734324,5
3734332,5
3734340,5
3734349,5
3734357,5
3734365,5
3734374,5
3734382,5
3734391,5
3734399,5
3734407,5
3734415,5
3734424,5
3734432,5
3734440,5
3734449,5
3734457,5
3734465,5
3734474,4
3734491,5
3734499,5
3734507,5
3734515,5
3734524,5
3734532,5
3734540,5
3734549,5
3734565,5
3734715,5
3734724,5
3734732,5
3734740,5
3734749,5
3734757,5
3734765,5
3734774,5
3734782,5
3734790,5
3734807,5
3734815,5
3734824,5
3734832,5
3734840,5
3734849,5
3734857,5
3734865,5
3734874,5
3734890,5
3734899,5
3734907,5
3734915,5
3734924,5
3734932,5
3734940,5
3734949,5
3734957,5
3734965,5
3734974,5
3734982,5
3734990,5
3734999,5
3735007,5
3735015,5
3735024,5
3735032,5
3735040,5
3735049,5
3735057,5
3735065,5
3735074,5
3735082,5
3735090,5
3735099,5
3735107,5
3735115,5
3735124,5
3735132,5
3735140,5
3735149,5
3735157,5
3735165,5
3735174,5
3735182,5
3735190,5
3735199,5
3735207,5
3735215,5
3735224,5
3735232,5
3735240,5
3735249,5
3735257,5
3735265,5
3735274,5
3735282,5
3735290,5
3735299,5
3735307,5
3735315,5
3735324,5
3735332,5
3735340,5
3735349,5
3735357,5
3735365,5
3735374,5
3735382,5
3735390,5
3735399,5
3735407,5
3735415,5
3735424,5
3735432,5
3735440,5
3735449,5
3735457,5
3735465,5
3735474,5
3735490,5
3735499,5
3735507,5
3735515,5
3735524,5
3735540,5
3735549,5
3735557,5
3735565,5
3735574,5
3735582,5
3735590,5
3735599,5
3735607,5
3735615,5
3735624,5
3735632,5
3735640,5
3735649,5
3735657,5
3735665,4
3735674,4
3735690,5
3735699,5
3735716,5
3735724,5
3735732,5
3735740,5
3735749,5
3735757,5
3735765,4
3735774,4
3735790,4
3735799,5
3735807,5
3735815,5
3735824,5
3735832,5
3735840,5
3735849,5
3735857,5
3735865,5
3735874,4
3735882,4
3735890,5
3735899,5
3735907,5
3735915,5
3735924,5
3735932,5
3735940,5
3735949,5
3735957,5
3735965,5
3735974,4
3735990,4
3735999,4
3736015,5
3736024,5
3736032,5
3736040,5
3736049,5
3736057,5
3736065,5
3736074,5
3736082,5
3736090,5
3736099,5
3736107,5
3736115,5
3736124,5
3736132,5
3736140,5
3736149,5
3736157,5
3736165,5
3736174,5
3736182,5
3736190,5
3736199,5
3736207,5
3736216,5
3736224,5
3736232,5
3736240,5
3736249,5
3736257,5
3736265,5
3736274,5
3736282,5
3736290,5
3736299,5
3736307,5
3736315,5
3736324,5
3736332,5
3736340,5
3736349,5
3736357,5
3736365,5
3736373,5
3736382,5
3736390,5
3736399,5
3736407,5
3736415,5
3736424,5
3736432,5
3736440,5
3736448,5
3736457,5
3736465,5
3736473,4
3736482,5
3736490,5
3736499,5
3736507,5
3736515,5
3736524,5
3736532,5
3736540,5
3736549,5
3736557,5
3736565,5
3736573,5
3736582,5
3736590,5
3736598,5
3736607,5
3736615,5
3736624,5
3736632,5
3736640,5
3736649,5
3736657,5
3736665,5
3736674,5
3736682,5
3736690,5
3736699,5
3736715,5
3736724,5
3736732,5
3736740,5
3736749,5
3736757,5
3736765,5
3736774,5
3736782,5
3736790,5
3736799,5
3736807,5
3736815,5
3736823,5
3736832,5
3736840,5
3736848,5
3736857,5
3736865,5
3736874,5
3736882,5
3736890,5
3736898,5
3736907,5
3736915,5
3736923,5
3736932,5
3736949,5
3736957,5
3736965,5
3736973,5
3736982,5
3736990,5
3736999,5
3737007,5
3737023,5
3737032,5
3737040,5
3737049,5
3737057,5
3737074,5
3737082,5
3737090,5
3737098,5
3737107,5
3737115,5
3737124,5
3737132,5
3737140,5
3737148,5
3737157,5
3737165,5
3737173,5
3737182,5
3737190,5
3737199,5
3737207,5
3737215,5
3737223,5
3737232,5
3737240,5
3737249,5
3737257,5
3737265,5
3737273,5
3737282,5
3737290,5
3737315,5
3737323,5
3737332,5
3737340,5
3737349,5
3737357,5
3737373,5
3737382,5
3737390,5
3737399,5
3737407,5
3737415,5
3737423,5
3737432,5
3737440,5
3737449,5
3737457,5
3737465,5
3737473,0
3737482,0
3737490,0
3737498,0
3737507,5
3737515,5
3737523,5
3737532,5
3737540,5
3737548,5
3737557,5
3737565,5
3737573,5
3737582,5
3737591,5
3737598,5
3737607,5
3737615,5
3737623,5
3737632,5
3737640,5
3737648,5
3737657,5
3737665,5
3737673,5
3737682,5
3737690,5
3737698,5
3737707,5
3737715,5
3737723,5
3737732,5
3737740,5
3737748,5
3737757,5
3737765,5
3737773,5
3737782,5
3737790,5
3737798,5
3737807,5
3737815,5
3737832,5
3737840,5
3737848,5
3737857,5
3737865,5
3737882,5
3737890,5
3737898,5
3737915,5
3737932,5
3737940,5
3737948,5
3737957,5
3737965,5
3737982,5
3737990,5
3737998,5
3738015,5
3738032,5
3738040,0
3738048,0
3738057,0
3738065,0
3738082,0
3738090,0
3738098,0
3738107,0
3738115,0
3738132,0
3738140,0
3738148,0
3738157,0
3738165,0
3738182,0
3738190,0
3738198,0
3738207,0
3738215,0
3738232,0
3738240,0
3738257,0
3738265,0
3738282,0
3738290,0
3738307,0
3738315,0
3738332,0
3738340,0
3738357,0
3738365,0
3738382,0
3738390,0
3738407,0
3738415,0
3738432,0
3738440,0
3738457,0
3738465,0
3738482,0
3738490,0
3738507,0
3738515,0
3738540,0
3738557,0
3738565,0
3738573,0
3738582,0
3738590,0
3738607,0
3738615,0
3738632,0
3738640,0
3738657,0
3738665,0
3738682,0
3738690,0
3738707,0
3738715,0
3738732,0
3738740,0
3738757,0
3738765,0
3738773,0
3738782,0
3738790,0
3738807,0
3738815,0
3738832,0
3738840,1
3738865,1
3738873,1
3738890,1
3738907,5
3738915,5
3738940,5
3738973,4
3738982,4
3739007,4
3739032,5
3739040,5
3739065,5
3739082,5
3739090,5
3739107,5
3739115,5
3739132,5
3739140,5
3739165,5
3739182,5
3739190,5
3739207,5
3739215,5
3739303,4
3739311,4
3739328,5
3739336,5
3739344,5
3739353,5
3739361,5
3739369,0
3739378,0
3739403,0
3739411,0
3739428,0
3739453,0
3739461,0
3739469,0
3739478,0
3739486,0
3739494,0
3739503,0
3739511,0
3739519,0
3739528,0
3739536,0
3739544,0
3739553,0
3739561,5
3739569,5
3739578,5
3739594,5
3739603,5
3739611,5
3739619,5
3739628,5
3739636,5
3739644,5
3739653,5
3739661,5
3739669,5
3739678,5
3739686,5
3739695,5
3739703,5
3739711,0
3739728,0
3739736,0
3739753,0
3739761,5
3739769,5
3739778,5
3739786,5
3739794,5
3739803,5
3739811,5
3739819,5
3739828,5
3739836,5
3739845,5
3739853,5
3739861,5
3739869,5
3739878,5
3739894,5
3739903,5
3739911,4
3739928,5
3739936,5
3739944,5
3739953,5
3739961,5
3739969,5
3739978,5
3739986,5
3739995,5
3740003,5
3740011,4
3740028,5
3740036,5
3740044,5
3740053,5
3740061,5
3740069,5
3740078,5
3740086,5
3740094,5
3740103,5
3740111,5
3740119,5
3740128,5
3740136,5
3740144,5
3740153,5
3740161,5
3740169,5
3740178,5
3740186,5
3740194,5
3740203,4
3740211,4
3740228,5
3740236,5
3740244,5
3740253,5
3740261,5
3740269,5
3740278,5
3740286,5
3740294,5
3740303,5
3740311,5
3740328,5
3740336,5
3740344,5
3740353,5
3740361,5
3740369,5
3740378,5
3740386,5
3740394,5
3740403,5
3740411,5
3740419,5
3740428,5
3740611,5
3740619,5
3740628,0
3740636,0
3740644,0
3740653,0
3740661,0
3740669,5
3740677,5
3740686,5
3740694,5
3740703,0
3740711,0
3740719,0
3740728,0
3740736,0
3740744,0
3740753,0
3740761,0
3740769,0
3740778,0
3740786,0
3740794,0
3740802,0
3740811,0
3740828,0
3740836,0
3740844,0
3740852,0
3740869,0
3740877,5
3740886,5
3740894,5
3740903,5
3740911,5
3740920,5
3740927,5
3740936,5
3740944,5
3740953,5
3740961,5
3740969,5
3740977,5
3740986,5
3740994,5
3741002,5
3741011,5
3741019,5
3741028,5
3741036,5
3741044,5
3741053,0
3741061,0
3741069,0
3741078,0
3741086,0
3741094,0
3741102,0
3741111,0
3741119,5
3741127,5
3741136,5
3741144,5
3741153,5
3741161,5
3741169,5
3741177,5
3741186,5
3741194,5
3741202,5
3741211,5
3741219,5
3741228,5
3741236,5
3741244,5
3741253,5
3741261,5
3741269,5
3741277,5
3741286,5
3741294,5
3741302,0
3741311,0
3741319,0
3741327,0
3741336,0
3741344,0
3741353,0
3741361,0
3741369,0
3741377,0
3741386,0
3741394,0
3741402,0
3741411,0
3741427,0
3741436,0
3741444,0
3741452,0
3741461,0
3741469,0
3741477,5
3741486,5
3741494,5
3741502,5
3741511,4
3741527,5
3741536,5
3741544,5
3741552,5
3741561,5
3741569,5
3741577,5
3741586,5
3741594,5
3741602,5
3741611,0
3741627,0
3741636,0
3741644,0
3741652,0
3741661,5
3741669,5
3741677,5
3741686,5
3741694,5
3741702,5
3741711,5
3741727,5
3741736,5
3741744,5
3741753,5
3741761,5
3741769,5
3741777,5
3741786,5
3741794,5
3741802,1
3741811,1
3741819,1
3741836,1
3741844,5
3741853,5
3741861,5
3741869,5
3741877,0
3741886,0
3741894,0
3741902,0
3741911,0
3741919,0
3741927,0
3741936,0
3741944,0
3741952,0
3741961,5
3741969,5
3741977,5
3741986,5
3741994,5
3742002,5
3742011,5
3742019,5
3742027,5
3742036,5
3742044,5
3742052,5
3742061,5
3742069,5
3742077,5
3742086,5
3742094,5
3742102,5
3742111,5
3742119,5
3742127,5
3742136,5
3742144,5
3742152,5
3742161,5
3742169,5
3742177,5
3742186,5
3742194,5
3742202,5
3742211,4
3742227,5
3742236,5
3742244,5
3742252,5
3742261,5
3742269,5
3742277,5
3742286,5
3742294,5
3742302,5
3742311,5
3742327,5
3742336,5
3742344,5
3742352,5
3742361,5
3742369,5
3742377,5
3742386,5
3742394,5
3742402,5
3742411,5
3742427,5
3742436,5
3742444,5
3742452,5
3742461,5
3742469,5
3742477,5
3742486,5
3742494,5
3742502,5
3742511,5
3742527,5
3742536,5
3742544,5
3742552,5
3742561,5
3742569,5
3742577,5
3742586,5
3742594,0
3742602,0
3742611,0
3742627,0
3742636,0
3742644,5
3742652,5
3742661,5
3742677,4
3742686,4
3742702,4
3742711,4
3742727,4
3742736,4
3742752,5
3742761,5
3742769,5
3742777,5
3742786,5
3742794,5
3742802,5
3742811,5
3742819,1
3742827,1
3742836,1
3742844,1
3742852,1
3742861,1
3742869,1
3742877,2
3742886,2
3742894,2
3742902,2
3742911,2
3742927,1
3742936,1
3742944,1
3742952,1
3742961,1
3742969,1
3742977,4
3742986,2
3742994,2
3743002,2
3743011,2
3743019,2
3743027,1
3743036,1
3743044,1
3743052,1
3743061,1
3743069,1
3743077,1
3743086,1
3743094,1
3743102,1
3743111,1
3743119,1
3743127,1
3743136,2
3743144,2
3743152,2
3743169,6
3743177,6
3743186,6
3743194,6
3743202,6
3743211,4
3743227,6
3743236,6
3743252,6
3743261,6
3743277,6
3743286,6
3743302,6
3743311,4
3743327,5
3743336,5
3743344,5
3743352,5
3743361,5
3743369,6
3743377,6
3743386,6
3743394,6
3743402,6
3743411,6
3743419,6
3743427,6
3743436,6
3743444,6
3743452,6
3743461,6
3743469,6
3743477,6
3743486,6
3743494,6
3743502,6
3743511,4
3743527,6
3743536,6
3743544,6
3743552,6
3743561,6
3743569,6
3743577,6
3743586,6
3743594,6
3743602,6
3743611,6
3743619,6
3743627,6
3743644,6
3743652,6
3743661,6
3743669,6
3743677,6
3743686,6
3743694,6
3743702,6
3743711,6
3743719,6
3743727,6
3743736,6
3743744,6
3743752,6
3743761,6
3743769,6
3743777,6
3743786,6
3743794,6
3743802,6
3743811,6
3743819,6
3743827,6
3743844,6
3743852,6
3743861,6
3743869,6
3743877,6
3743886,6
3743894,6
3743902,6
3743919,6
3743927,6
3743936,6
3743952,6
3743961,6
3743969,6
3743977,6
3743994,6
3744002,6
3744019,6
3744027,6
3744044,6
3744052,6
3744061,6
3744077,6
3744086,6
3744102,6
3744111,6
3744119,6
3744127,6
3744136,6
3744152,6
3744161,6
3744257,2
3744265,2
3744273,2
3744282,2
3744290,2
3744298,2
3744307,2
3744315,2
3744323,2
3744332,2
3744340,2
3744348,1
3744357,1
3744365,1
3744373,1
3744382,1
3744390,1
3744398,1
3744407,1
3744415,1
3744431,1
3744440,1
3744448,1
3744456,1
3744465,1
3744473,1
3744482,1
3744490,1
3744498,1
3744531,1
3744540,1
3744548,1
3744557,1
3744565,1
3744581,1
3744590,1
3744606,2
3744615,2
3744631,2
3744640,6
3744648,6
3744656,6
3744665,6
3744682,2
3744690,2
3744698,2
3744706,2
3744715,2
3744723,2
3744731,1
3744740,1
3744748,1
3744756,1
3744765,1
3744773,1
3744781,2
3744790,2
3744798,2
3744806,2
3744815,2
3744831,2
3744840,2
3744848,1
3744856,1
3744865,1
3744873,1
3744881,1
3744890,1
3744898,1
3744906,1
3744915,1
3744931,1
3744940,1
3744948,1
3744956,1
3744965,1
3744973,1
3744982,1
3744990,1
3744998,1
3745006,1
3745015,1
3745023,1
3745031,1
3745040,1
3745048,1
3745057,1
3745065,1
3745073,1
3745082,1
3745090,1
3745098,1
3745106,1
3745115,1
3745131,1
3745140,1
3745148,1
3745156,1
3745165,1
3745173,1
3745181,1
3745190,1
3745198,6
3745206,6
3745215,4
3745223,4
3745231,1
3745240,1
3745248,1
3745256,1
3745265,1
3745273,1
3745281,1
3745290,1
3745298,1
3745306,1
3745315,1
3745331,1
3745340,1
3745356,1
3745365,1
3745373,1
3745381,1
3745390,1
3745398,1
3745406,1
3745423,5
3745431,5
3745440,5
3745448,5
3745456,5
3745465,5
3745473,5
3745481,5
3745490,5
3745498,5
3745523,5
3745531,5
3745540,5
3745548,5
3745556,5
3745565,5
3745573,5
3745581,5
3745590,5
3745606,5
3745615,5
3745631,5
3745640,5
3745648,5
3745656,5
3745665,5
3745673,5
3745681,5
3745690,5
3745698,5
3745707,5
3745715,5
3745723,0
3745731,0
3745740,0
3745748,0
3745756,0
3745765,5
3745773,5
3745781,5
3745790,5
3745798,5
3745806,5
3745815,0
3745831,0
3745840,0
3745848,0
3745856,0
3745865,5
3745873,5
3745881,5
3745890,5
3745898,5
3745906,5
3745915,0
3745931,0
3745940,0
3745948,0
3745956,0
3745965,0
3745973,0
3745981,0
3745990,0
3745998,0
3746006,0
3746015,0
3746031,0
3746040,6
3746048,6
3746056,6
3746065,6
3746073,6
3746081,6
3746098,6
3746106,0
3746123,0
3746131,0
