3668292,5
3668300,5
3668317,5
3668325,5
3668342,5
3668350,5
3668367,5
3668375,5
3668392,5
3668400,5
3668417,5
3668425,5
3668442,5
3668450,5
3668467,5
3668475,5
3668492,5
3668500,5
3668517,5
3668525,5
3668542,5
3668550,5
3668567,5
3668576,5
3668592,5
3668600,5
3668617,5
3668625,5
3668642,5
3668650,0
3669351,0
3669368,0
3669376,0
3669393,0
3669401,0
3669426,0
3669443,0
3669451,0
3669468,0
3669476,0
3669493,0
3669501,0
3669518,0
3669526,0
3669543,0
3669551,0
3669568,0
3669576,0
3669593,0
3669601,0
3669618,0
3669626,0
3669643,0
3669651,0
3669668,0
3669676,0
3669701,0
3669718,0
3669726,0
3669743,0
3669751,0
3669768,0
3669776,0
3669793,0
3669801,0
3669826,0
3669851,0
3669868,0
3669876,0
3669893,0
3669901,0
3669918,0
3669926,0
3669943,0
3669951,0
3669968,0
3669976,0
3669993,0
3670001,0
3670018,0
3670026,0
3670043,0
3670051,0
3670068,0
3670076,0
3670093,5
3670101,5
3670118,5
3670126,5
3670143,5
3670151,5
3670168,5
3670176,5
3670193,5
3670201,5
3670218,5
3670226,5
3670251,5
3670268,5
3670276,5
3670293,5
3670301,5
3670326,5
3670414,0
3670439,0
3670447,0
3670464,0
3670472,0
3670497,0
3670514,0
3670522,0
3670539,5
3670547,5
3670564,5
3670572,5
3670589,5
3670597,5
3670622,5
3670647,5
3670689,5
3670697,5
3670714,5
3670722,5
3670739,5
3670747,5
3670764,5
3670772,5
3670797,5
3670822,5
3670839,5
3670847,5
3670872,5
3670889,5
3670897,5
3670914,5
3670922,5
3670947,5
3670964,5
3670972,5
3670997,5
3671014,5
3671022,5
3671039,5
3671047,5
3671064,5
3671072,5
3671089,5
3671097,5
3671114,5
3671122,5
3671139,5
3671147,5
3671172,5
3671197,5
3671214,5
3671239,5
3671272,5
3671289,5
3671297,5
3671347,5
3671364,5
3671389,5
3671397,5
3671493,1
3671510,1
3671535,1
3671543,1
3671560,1
3671568,1
3671585,5
3671593,5
3671610,1
3671618,1
3671635,1
3671643,1
3671660,1
3671668,1
3671685,5
3671693,5
3671710,1
3671718,1
3671735,1
3671743,1
3671760,1
3671768,1
3671785,1
3671793,1
3671810,1
3671818,1
3671835,1
3671843,1
3671868,1
3671885,5
3671893,5
3671910,1
3671935,1
3671943,1
3671960,1
3671968,1
3671985,2
3671993,2
3672010,2
3672035,2
3672043,2
3672068,2
3672085,1
3672093,1
3672110,1
3672118,2
3672135,2
3672143,2
3672160,2
3672168,2
3672185,2
3672193,2
3672210,2
3672218,2
3672235,2
3672243,2
3672260,2
3672285,2
3672293,2
3672310,2
3672318,5
3672335,5
3672360,5
3672368,5
3672385,5
3672393,5
3672410,5
3672418,5
3672435,5
3672443,5
3672460,5
3672468,5
3672556,5
3672581,5
3672589,5
3672606,5
3672614,5
3672631,5
3672656,5
3672664,5
3672681,5
3672689,5
3672706,5
3672714,5
3672731,5
3672739,5
3672756,5
3672764,5
3672781,5
3672806,5
3672814,5
3672831,5
3672856,5
3672889,5
3672906,5
3672914,5
3672931,5
3672956,5
3672964,5
3672981,5
3672989,5
3673006,5
3673014,5
3673031,5
3673056,5
3673064,5
3673081,5
3673106,5
3673131,5
3673339,2
3673356,2
3673364,2
3673381,1
3673389,1
3673406,1
3673431,1
3673439,1
3673456,1
3673464,1
3673481,1
3673489,1
3673514,1
3673539,2
3673635,2
3673652,1
3673660,5
3673677,5
3673702,5
3673710,0
3673727,0
3673735,0
3673752,0
3673760,0
3673777,0
3673785,0
3673802,0
3673810,0
3673827,0
3673852,0
3673860,0
3673877,0
3673885,0
3673910,0
3673927,0
3673935,0
3673952,0
3673960,0
3673977,0
3673985,0
3674002,0
3674010,0
3674035,0
3674060,0
3674077,0
3674085,0
3674102,0
3674110,0
3674135,0
3674152,0
3674160,0
3674185,0
3674202,0
3674235,0
3674260,0
3674277,0
3674285,0
3674302,0
3674310,0
3674327,0
3674335,0
3674360,0
3674377,0
3674402,0
3674410,0
3674427,0
3674435,0
3674460,0
3674485,0
3674527,0
3674535,0
3674560,0
3674585,0
3674610,0
3674706,0
3674723,0
3674731,0
3674756,0
3674781,0
3674798,0
3674806,5
3674856,5
3674881,5
3674906,5
3674931,5
3674956,5
3674981,5
3675006,5
3675023,0
3675031,0
3675048,0
3675056,0
3675081,0
3675098,5
3675106,5
3675123,5
3675131,5
3675148,5
3675156,5
3675173,5
3675181,5
3675198,5
3675206,5
3675223,5
3675231,5
3675248,5
3675256,5
3675281,5
3675298,5
3675306,5
3675323,5
3675331,5
3675348,5
3675356,5
3675381,5
3675398,5
3675406,5
3675423,5
3675431,5
3675456,5
3675473,5
3675481,5
3675498,5
3675506,5
3675523,5
3675531,5
3675548,5
3675573,5
3675598,5
3675623,5
3675631,5
3675648,5
3675656,5
3675673,5
3675681,5
3675698,5
3675706,5
3675731,5
3675748,5
3675756,5
3675773,5
3675806,5
3678053,5
3678070,5
3678078,5
3678094,5
3678103,5
3678120,5
3678128,5
3678145,5
3678153,5
3678170,5
3678178,5
3678195,5
3678211,5
3678228,5
3678245,5
3678270,5
3678278,5
3678345,5
3678370,5
3678378,5
3678403,5
3678420,5
3678428,5
3678453,5
3678478,0
3678494,0
3678503,0
3678528,0
3678545,0
3678553,0
3678569,5
3678578,5
3678603,5
3678619,0
3678628,0
3678669,0
3678678,0
3678695,0
3678703,0
3678719,0
3678728,0
3678753,5
3678770,5
3678795,5
3678803,0
3678819,0
3678828,0
3678844,0
3678853,0
3678878,0
3678894,0
3678903,0
3678919,0
3678928,0
3678936,5
3678944,5
3678969,5
3678994,0
3679003,0
3679011,5
3679028,5
3679116,2
3679124,5
3679140,5
3679149,5
3679174,5
3679199,5
3679224,5
3679324,5
3679341,5
3679349,0
3679365,0
3679374,0
3679390,0
3679399,0
3679415,0
3679424,5
3679440,5
3679449,2
3679457,2
3679465,2
3679474,2
3679491,2
3679499,2
3679515,2
3679524,2
3679532,2
3679540,2
3679549,2
3679565,2
3679574,2
3679591,2
3679615,2
3679640,2
3679649,2
3679665,2
3679674,2
3679699,2
3679724,2
3679740,2
3679749,2
3679774,2
3679790,2
3679799,2
3679824,2
3679840,2
3679849,2
3679865,2
3679874,2
3679890,2
3679899,2
3679924,2
3679932,2
3679949,2
3679965,2
3679974,2
3681541,6
3681557,6
3681566,6
3681582,1
3681591,1
3681616,1
3681632,1
3681657,6
3681666,6
3681682,6
3681691,6
3681699,1
3681707,1
3681733,1
3681757,5
3681782,5
3681807,5
3681833,5
3681841,5
3681857,5
3681866,0
3681882,5
3681907,5
3681916,5
3681932,5
3681941,5
3681957,5
3681966,5
3681982,5
3681991,5
3682016,5
3682033,5
3682041,5
3682057,5
3682066,5
3682091,5
3682107,5
3682116,5
3682132,5
3682141,5
3682157,5
3682166,5
3682182,5
3682191,5
3682207,5
3682233,5
3682241,5
3682329,5
3682337,5
3682353,5
3682362,5
3682378,5
3682387,5
3682403,5
3682412,5
3682428,5
3682437,5
3682453,5
3682462,5
3682478,5
3682487,5
3682503,5
3682512,5
3682528,5
3682537,5
3682553,5
3682578,5
3682603,5
3682612,5
3682628,5
3682637,5
3682653,5
3682662,5
3682678,5
3682687,5
3682703,5
3682712,5
3682728,5
3682737,5
3682753,5
3682762,5
3682778,5
3682787,5
3682803,5
3682812,5
3682828,5
3682853,5
3682862,5
3682878,5
3682887,5
3682903,5
3682912,5
3682928,5
3682937,5
3682953,5
3682962,5
3682978,5
3682987,5
3683003,5
3683012,5
3683028,5
3683037,5
3683053,5
3683062,5
3683078,5
3683087,5
3683103,5
3683112,5
3683128,5
3683137,5
3683153,5
3683162,5
3683178,5
3683187,5
3683505,5
3683513,5
3683529,5
3683538,5
3683554,5
3683563,0
3683579,0
3683604,0
3683638,5
3683654,5
3683663,5
3683679,5
3683704,5
3683729,0
3683754,0
3683779,0
3683804,0
3683829,0
3683854,0
3683879,5
3683904,5
3683929,5
3683954,5
3683979,5
3684004,5
3684029,5
3684054,0
3684079,5
3684104,5
3684154,5
3684179,5
3684204,5
3684229,5
3684254,5
3684279,5
3684304,5
3684330,5
3684354,5
3684379,5
3684404,5
3684429,5
3684454,5
3684479,5
3684576,5
3684600,5
3684625,5
3684650,5
3684675,5
3684700,5
3684725,5
3684750,5
3684775,5
3684800,5
3684825,5
3684850,5
3684875,5
3684900,5
3684925,5
3684950,5
3684975,5
3685025,5
3685050,5
3685075,5
3685100,5
3685125,5
3685150,5
3685500,5
3685525,0
3685550,5
3685914,5
3685939,5
3685964,5
3685989,5
3686014,5
3686039,5
3686064,5
3686089,5
3686114,5
3686139,5
3686164,5
3686189,5
3686214,5
3686240,5
3686264,5
3686289,5
3686314,5
3686339,5
3686364,5
3686389,5
3686414,5
3686439,5
3686464,5
3686489,5
3686514,5
3686539,5
3686564,5
3686589,5
3686614,5
3686623,5
3686639,5
3686648,5
3686665,5
3686673,1
3686681,2
3686689,2
3686723,5
3686731,5
3686748,5
3686773,5
3686798,5
3686839,5
3686848,5
3686864,5
3686873,5
3686969,5
3688275,2
3688283,2
3688291,2
3688299,2
3688308,2
3688324,2
3688333,2
3688349,2
3688357,2
3688374,2
3688383,2
3688399,2
3688408,3
3688424,3
3688433,3
3688441,3
3688449,3
3688458,3
3688474,3
3688482,3
3688499,3
3688508,3
3688524,3
3688533,3
3688549,3
3688558,3
3688574,3
3688582,3
3688608,3
3688633,3
3688658,3
3688674,3
3688683,2
3688699,2
3688708,2
3688724,2
3688733,3
3688749,3
3688758,2
3688774,2
3688783,2
3688799,3
3688807,3
3688824,3
3688833,3
3688849,3
3688858,3
3688874,3
3688883,3
3688899,3
3688908,3
3688924,3
3688933,3
3688949,3
3688957,3
3688974,3
3688982,3
3688999,3
3689008,3
3689024,3
3689033,3
3689049,3
3689057,3
3689074,3
3689082,3
3689099,3
3689107,3
3689125,3
3689133,3
3689149,3
3689158,3
3689174,3
3689182,2
3689199,2
3689207,2
3689224,2
3689233,2
3689249,2
3689257,2
3689266,3
3689274,3
3689282,2
3689299,2
3689307,2
3689324,2
3689421,2
3689437,1
3689445,1
3689462,1
3689471,1
3689479,1
3689487,1
3689496,1
3689512,1
3689529,1
3689537,1
3689545,1
3689562,1
3689570,1
3689587,1
3689596,1
3689613,1
3689629,2
3689695,3
3689704,2
3689712,2
3689737,2
3689762,1
3689779,2
3689787,2
3689812,2
3689820,2
3689837,2
3689854,2
3689862,2
3689871,2
3689896,2
3689912,2
3689937,2
3689962,6
3689987,6
3690012,6
3690037,1
3690045,1
3690054,1
3690062,1
3690087,1
3690112,1
3690137,6
3690145,2
3690162,2
3690170,1
3690187,1
3690212,1
3690220,1
3690237,1
3690245,2
3690262,2
3690270,2
3690287,2
3690295,1
3690312,1
3690320,1
3690338,1
3690345,1
3690362,1
3690370,1
3690387,1
3690395,1
3690491,2
3690508,2
3690516,2
3690533,2
3690542,2
3690558,2
3690566,2
3690583,2
3690591,5
3690608,5
3690616,1
3690633,1
3690641,1
3690650,2
3690667,2
3690692,2
3690716,2
3690741,2
3690767,2
3690783,1
3690791,1
3690800,1
3690808,1
3690816,1
3690833,1
3690841,1
3690858,1
3690866,1
3690883,1
3690891,1
3690908,1
3690916,1
3690925,1
3690933,1
3690941,1
3690966,1
3690991,2
3691016,2
3691041,2
3691058,1
3691066,1
3691083,1
3691091,1
3691108,1
3691116,1
3691133,1
3691141,1
3691150,1
3691158,1
3691166,1
3691175,1
3691183,1
3691216,1
3691233,1
3691241,1
3691258,1
3691267,1
3691275,1
3691291,1
3691316,2
3691341,2
3691350,2
3691366,2
3691391,2
3691408,2
3691416,1
3691433,1
3691441,1
3691466,1
3691554,2
3691562,2
3691579,2
3691587,2
3691596,1
3691604,1
3691612,1
3691654,2
3691679,5
3691704,5
3691712,2
3691729,2
3691762,2
3691779,2
3691787,2
3691796,2
3691804,2
3691812,2
3691829,2
3691912,3
3691937,3
3691946,3
3692187,3
3692212,3
3692229,3
3692237,3
3692254,2
3692262,2
3692279,2
3692287,2
3692304,2
3692312,2
3692329,2
3692337,2
3692354,2
3692362,2
3692379,2
3692387,2
3692404,2
3692412,2
3692429,2
3692437,2
3692454,2
3692462,2
3692479,2
3692487,2
