3690580,4
3690588,4
3690596,4
3690605,5
3690613,5
3690621,5
3690630,5
3690638,5
3690646,5
3690655,5
3690663,5
3690671,5
3690680,5
3690688,5
3690696,5
3690705,5
3690713,5
3690721,5
3690730,5
3690738,5
3690747,5
3690755,5
3690763,5
3690771,5
3690780,5
3690788,5
3690796,5
3690805,5
3690813,5
3690821,5
3690830,5
3690838,5
3690846,5
3690855,5
3690863,5
3690871,5
3690880,5
3690888,5
3690896,5
3690905,5
3690913,5
3690921,5
3690930,5
3690938,5
3690946,5
3690955,5
3690963,5
3690971,1
3690980,1
3690988,1
3690996,1
3691005,1
3691013,1
3691021,1
3691030,1
3691038,1
3691046,1
3691055,1
3691063,1
3691071,1
3691080,1
3691088,1
3691096,1
3691105,1
3691113,1
3691121,1
3691130,1
3691138,1
3691146,1
3691155,1
3691163,1
3691171,1
3691180,1
3691188,1
3691196,1
3691205,1
3691213,1
3691221,1
3691230,1
3691238,1
3691246,1
3691255,1
3691263,1
3691271,1
3691280,1
3691288,1
3691296,1
3691305,1
3691313,1
3691321,1
3691330,1
3691338,1
3691346,1
3691355,1
3691363,1
3691371,1
3691380,1
3691388,1
3691396,1
3691405,1
3691413,1
3691421,1
3691463,1
3691613,1
3691621,1
3691638,1
3691646,1
3691663,1
3691671,1
3691688,1
3691696,2
3691713,2
3691721,2
3691738,2
3691747,2
3691755,2
3691763,2
3691771,2
3691788,2
3691796,2
3691813,2
3691838,2
3691846,2
3691863,2
3691871,6
3691888,6
3691896,6
3691905,6
3691913,6
3691930,6
3691938,6
3691946,6
3691955,6
3691963,6
3691971,6
3691980,6
3691988,6
3691996,6
3692005,6
3692013,6
3692021,6
3692030,6
3692038,6
3692046,2
3692055,2
3692063,2
3692071,2
3692080,2
3692088,2
3692096,2
3692105,2
3692113,2
3692121,2
3692130,2
3692138,2
3692146,2
3692155,2
3692163,2
3692171,6
3692180,6
3692188,6
3692196,6
3692205,6
3692213,6
3692221,6
3692230,6
3692238,2
3692246,2
3692255,2
3692263,2
3692271,2
3692280,2
3692288,2
3692296,2
3692305,2
3692313,2
3692321,2
3692330,2
3692338,2
3692346,2
3692355,2
3692363,2
3692371,2
3692380,2
3692388,2
3692396,2
3692405,2
3692413,2
3692421,2
3692430,2
3692438,2
3692446,2
3692455,2
3692463,2
3692471,2
3692480,2
3692488,2
3692576,2
3692584,2
3692592,2
3692601,2
3692609,2
3692617,2
3692626,2
3692634,2
3692642,2
3692651,2
3692659,2
3692667,2
3692676,2
3692684,2
3692692,2
3692701,2
3692709,2
3692717,2
3692726,2
3692734,2
3692742,2
3692751,2
3692759,2
3692767,2
3692776,2
3692784,2
3692792,2
3692801,2
3692809,1
3692826,1
3692834,1
3692842,4
3692851,4
3692859,4
3692867,4
3692876,4
3692884,4
3692892,2
3692901,2
3692909,2
3692917,2
3692926,2
3692934,2
3692942,2
3692951,2
3692959,2
3692967,2
3692976,2
3692984,2
3692992,2
3693001,2
3693009,2
3693017,2
3693042,2
3693276,3
3693284,3
3693292,3
3693301,3
3693309,3
3693317,3
3693326,3
3693334,3
3693342,3
3693351,3
3693359,3
3693367,3
3693376,3
3693384,3
3693392,3
3693401,3
3693409,3
3693417,3
3693426,2
3693434,2
3693442,3
3693451,3
3693459,4
3693476,3
3693484,3
3693492,2
3693501,2
3693509,2
3693517,2
3693526,2
3693534,2
3693542,2
3693551,2
3693559,2
3693567,2
3693656,2
3693664,2
3693672,2
3693681,2
3693697,2
3693706,2
3693739,2
3693756,2
3693764,2
3693772,2
3693797,2
3693814,2
3693822,2
3693839,2
3693847,2
3693864,2
3693872,2
3693889,2
3693914,2
3693939,2
3693947,2
3693964,2
3693972,2
3693989,2
3693997,2
3694014,2
3694022,2
3694039,2
3694047,2
3694056,2
3694064,2
3694072,2
3694081,2
3694089,2
3694097,2
3694106,2
3694114,2
3694122,2
3694131,2
3694139,2
3694147,2
3694156,2
3694164,2
3694172,2
3694181,2
3694189,2
3694197,2
3694206,2
3694214,2
3694222,2
3694231,2
3694239,2
3694247,2
3694256,2
3694264,2
3694272,2
3694281,2
3694289,2
3694297,2
3694306,2
3694314,2
3694322,2
3694331,2
3694339,2
3694347,2
3694356,2
3694364,2
3694372,2
3694381,2
3694389,2
3694397,2
3694406,2
3694414,2
3694422,2
3694431,2
3694439,2
3694447,2
3694456,2
3694464,2
3694472,2
3694481,2
3694489,2
3694497,2
3694506,2
3694514,2
3694522,2
3694531,2
3694539,2
3694547,2
3694556,2
3694564,2
3694572,2
3694581,2
3694589,2
3694597,2
3694606,2
3694614,2
3694622,2
3694631,2
3694639,2
3694647,2
3694655,2
3694664,2
3694672,2
3694681,2
3694689,2
3694697,2
3694705,2
3694714,2
3694722,2
3694731,2
3694739,2
3694747,2
3694755,2
3694764,2
3694772,2
3694780,2
3694789,2
3694797,2
3694805,2
3694814,2
3694822,2
3694830,2
3694839,2
3694847,2
3694855,2
3694864,2
3694872,2
3694881,2
3694889,2
3694897,2
3694906,2
3694914,2
3694922,1
3694931,1
3694939,1
3694947,5
3694956,5
3694964,5
3694972,5
3694980,5
3694989,5
3694997,5
3695005,5
3695014,5
3695022,5
3695031,5
3695039,5
3695047,5
3695055,5
3695064,5
3695072,5
3695080,5
3695089,5
3695097,5
3695105,5
3695114,5
3695122,5
3695130,5
3695139,5
3695147,5
3695155,5
3695164,5
3695172,5
3695180,5
3695189,5
3695197,5
3695205,5
3695214,5
3695222,5
3695231,5
3695239,5
3695247,5
3695256,5
3695264,5
3695272,5
3695280,5
3695289,5
3695297,5
3695306,5
3695314,5
3695322,5
3695330,5
3695339,5
3695347,5
3695355,5
3695364,5
3695372,5
3695380,5
3695389,5
3695397,1
3695406,1
3695414,1
3695422,1
3695430,1
3695439,1
3695447,1
3695455,1
3695464,1
3695472,1
3695480,1
3695489,1
3695497,1
3695505,1
3695514,1
3695522,1
3695530,1
3695539,1
3695547,1
3695555,1
3695564,1
3695572,1
3695580,1
3695589,1
3695597,1
3695605,1
3695614,1
3695622,1
3695630,1
3695639,1
3695647,1
3695655,1
3695664,1
3695672,1
3695680,1
3695689,1
3695697,1
3695706,1
3695714,1
3695722,1
3695730,1
3695739,1
3695747,1
3695755,1
3695764,1
3695772,1
3695780,1
3695789,1
3695797,1
3695805,1
3695814,1
3695822,1
3695830,1
3695839,1
3695847,1
3695855,1
3695864,1
3695872,1
3695880,1
3695889,1
3695897,1
3695905,1
3695914,1
3695922,1
3695930,1
3695939,1
3695947,1
3695955,1
3695964,1
3695972,1
3695980,1
3695989,1
3695997,1
3696005,1
3696014,1
3696022,1
3696030,1
3696039,1
3696047,1
3696055,1
3696064,1
3696072,1
3696080,1
3696089,1
3696097,1
3696105,1
3696114,1
3696122,1
3696130,1
3696139,1
3696147,1
3696155,1
3696164,1
3696172,1
3696180,1
3696189,1
3696197,1
3696205,1
3696214,1
3696222,1
3696230,1
3696247,1
3696255,1
3696272,1
3696281,1
3696297,1
3696305,1
3696322,1
3696330,1
3696347,1
3696355,1
3696364,1
3696405,1
3696422,1
3696430,1
3696447,1
3696455,1
3696472,1
3696480,1
3696497,1
3696505,1
3696522,1
3696530,4
3696547,1
3696555,1
3696572,1
3696580,1
3696597,1
3696605,1
3696622,1
3696630,1
3696647,2
3696655,2
3696672,2
3696680,2
3696689,2
3696697,2
3696705,2
3696714,2
3696722,2
3696730,2
3696739,2
3696747,2
3696755,2
3696764,2
3696772,2
3696780,2
3696789,2
3696797,2
3696805,2
3696814,2
3696822,2
3696830,2
3696839,2
3696847,2
3696855,2
3696864,2
3696872,2
3696880,2
3696889,2
3696897,2
3696905,2
3696914,2
3696922,2
3696930,2
3696939,2
3696947,2
3696955,2
3696964,2
3696972,2
3696980,2
3696989,2
3696997,2
3697005,2
3697014,2
3697022,2
3697030,2
3697039,2
3697047,2
3697055,2
3697064,2
3697072,2
3697080,2
3697089,2
3697097,2
3697105,2
3697114,2
3697122,2
3697130,2
3697139,2
3697147,2
3697155,2
3697164,2
3697172,2
3697180,2
3697189,2
3697197,2
3697205,2
3697214,2
3697222,2
3697230,2
3697239,2
3697247,2
3697255,2
3697264,2
3697272,2
3697280,2
3697289,2
3697297,2
3697305,2
3697314,2
3697322,2
3697330,2
3697339,2
3697347,2
3697355,2
3697364,2
3697372,2
3697380,2
3697389,2
3697397,2
3697405,2
3697414,2
3697422,2
3697430,2
3697439,2
3697447,2
3697455,2
3697464,2
3697472,2
3697630,2
3697639,2
3697647,2
3697664,2
3697672,2
3697680,2
3697689,2
3697697,2
3697706,2
3697714,1
3697722,1
3697730,1
3697739,2
3697747,2
3697755,2
3697764,2
3697772,2
3697780,2
3697789,2
3697797,2
3697805,2
3697814,2
3697822,2
3697830,2
3697839,2
3697847,2
3697855,2
3697864,2
3697872,2
3697880,2
3697889,2
3697897,2
3697905,2
3697914,2
3697922,2
3697930,2
3697939,2
3697947,2
3697955,2
3697964,2
3697972,2
3697980,2
3697989,2
3697997,2
3698005,2
3698014,2
3698022,2
3698030,2
3698039,2
3698047,2
3698055,2
3698064,2
3698072,2
3698080,2
3698089,2
3698097,2
3698105,2
3698114,2
3698122,2
3698130,2
3698139,2
3698147,2
3698155,2
3698164,2
3698172,2
3698180,2
3698189,2
3698197,2
3698205,2
3698214,2
3698222,2
3698230,2
3698239,2
3698247,2
3698255,2
3698264,2
3698272,2
3698280,2
3698289,2
3698297,2
3698305,2
3698313,2
3698322,2
3698330,2
3698339,2
3698347,2
3698355,2
3698364,2
3698372,2
3698380,2
3698389,2
3698397,2
3698405,2
3698414,2
3698422,2
3698430,2
3698439,2
3698447,2
3698455,2
3698638,2
3698647,2
3698655,2
3698663,1
3698672,1
3698680,1
3698688,1
3698697,1
3698705,1
3698714,1
3698722,1
3698730,5
3698738,5
3698747,5
3698755,5
3698764,5
3698772,5
3698780,5
3698788,5
3698797,5
3698805,5
3698814,5
3698822,5
3698830,5
3698838,5
3698847,5
3698855,5
3698863,5
3698872,5
3698880,5
3698888,5
3698897,5
3698905,5
3698913,5
3698922,5
3698930,5
3698938,5
3698947,5
3698955,5
3698963,5
3698972,5
3698980,5
3698988,5
3698997,5
3699005,5
3699013,5
3699022,5
3699030,5
3699039,5
3699047,5
3699055,5
3699063,5
3699072,5
3699080,5
3699089,5
3699097,5
3699105,5
3699113,5
3699122,5
3699130,5
3699138,5
3699147,5
3699155,5
3699164,6
3699172,6
3699180,6
3699188,6
3699197,6
3699205,6
3699213,6
3699222,6
3699230,6
3699238,6
3699247,6
3699255,6
3699263,6
3699272,6
3699280,6
3699288,6
3699297,6
3699305,6
3699313,6
3699322,6
3699330,6
3699338,6
3699347,6
3699355,6
3699363,6
3699372,6
3699380,6
3699388,6
3699397,6
3699405,6
3699413,6
3699422,6
3699430,6
3699447,1
3699455,1
3699472,1
3699480,1
3699497,1
3699505,1
3699513,1
3699522,1
3699530,1
3699538,1
3699547,1
3699555,1
3699563,1
3699572,1
3699580,1
3699588,1
3699597,1
3699605,1
3699613,1
3699622,1
3699630,1
3699638,1
3699647,1
3699655,1
3699663,1
3699672,1
3699680,1
3699688,1
3699697,1
3699705,1
3699713,1
3699722,1
3699730,1
3699738,1
3699747,1
3699755,1
3699763,1
3699772,1
3699780,1
3699788,1
3699797,1
3699805,1
3699813,1
3699822,1
3699830,1
3699839,1
3699847,1
3699856,1
3699863,1
3699872,1
3699880,1
3699888,1
3699897,1
3699905,1
3699913,1
3699922,1
3699930,1
3699938,1
3699947,1
3699955,1
3699963,1
3699972,1
3699980,1
3699988,1
3699997,1
3700005,1
3700013,1
3700022,1
3700030,1
3700038,1
3700047,1
3700055,1
3700063,1
3700072,1
3700080,1
3700088,1
3700097,1
3700105,1
3700114,1
3700122,1
3700130,1
3700138,1
3700147,1
3700235,1
3700243,1
3700251,1
3700259,1
3700268,1
3700276,1
3700284,1
3700293,4
3700309,1
3700318,1
3700326,1
3700334,1
3700343,1
3700351,1
3700359,1
3700368,1
3700376,1
3700384,1
3700393,4
3700409,1
3700418,1
3700426,1
3700434,1
3700443,1
3700451,1
3700459,1
3700468,1
3700476,5
3700484,5
3700493,4
3700509,5
3700518,5
3700526,5
3700534,5
3700543,5
3700551,5
3700559,5
3700568,5
3700576,5
3700584,5
3700593,4
3700609,5
3700618,5
3700626,5
3700634,5
3700643,5
3700651,5
3700659,5
3700668,5
3700676,5
3700684,5
3700693,4
3700709,5
3700718,5
3700726,5
3700734,5
3700743,5
3700751,5
3700759,5
3700768,5
3700776,5
3700784,5
3700793,4
3700809,5
3700818,5
3700826,5
3700834,5
3700843,5
3700851,5
3700859,5
3700868,5
3700876,5
3700884,5
3700893,4
3700909,6
3700918,6
3700926,6
3700934,6
3700943,6
3700951,6
3700959,6
3700968,6
3700976,6
3700984,6
3700993,4
3701009,5
3701018,5
3701026,5
3701034,5
3701043,5
3701051,5
3701059,5
3701068,5
3701076,5
3701084,5
3701093,4
3701109,5
3701118,5
3701126,5
3701134,5
3701143,5
3701151,5
3701159,5
3701168,5
3701176,5
3701184,5
3701193,4
3701209,5
3701218,5
3701306,5
3701314,5
3701322,5
3701330,5
3701339,5
3701347,5
3701355,5
3701364,5
3701372,5
3701380,5
3701389,5
3701397,5
3701405,5
3701414,5
3701555,5
3701572,5
3701580,5
3701589,5
3701597,5
3701605,5
3701614,2
3701630,2
3701647,2
3701655,4
3701664,2
3701672,2
3701680,2
3701689,2
3701697,2
3701705,2
3701714,2
3701730,2
3701739,2
3701747,2
3701755,2
3701764,2
3701772,2
3701780,2
3701789,2
3701797,2
3701805,2
3701814,2
3701822,2
3701830,2
3701839,2
3701847,2
3701855,2
3701864,2
3701872,2
3701880,2
3701897,2
3701905,2
3701914,2
3701922,2
3701930,2
3701939,2
3701947,2
3701955,2
3701964,2
3701972,2
3701980,2
3701989,2
3701997,2
3702005,2
3702014,2
3702022,2
3702030,2
3702039,1
3702047,1
3702064,4
3702072,1
3702080,1
3702097,1
3702114,1
3702122,1
3702130,1
3702139,1
3702147,1
3702164,4
3702172,1
3702180,1
3702189,1
3702197,1
3702205,1
3702214,1
3702222,1
3702230,1
3702239,1
3702247,1
3702255,1
3702264,1
3702272,1
3702280,1
3702289,1
3702297,1
3702305,1
3702314,1
3702322,1
3702330,1
3702339,1
3702347,1
3702355,1
3702364,1
3702380,1
3702389,1
3702405,1
3702414,1
3702422,2
3702430,2
3702439,2
3702447,2
3702455,2
3702472,2
3702630,1
3702639,1
3702647,1
3702655,1
3702672,1
3702680,1
3702689,1
3702697,1
3702705,1
3702714,1
3702722,1
3702730,1
3702739,1
3702747,1
3702755,1
3702764,1
3702780,1
3702789,1
3702797,1
3702805,1
3702814,1
3702822,1
3702830,1
3702839,1
3702847,1
3702855,1
3702864,4
3702872,4
3702880,1
3702889,1
3702897,1
3702905,1
3702914,1
3702922,1
3702930,1
3702939,1
3702947,1
3702955,1
3702964,4
3702972,4
3702980,1
3702989,1
3702997,1
3703005,1
3703014,5
3703022,5
3703030,5
3703039,5
3703047,5
3703055,5
3703064,4
3703080,6
3703089,6
3703097,6
3703105,6
3703114,6
3703122,6
3703130,6
3703139,6
3703147,6
3703155,6
3703164,4
3703172,4
3703180,6
3703189,6
3703197,6
3703205,6
3703214,6
3703222,6
3703230,6
3703239,6
3703247,6
3703255,6
3703264,4
3703280,6
3703289,6
3703297,6
3703305,6
3703314,6
3703322,6
3703330,6
3703339,6
3703347,6
3703355,6
3703364,4
3703380,6
3703388,6
3703397,6
3703405,6
3703414,6
3703422,6
3703430,6
3703439,6
3703447,6
3703455,6
3703464,6
3703472,6
3703480,6
3703489,2
3703497,2
3703505,2
3703514,2
3703522,2
3703530,2
3703538,2
3703547,2
3703555,2
3703563,2
3703572,2
3703580,2
3703588,2
3703597,2
3703605,2
3703613,2
3703630,2
3703638,2
3703647,2
3703655,2
3703664,2
3703680,2
3703688,2
3703697,2
3703705,2
3703713,2
3703722,2
3703730,2
3703738,2
3703747,4
3703755,4
3703764,4
3703780,6
3703788,6
3703797,6
3703805,6
3703813,6
3703822,6
3703830,6
3703838,6
3703847,6
3703855,6
3703864,4
3703880,6
3703888,6
3703897,6
3703905,6
3703913,6
3703922,6
3703930,6
3703938,6
3703947,6
3703955,6
3703963,4
3703980,6
3703988,6
3703997,6
3704005,6
3704013,6
3704022,6
3704030,6
3704038,6
3704047,6
3704055,6
3704063,4
3704080,6
3704088,6
3704097,6
3704105,6
3704114,6
3704122,6
3704130,6
3704139,6
3704147,2
3704155,2
3704163,2
3704172,2
3704180,2
3704188,2
3704197,2
3704205,2
3704213,6
3704222,6
3704230,6
3704238,6
3704247,2
3704255,2
3704264,2
3704280,2
3704288,2
3704297,2
3704305,1
3704313,1
3704322,1
3704330,4
3704355,4
3704363,4
3704380,4
3704388,4
3704397,6
3704405,6
3704413,6
3704422,6
3704430,6
3704438,6
3704447,6
3704455,6
3704463,4
3704472,4
3704480,1
3704488,1
3704497,1
3704505,1
3704513,6
3704522,6
3704530,6
3704539,6
3704547,2
3704555,2
3704563,2
3704572,2
3704580,2
3704588,2
3704597,2
3704605,1
3704613,1
3704622,1
3704630,2
3704638,2
3704647,2
3704655,2
3704663,4
3704672,4
3704680,1
3704688,1
3704697,1
3704705,1
3704713,1
3704722,1
3704730,2
3704738,2
3704747,2
3704755,2
3704763,2
3704772,2
3704780,2
3704788,2
3704797,2
3704805,2
3704813,2
3704822,2
3704830,2
3704838,2
3704847,2
3704855,2
3704863,2
3704880,2
3704888,2
3704897,2
3704905,2
3704913,2
3704922,2
3704930,2
3704938,2
3704947,4
3704955,4
3704963,4
3704980,3
3704988,3
3704997,2
3705005,2
3705013,2
3705022,2
3705030,2
3705038,2
3705047,2
3705055,2
3705063,4
3705072,4
3705080,4
3705088,2
3705097,2
3705105,2
3705113,2
3705122,2
3705130,2
3705138,2
3705147,2
3705155,2
3705163,2
3705172,3
3705180,3
3705188,3
3705197,3
3705205,3
3705213,3
3705222,3
3705230,3
3705238,3
3705247,3
3705255,3
3705263,3
3705280,3
3705288,3
3705305,3
3705314,3
3705322,3
3705330,3
3705338,3
3705347,3
3705355,3
3705538,4
3705547,4
3705563,3
3705572,3
3705580,3
3705588,3
3705597,3
3705605,3
3705613,3
3705622,3
3705630,3
3705638,3
3705647,3
3705655,3
3705663,3
3705672,3
3705680,2
3705688,2
3705697,2
3705705,2
3705713,1
3705722,1
3705730,1
3705738,2
3705747,2
3705772,2
3705780,2
3705797,3
3705805,4
3705822,3
3705830,3
3705838,3
3705847,3
3705855,3
3705863,3
3705872,3
3705880,3
3705888,3
3705897,3
3705905,3
3705913,3
3705922,3
3705930,3
3705938,3
3705947,2
3705955,2
3705963,2
3705972,2
3705980,2
3705988,2
3705997,2
3706005,2
3706014,2
3706022,2
3706030,2
3706038,2
3706047,2
3706055,2
3706063,2
3706080,2
3706088,2
3706097,2
3706105,2
3706113,2
3706122,2
3706130,2
3706155,2
3706163,2
3706172,2
3706180,2
3706188,2
3706197,2
3706205,2
3706213,2
3706222,2
3706230,2
3706238,2
3706247,2
3706255,2
3706263,4
3706280,2
3706288,2
3706297,2
3706305,2
3706313,2
3706322,2
3706330,2
3706338,2
3706347,2
3706355,2
3706363,2
3706372,2
3706380,2
3706388,5
3706538,5
3706547,5
3706555,1
3706563,1
3706572,1
3706580,1
3706588,1
3706597,1
3706605,1
3706613,1
3706622,1
3706638,1
3706647,1
3706655,1
3706663,1
3706672,1
3706680,1
3706688,1
3706697,1
3706705,1
3706713,1
3706722,1
3706730,1
3706738,1
3706747,1
3706755,1
3706763,4
3706780,1
3706788,1
3706797,5
3706805,5
3706813,5
3706822,5
3706830,4
3706838,4
3706847,5
3706855,5
3706863,4
3706880,5
3706888,5
3706897,5
3706905,5
3706913,5
3706922,5
3706930,5
3706938,5
3706947,5
3706955,5
3706963,4
3706980,5
3706988,5
3706997,5
3707005,5
3707013,5
3707022,5
3707030,5
3707038,5
3707047,5
3707055,5
3707063,4
3707080,5
3707088,5
3707097,5
3707105,5
3707113,5
3707122,5
3707130,5
3707138,5
3707147,5
3707155,5
3707163,4
3707180,5
3707188,5
3707197,5
3707205,5
3707213,5
3707222,5
3707230,5
3707238,5
3707247,6
3707255,6
3707263,6
3707272,6
3707280,6
3707288,6
3707297,6
3707305,6
3707313,6
3707321,6
3707330,6
3707338,6
3707347,6
3707355,6
3707363,4
3707380,1
3707388,1
3707396,1
3707405,1
3707413,1
3707422,1
3707430,1
3707438,1
3707447,1
3707455,1
3707463,1
3707472,1
3707480,1
3707488,1
3707496,1
3707505,1
3707513,1
3707522,6
3707530,6
3707538,6
3707547,6
3707555,6
3707563,4
3707580,6
3707588,6
3707596,6
3707605,6
3707613,6
3707621,6
3707630,6
3707638,6
3707647,6
3707655,6
3707663,6
3707671,6
3707680,6
3707688,6
3707696,6
3707705,6
3707713,6
3707721,6
3707730,6
3707738,6
3707746,6
3707755,6
3707763,4
3707771,4
3707780,6
3707788,6
3707796,6
3707805,6
3707813,6
3707821,6
3707830,6
3707838,6
3707846,6
3707855,6
3707863,6
3707871,6
3707880,6
3707888,6
3707896,6
3707905,6
3707913,6
3707921,6
3707930,6
3707938,6
3707946,6
3707955,6
3707963,6
3707972,6
3707980,6
3707988,6
3707996,6
3708005,6
3708013,6
3708021,6
3708030,6
3708038,6
3708046,6
3708055,6
3708063,6
3708071,6
3708080,6
3708088,6
3708096,1
3708105,1
3708113,1
3708121,1
3708130,1
3708138,1
3708147,1
3708155,1
3708163,4
3708180,1
3708188,1
3708196,1
3708205,1
3708213,1
3708221,1
3708230,1
3708388,5
3708396,5
3708405,5
3708413,5
3708421,5
3708430,5
3708438,5
3708446,5
3708455,5
3708471,5
3708480,5
3708496,1
3708505,1
3708513,1
3708521,1
3708530,1
3708538,1
3708546,1
3708555,1
3708563,1
3708572,1
3708580,1
3708588,1
3708596,1
3708605,1
3708613,1
3708621,1
3708630,1
3708638,1
3708646,1
3708655,1
3708663,4
3708671,4
3708680,1
3708688,1
3708696,1
3708705,1
3708713,1
3708721,1
3708730,1
3708738,1
3708747,1
3708755,1
3708763,1
3708771,1
3708780,1
3708788,1
3708796,1
3708805,1
3708813,1
3708821,1
3708830,1
3708838,1
3708846,2
3708855,2
3708863,2
3708871,2
3708880,2
3708888,6
3708896,6
3708905,6
3708913,6
3708921,6
3708930,6
3708938,6
3708946,6
3708955,2
3708963,2
3708980,2
3708988,6
3708996,6
3709005,6
3709013,6
3709021,6
3709030,6
3709038,6
3709046,6
3709055,6
3709063,4
3709071,4
3709080,2
3709088,2
3709096,1
3709105,1
3709113,1
3709121,1
3709130,1
3709138,1
3709147,1
3709155,1
3709163,1
3709180,1
3709188,1
3709205,1
3709213,1
3709230,1
3709238,1
3709246,1
3709255,1
3709263,4
3709280,5
3709288,5
3709305,5
3709313,5
3709321,5
3709330,5
3709338,5
3709355,5
3709363,5
3709371,5
3709380,5
3709388,5
3709396,1
3709405,1
3709413,1
3709430,1
3709438,1
3709446,1
3709455,1
3709463,4
3709480,1
3709488,1
3709496,1
3709505,1
3709513,1
3709521,1
3709530,1
3709538,1
3709547,1
3709555,1
3709563,4
3709580,1
3709588,1
3709596,1
3709605,1
3709613,5
3709621,5
3709630,5
3709638,5
3709646,5
3709655,5
3709663,5
3709671,5
3709680,5
3709696,5
3709705,5
3709713,5
3709721,5
3709730,5
3709738,5
3709746,5
3709755,5
3709763,5
3709771,5
3709780,5
3709788,5
3709796,5
3709805,5
3709813,5
3709821,6
3709830,6
3709838,6
3709846,6
3709855,6
3709863,6
3709871,6
3709880,6
3709888,6
3709896,6
3709905,6
3709913,6
3709921,6
3709930,6
3709938,6
3709946,6
3709955,6
3709963,4
3709980,6
3709988,6
3709996,6
3710005,6
3710013,6
3710021,6
3710030,6
3710038,6
3710046,6
3710055,6
3710063,4
3710080,6
3710088,6
3710096,6
3710105,6
3710113,6
3710121,6
3710130,6
3710138,6
3710146,6
3710155,6
3710163,6
3710171,6
3710180,6
3710188,6
3710196,6
3710205,6
3710213,6
3710221,6
3710230,6
3710238,6
3710246,6
3710255,6
3710263,6
3710271,6
3710280,6
3710288,6
3710296,6
3710305,6
3710313,6
3710321,6
3710330,6
3710338,6
3710346,6
3710355,6
3710363,6
3710371,6
3710380,6
3710388,6
3710396,6
3710405,6
3710413,6
3710421,6
3710430,6
3710438,6
3710446,6
3710455,6
3710463,6
3710471,6
3710480,6
3710488,6
3710496,6
3710505,6
3710513,6
3710521,6
3710530,6
3710538,6
3710546,6
3710555,6
3710563,6
3710571,6
3710580,6
3710588,6
3710596,6
3710605,6
3710613,6
3710621,6
3710630,6
3710638,6
3710646,6
3710655,6
3710663,4
3710671,6
3710680,6
3710688,6
3710696,6
3710705,6
3710713,6
3710721,6
3710730,6
3710738,6
3710746,6
3710755,6
3710763,6
3710771,6
3710780,6
3710788,6
3710796,6
3710805,6
3710813,6
3710821,6
3710829,6
3710838,6
3710846,6
3710855,6
3710863,6
3710871,6
3710879,6
3710888,6
3710896,6
3710905,6
3710913,6
3710921,6
3710929,6
3710938,6
3710946,6
3710954,6
3710963,6
3710971,6
3710980,6
3710988,6
3710996,6
3711005,6
3711013,6
3711021,6
3711030,6
3711038,6
3711046,6
3711054,6
3711063,6
3711071,6
3711080,6
3711088,6
3711096,6
3711104,6
3711113,6
3711121,6
3711130,6
3711138,6
3711147,5
3711155,5
3711163,5
3711171,5
3711180,5
3711188,5
3711196,5
3711205,5
3711213,5
3711221,5
3711229,5
3711238,5
3711246,5
3711255,5
3711263,5
3711271,5
3711279,5
3711288,5
3711296,5
3711305,5
3711313,5
3711321,5
3711330,5
3711338,5
3711346,5
3711354,5
3711363,5
3711371,5
3711379,5
3711388,5
3711396,5
3711404,5
3711413,5
3711421,5
3711429,5
3711438,5
3711446,5
3711455,5
3711463,5
3711471,5
3711479,5
3711488,5
3711496,5
3711505,5
3711513,5
3711521,5
3711530,5
3711538,5
3711546,5
3711563,5
3711571,4
3711580,4
3711863,4
3711871,6
3711879,6
3711896,6
3711904,6
3711913,6
3711921,6
3711929,4
3711938,4
3711946,6
3711954,6
3711963,6
3711971,6
3711979,6
3711988,6
3711996,6
3712004,6
3712013,6
3712021,6
3712029,6
3712038,6
3712046,6
3712054,6
3712063,6
3712071,6
3712079,6
3712088,6
3712096,6
3712105,6
3712113,6
3712121,6
3712129,6
3712138,6
3712146,6
3712154,6
3712163,6
3712171,6
3712180,6
3712188,6
3712196,6
3712205,6
3712213,6
3712221,6
3712229,6
3712238,6
3712246,6
3712254,6
3712263,4
3712271,6
3712279,6
3712288,6
3712296,6
3712304,6
3712313,6
3712321,6
3712329,6
3712338,6
3712346,6
3712354,6
3712363,6
3712371,6
3712379,6
3712388,6
3712396,6
3712404,6
3712413,6
3712421,6
3712429,6
3712438,6
3712446,6
3712454,6
3712463,6
3712471,6
3712479,6
3712488,6
3712496,6
3712504,6
3712513,6
3712521,6
3712529,6
3712538,6
3712546,6
3712554,6
3712563,6
3712571,6
3712579,6
3712588,6
3712596,6
3712604,6
3712613,6
3712621,6
3712629,6
3712638,6
3712646,6
3712654,6
3712663,6
3712671,6
3712679,6
3712688,6
3712696,6
3712705,6
3712713,6
3712721,6
3712729,6
3712738,6
3712746,6
3712754,6
3712763,6
3712771,6
3712779,6
3712788,6
3712796,6
3712804,6
3712813,6
3712821,6
3712829,6
3712838,6
3712846,6
3712854,6
3712863,6
3712871,6
3712880,6
3712888,6
3712896,6
3712904,6
3712913,6
3712921,6
3712929,6
3712938,6
3712946,6
3712954,6
3712963,6
3712971,6
3712979,6
3712988,6
3712996,6
3713004,6
3713013,6
3713021,6
3713029,6
3713038,6
3713046,6
3713054,6
3713063,6
3713071,6
3713079,6
3713088,6
3713096,6
3713104,6
3713113,6
3713121,6
3713129,6
3713138,6
3713146,6
3713154,6
3713163,6
3713171,6
3713179,6
3713188,6
3713196,6
3713204,6
3713213,6
3713221,6
3713229,6
3713238,6
3713246,6
3713254,6
3713263,6
3713271,6
3713279,1
3713288,1
3713296,1
3713304,1
3713313,1
3713321,1
3713329,1
3713338,1
3713346,1
3713354,1
3713363,1
3713371,1
3713379,1
3713388,1
3713396,1
3713405,1
3713413,1
3713421,1
3713429,1
3713438,1
3713446,1
3713454,1
3713463,1
3713471,1
3713479,1
3713488,1
3713496,1
3713504,1
3713513,1
3713521,1
3713529,1
3713538,1
3713546,6
3713554,6
3713563,6
3713571,6
3713579,6
3713588,6
3713596,6
3713604,6
3713613,6
3713621,6
3713629,6
3713638,6
3713646,6
3713654,6
3713663,6
3713671,6
3713679,6
3713688,6
3713696,6
3713704,6
3713713,6
3713721,6
3713729,6
3713738,6
3713746,6
3713754,6
3713763,6
3713771,6
3713779,6
3713788,6
3713796,6
3713804,6
3713813,6
3713821,6
3713829,6
3713838,6
3713846,6
3713854,6
3713863,6
3713871,6
3713879,6
3713888,6
3713896,6
3713904,6
3713913,6
3713921,6
3713929,6
3713938,6
3713946,6
3713954,6
3713963,6
3713971,6
3713979,6
3713988,6
3713996,6
3714004,6
3714013,6
3714021,6
3714029,6
3714038,6
3714046,6
3714054,6
3714063,6
3714071,6
3714079,6
3714088,6
3714096,6
3714104,6
3714113,6
3714121,6
3714129,6
3714138,6
3714146,6
3714154,6
3714163,6
3714171,6
3714179,6
3714188,6
3714196,6
3714204,6
3714221,6
3714379,0
3714388,0
3714404,0
3714413,0
3714421,0
3714429,0
3714438,6
3714446,6
3714454,6
3714463,6
3714471,6
3714479,6
3714488,6
3714496,6
3714504,6
3714513,6
3714521,6
3714529,6
3714538,6
3714546,6
3714554,6
3714563,6
3714571,6
3714579,6
3714588,6
3714596,6
3714604,6
3714613,6
3714621,6
3714629,6
3714638,6
3714646,6
3714654,6
3714663,6
3714671,6
3714679,6
3714688,6
3714696,6
3714704,6
3714713,6
3714721,6
3714729,6
3714738,6
3714746,6
3714754,6
3714763,6
3714771,6
3714779,6
3714788,6
3714796,6
3714804,6
3714813,6
3714821,6
3714829,6
3714838,6
3714846,6
3714854,6
3714863,6
3714871,6
3714879,6
3714888,6
3714896,6
3714904,6
3714913,6
3714921,6
3714929,6
3714938,6
3714946,6
3714954,6
3714962,6
3714971,6
3714979,6
3714987,6
3714996,6
3715004,6
3715013,6
3715021,6
3715029,6
3715038,6
3715046,6
3715054,6
3715063,6
3715071,6
3715079,6
3715088,6
3715096,6
3715104,6
3715112,6
3715121,6
3715129,6
3715137,6
3715146,6
3715154,6
3715163,6
3715171,6
3715179,6
3715187,6
3715196,6
3715204,6
3715213,6
3715221,6
3715229,6
3715238,6
3715246,6
3715254,6
3715263,6
3715271,6
3715279,6
3715288,6
3715296,6
3715304,6
3715313,6
3715321,6
3715329,6
3715338,6
3715346,6
3715354,6
3715362,6
3715371,6
3715379,6
3715387,6
3715396,6
3715404,6
3715413,6
3715421,6
3715429,6
3715437,6
3715446,1
3715454,1
3715462,1
3715471,1
3715479,1
3715488,1
3715496,1
3715504,1
3715512,1
3715521,1
3715529,1
3715537,1
3715546,1
3715554,1
3715562,1
3715571,1
3715579,1
3715587,1
3715596,1
3715604,1
3715612,1
3715621,1
3715629,1
3715637,1
3715646,1
3715654,1
3715662,1
3715671,1
3715679,1
3715687,1
3715696,1
3715704,1
3715712,1
3715721,1
3715729,1
3715738,1
3715746,1
3715754,1
3715762,1
3715771,1
3715779,1
3715787,1
3715796,1
3715804,1
3715812,1
3715821,1
3715829,1
3715837,1
3715846,1
3715854,1
3715862,1
3715871,1
3715879,1
3715887,1
3715896,1
3715904,1
3715912,1
3715921,1
3715929,1
3715938,1
3715946,1
3715954,1
3715962,1
3715971,1
3715979,1
3715987,1
3715996,1
3716004,1
3716012,1
3716021,6
3716029,6
3716037,6
3716046,6
3716054,6
3716062,6
3716071,6
3716079,6
3716087,6
3716096,6
3716104,6
3716112,6
3716121,6
3716129,6
3716138,6
3716146,6
3716154,6
3716162,6
3716171,6
3716179,6
3716187,6
3716196,6
3716204,6
3716212,6
3716221,6
3716229,6
3716237,6
3716246,6
3716254,6
3716262,6
3716271,6
3716279,6
3716287,6
3716296,6
3716304,6
3716312,6
3716321,6
3716329,6
3716337,6
3716346,6
3716354,6
3716371,6
3716529,6
3716537,4
3716546,2
3716554,2
3716571,2
3716579,2
3716596,6
3716621,6
3716629,6
3716637,6
3716646,6
3716654,6
3716662,6
3716671,6
3716679,6
3716687,6
3716696,6
3716704,6
3716712,6
3716721,6
3716729,6
3716737,6
3716746,6
3716754,6
3716762,6
3716771,6
3716779,6
3716787,6
3716796,6
3716804,6
3716812,6
3716821,6
3716829,6
3716837,6
3716846,6
3716854,6
3716862,6
3716871,6
3716879,6
3716887,6
3716896,6
3716904,6
3716912,6
3716921,6
3716929,6
3716937,6
3716946,6
3716954,6
3716962,6
3716971,6
3716979,6
3716987,6
3716996,6
3717004,6
3717012,6
3717021,6
3717029,6
3717038,6
3717046,6
3717054,6
3717062,6
3717071,6
3717079,6
3717087,6
3717096,6
3717104,6
3717112,6
3717121,6
3717129,6
3717137,6
3717146,6
3717154,6
3717162,6
3717171,6
3717179,6
3717187,6
3717196,6
3717204,6
3717212,6
3717221,6
3717229,6
3717237,6
3717246,6
3717254,6
3717262,6
3717271,6
3717279,6
3717287,6
3717296,6
3717304,6
3717312,6
3717321,6
3717329,6
3717337,6
3717346,6
3717354,6
3717362,6
3717371,6
3717379,6
3717387,6
3717396,6
3717404,6
3717412,6
3717421,6
3717429,6
3717437,6
3717446,6
3717454,6
3717462,6
3717471,6
3717479,6
3717487,6
3717496,6
3717504,6
3717512,6
3717521,6
3717529,6
3717537,6
3717546,6
3717554,6
3717562,6
3717571,6
3717579,6
3717587,6
3717596,6
3717604,6
3717612,6
3717621,6
3717629,6
3717637,6
3717646,6
3717654,6
3717662,6
3717671,6
3717679,6
3717687,6
3717696,6
3717704,6
3717712,6
3717721,6
3717729,6
3717737,6
3717746,6
3717754,6
3717762,6
3717771,6
3717779,6
3717787,6
3717796,6
3717804,6
3717812,6
3717821,6
3717829,6
3717837,6
3717846,6
3717854,6
3717862,6
3717871,6
3717879,6
3717887,6
3717896,6
3717904,6
3717912,6
3717921,6
3717929,6
3717937,6
3717946,6
3717954,6
3717962,6
3717971,6
3717979,6
3717987,6
3717996,6
3718004,6
3718012,6
3718021,6
3718029,6
3718037,6
3718046,6
3718054,6
3718062,6
3718071,6
3718079,6
3718087,6
3718096,6
3718104,6
3718112,6
3718121,6
3718129,6
3718137,6
3718146,6
3718154,6
3718162,6
3718171,6
3718179,6
3718187,6
3718196,6
3718204,6
3718212,6
3718221,6
3718229,6
3718237,6
3718246,6
3718254,6
3718262,6
3718271,6
3718279,6
3718287,6
3718296,6
3718304,6
3718312,6
3718321,6
3718329,6
3718337,6
3718346,6
3718354,6
3718362,6
3718371,6
3718379,6
3718387,6
3718396,6
3718404,6
3718412,6
3718421,6
3718429,6
3718437,6
3718446,6
3718454,6
3718462,6
3718471,6
3718479,6
3718487,6
3718496,6
3718504,6
3718512,6
3718521,6
3718529,6
3718537,6
3718546,6
3718554,6
3718562,6
3718571,6
3718579,6
3718587,6
3718596,6
3718604,6
3718612,6
3718621,6
3718629,6
3718637,6
3718646,6
3718654,6
3718662,6
3718671,6
3718679,6
3718687,6
3718696,6
3718704,6
3718712,6
3718721,6
3718729,6
3718737,6
3718746,6
3718754,6
3718762,6
3718770,6
3718779,6
3718787,6
3718796,6
3718804,6
3718812,6
3718820,6
3718829,6
3718837,6
3718845,6
3718854,6
3718862,6
3718871,6
3718879,6
3718887,6
3718895,6
3718904,6
3718912,6
3718921,6
3718929,6
3718937,6
3718945,6
3718954,6
3718962,6
3718970,6
3718979,6
3718987,6
3718996,6
3719004,6
3719012,6
3719021,6
3719029,6
3719037,6
3719046,6
3719054,6
3719062,6
3719070,6
3719079,6
3719087,6
3719095,6
3719104,6
3719112,6
3719121,6
3719129,6
3719137,6
3719145,6
3719154,6
3719162,6
3719170,6
3719179,6
3719187,6
3719354,0
3719362,0
3719370,0
3719387,0
3719395,0
3719404,0
3719412,6
3719420,6
3719429,4
3719437,4
3719445,6
3719454,6
3719462,6
3719470,6
3719479,6
3719487,6
3719495,6
3719504,6
3719512,6
3719520,6
3719529,6
3719537,4
3719554,6
3719562,6
3719571,6
3719579,6
3719587,6
3719595,6
3719604,6
3719612,6
3719620,6
3719629,6
3719637,6
3719646,6
3719654,6
3719662,6
3719670,6
3719679,6
3719687,6
3719695,6
3719704,6
3719712,6
3719720,6
3719729,6
3719737,6
3719746,6
3719754,6
3719762,6
3719770,6
3719779,6
3719787,6
3719795,6
3719804,6
3719812,6
3719820,6
3719829,6
3719837,6
3719845,6
3719854,6
3719862,6
3719870,6
3719879,6
3719887,6
3719895,6
3719904,6
3719912,6
3719920,6
3719929,6
3719937,6
3719945,6
3719954,6
3719962,6
3719970,6
3719979,6
3719987,6
3719995,6
3720004,6
3720012,6
3720020,6
3720029,6
3720037,6
3720045,6
3720054,6
3720062,6
3720070,6
3720079,6
3720087,6
3720095,6
3720104,6
3720112,6
3720120,6
3720129,6
3720137,6
3720145,6
3720154,6
3720162,6
3720170,6
3720179,6
3720187,6
3720195,6
3720204,6
3720212,6
3720220,6
3720229,6
3720237,6
3720245,6
3720254,6
3720262,6
3720270,6
3720279,6
3720287,6
3720295,6
3720304,6
3720312,6
3720320,6
3720329,6
3720337,6
3720345,6
3720354,6
3720362,6
3720370,6
3720379,6
3720387,6
3720395,6
3720404,6
3720412,6
3720420,6
3720429,6
3720437,6
3720445,6
3720454,6
3720462,6
3720470,6
3720479,6
3720487,6
3720495,6
3720504,6
3720512,6
3720520,6
3720529,6
3720537,6
3720545,6
3720554,6
3720562,6
3720570,6
3720579,6
3720587,6
3720595,6
3720604,6
3720612,6
3720637,6
3720645,6
3720654,6
3720662,6
3720670,6
3720679,6
3720687,6
3720695,6
3720704,6
3720712,6
3720720,6
3720729,6
3720737,6
3720745,6
3720754,6
3720762,6
3720770,6
3720779,6
3720787,6
3720795,6
3720804,6
3720812,6
3720820,6
3720829,6
3720837,6
3720845,6
3720854,6
3720862,6
3720870,6
3720879,6
3720887,6
3720895,6
3720904,6
3720912,6
3720920,6
3720929,6
3720937,6
3720945,6
3720954,6
3720962,6
3720970,6
3720979,6
3720987,6
3720995,6
3721004,6
3721012,6
3721020,6
3721029,6
3721037,6
3721045,6
3721054,6
3721062,6
3721070,6
3721079,6
3721087,6
3721095,6
3721104,6
3721112,6
3721120,6
3721129,6
3721137,6
3721145,6
3721154,6
3721162,6
3721170,6
3721179,6
3721187,6
3721195,6
3721204,6
3721212,6
3721220,6
3721229,6
3721237,6
3721245,6
3721254,6
3721262,6
3721270,6
3721279,6
3721287,6
3721295,6
3721304,6
3721312,6
3721320,6
3721329,6
3721337,4
3721354,6
3721362,6
3721370,4
3721379,4
3721387,4
3721395,4
3721554,4
3721570,4
3721579,4
3721595,4
3721604,4
3721620,3
3721629,3
3721645,3
3721654,3
3721670,3
3721695,3
3721704,3
3721720,3
3721737,3
3721745,3
3721754,3
3721762,3
3721770,3
3721779,3
3721787,3
3721795,3
3721804,3
3721812,3
3721820,3
3721829,3
3721837,3
3721845,3
3721854,3
3721862,3
3721870,3
3721879,3
3721887,3
3721895,3
3721904,3
3721912,3
3721920,3
3721929,3
3721937,3
3721945,3
3721954,3
3721962,3
3721970,3
3721979,3
3721987,3
3721995,3
3722004,3
3722012,3
3722020,3
3722029,3
3722037,3
3722045,3
3722054,3
3722062,3
3722070,3
3722079,3
3722087,3
3722095,3
3722104,3
3722112,3
3722120,3
3722129,3
3722137,3
3722145,3
3722154,3
3722162,3
3722170,3
3722179,3
3722187,3
3722195,3
3722204,3
3722212,3
3722220,3
3722229,3
3722237,3
3722245,3
3722254,3
3722262,3
3722270,3
3722279,3
3722287,3
3722295,3
3722304,2
3722312,2
3722320,2
3722329,2
3722337,2
3722346,2
3722354,2
3722379,2
3722387,2
3722395,2
3722404,2
3722412,2
3722420,2
3722429,2
3722437,2
3722445,2
3722454,2
3722462,2
3722470,2
3722479,2
3722487,2
3722495,2
3722504,2
3722512,2
3722520,2
3722529,2
3722537,2
3722545,2
3722554,2
3722562,2
3722570,2
3722579,2
3722587,2
3722595,2
3722604,2
3722612,2
3722620,2
3722628,2
3722637,2
3722645,2
3722654,2
3722662,2
3722670,2
3722679,2
3722687,2
3722695,2
3722703,2
3722712,2
3722720,2
3722729,2
3722737,2
3722745,2
3722754,2
3722762,2
3722770,3
3722779,3
3722787,3
3722795,3
3722803,3
3722812,3
3722820,3
3722828,3
3722837,3
3722845,3
3722854,3
3722862,3
3722870,3
3722879,3
3722887,3
3722895,3
3722903,3
3722912,3
3722920,3
3722929,3
3722937,3
3722945,3
3722954,3
3722962,3
3722970,3
3722979,3
3722987,3
3722995,3
3723004,3
3723012,3
3723020,3
3723028,3
3723037,3
3723045,3
3723054,3
3723062,3
3723070,3
3723079,3
3723087,3
3723095,3
3723103,3
3723112,3
3723120,3
3723128,3
3723137,3
3723145,3
3723154,3
3723162,3
3723170,3
3723178,3
3723187,3
3723195,3
3723203,3
3723212,3
3723220,3
3723228,3
3723237,3
3723245,3
3723254,3
3723262,3
3723270,3
3723278,3
3723287,3
3723295,3
3723304,3
3723312,3
3723320,3
3723329,3
3723337,3
3723345,3
3723354,3
3723362,3
3723370,3
3723379,3
3723387,3
3723395,3
3723403,3
3723412,3
3723420,3
3723428,3
3723437,3
3723445,3
3723454,3
3723462,3
3723470,3
3723478,3
3723487,3
3723495,3
3723503,3
3723512,3
3723520,3
3723528,3
3723537,3
3723545,3
3723554,3
3723562,3
3723570,3
3723578,3
3723587,3
3723595,3
3723603,3
3723612,3
3723620,3
3723628,3
3723637,3
3723645,3
3723653,3
3723662,3
3723670,3
3723828,3
3723837,3
3723845,3
3723870,3
3723878,3
3723887,3
3723895,3
3723920,3
3723928,3
3723945,3
3723953,3
3723970,3
3723978,3
3723995,3
3724003,3
3724012,3
3724020,3
3724028,3
3724037,3
3724045,3
3724053,3
3724062,3
3724070,3
3724078,3
3724087,3
3724095,3
3724103,3
3724112,3
3724120,3
3724128,3
3724137,3
3724145,3
3724153,3
3724162,3
3724170,3
3724178,3
3724187,3
3724195,3
3724203,3
3724212,3
3724220,3
3724228,3
3724237,3
3724245,3
3724253,3
3724262,3
3724270,3
3724278,3
3724287,3
3724295,3
3724303,3
3724312,3
3724320,3
3724328,3
3724337,3
3724345,3
3724353,3
3724362,3
3724370,3
3724378,3
3724387,3
3724395,3
3724403,3
3724412,3
3724420,3
3724428,2
3724437,2
3724445,2
3724453,2
3724462,2
3724470,2
3724478,2
3724487,2
3724495,2
3724503,2
3724512,2
3724520,2
3724528,2
3724537,2
3724545,2
3724553,2
3724562,2
3724570,2
3724578,2
3724587,2
3724595,2
3724603,2
3724612,2
3724620,2
3724628,2
3724637,2
3724645,2
3724653,2
3724662,2
3724670,2
3724678,2
3724687,2
3724695,2
3724703,2
3724712,2
3724720,2
3724728,2
3724737,2
3724745,2
3724753,2
3724762,2
3724770,2
3724778,2
3724787,2
3724795,2
3724803,2
3724812,2
3724820,2
3724828,2
3724837,2
3724845,2
3724853,2
3724862,2
3724870,2
3724878,2
3724887,2
3724895,2
3724903,2
3724912,2
3724920,2
3724928,2
3724937,2
3724945,2
3724953,2
3724962,2
3724970,2
3724978,2
3724987,2
3724995,2
3725003,2
3725012,2
3725020,2
3725028,2
3725037,2
3725045,2
3725053,2
3725062,2
3725070,2
3725078,2
3725087,2
3725095,2
3725103,2
3725112,2
3725120,2
3725128,2
3725137,2
3725145,2
3725153,2
3725162,2
3725170,2
3725178,2
3725187,2
3725195,2
3725203,2
3725212,2
3725220,2
3725245,2
3725253,3
3725262,3
3725270,3
3725278,3
3725287,3
3725295,3
3725303,3
3725312,3
3725320,3
3725328,3
3725337,3
3725345,3
3725353,3
3725362,3
3725370,3
3725378,3
3725387,3
3725395,3
3725403,3
3725412,3
3725420,3
3725428,3
3725437,3
3725445,3
3725453,3
3725462,3
3725470,3
3725478,3
3725487,3
3725495,3
3725503,3
3725512,3
3725520,3
3725528,3
3725537,3
3725545,3
3725553,3
3725562,3
3725570,3
3725578,3
3725587,3
3725595,3
3725603,3
3725612,3
3725620,3
3725628,3
3725637,3
3725645,3
3725653,3
3725662,3
3725670,3
3725678,3
3725687,3
3725695,3
3725703,3
3725712,3
3725720,3
3725728,3
3725737,3
3725745,3
3725920,4
3725937,4
3725945,3
3725970,3
3725978,3
3725995,3
3726020,3
3726045,3
3726070,3
3726078,3
3726087,3
3726103,3
3726112,3
3726120,3
3726128,3
3726137,3
3726145,3
3726153,3
3726162,3
3726170,3
3726178,3
3726187,3
3726195,3
3726203,3
3726212,3
3726220,3
3726228,3
3726236,3
3726245,3
3726253,3
3726262,3
3726270,3
3726278,3
3726287,3
3726295,3
3726303,2
3726312,2
3726320,2
3726328,2
3726337,2
3726345,2
3726353,2
3726362,2
3726370,2
3726378,2
3726387,2
3726395,2
3726403,2
3726412,2
3726420,2
3726428,2
3726437,2
3726445,2
3726453,2
3726462,2
3726470,2
3726478,2
3726487,2
3726495,2
3726503,2
3726512,2
3726520,2
3726528,2
3726536,2
3726545,2
3726553,2
3726711,6
3726720,2
3726728,2
3726737,1
3726745,1
3726753,1
3726761,1
3726770,1
3726778,1
3726786,1
3726795,1
3726803,1
3726811,1
3726820,1
3726828,1
3726836,4
3726853,1
3726861,1
3726870,1
3726878,1
3726886,1
3726895,1
3726903,1
3726912,1
3726920,1
3726928,1
3726936,4
3726953,5
3726962,5
3726970,5
3726978,5
3726986,5
3726995,5
3727003,5
3727011,5
3727020,5
3727028,5
3727037,4
3727053,5
3727061,5
3727070,5
3727078,5
3727086,5
3727095,5
3727103,6
3727112,6
3727120,6
3727128,6
3727136,4
3727153,6
3727161,6
3727170,6
3727178,6
3727187,6
3727195,6
3727203,6
3727211,6
3727220,6
3727228,6
3727236,6
3727245,6
3727253,6
3727261,6
3727270,6
3727278,6
3727286,6
3727295,6
3727303,6
3727311,6
3727320,6
3727328,6
3727336,4
3727353,6
3727361,6
3727370,6
3727378,6
3727386,6
3727395,6
3727403,6
3727411,6
3727420,6
3727428,6
3727436,6
3727445,6
3727453,6
3727461,6
3727470,6
3727478,6
3727486,6
3727495,6
3727503,6
3727511,6
3727520,6
3727528,6
3727536,6
3727545,6
3727553,6
3727562,6
3727570,6
3727578,6
3727586,6
3727595,6
3727603,6
3727611,6
3727620,6
3727628,6
3727636,4
3727653,1
3727661,1
3727670,1
3727678,1
3727686,5
3727695,5
3727703,5
3727711,5
3727720,5
3727728,5
3727736,4
3727753,1
3727761,1
3727770,1
3727778,1
3727786,1
3727795,1
3727803,1
3727811,1
3727820,1
3727828,1
3727837,4
3727853,1
3727861,1
3727870,1
3727878,1
3727886,1
3727895,1
3727903,1
3727911,1
3727920,1
3727928,1
3727936,1
3727945,1
3727953,1
3727961,1
3727970,1
3727978,1
3727986,1
3727995,1
3728003,1
3728011,1
3728020,1
3728028,1
3728036,1
3728045,1
3728053,1
3728061,1
3728070,1
3728078,1
3728086,1
3728095,1
3728103,1
3728111,1
3728120,1
3728128,1
3728136,1
3728145,1
3728153,1
3728161,1
3728170,1
3728178,1
3728186,1
3728195,1
3728203,1
3728211,1
3728220,1
3728228,1
3728237,1
3728245,1
3728253,1
3728261,1
3728270,1
3728278,1
3728286,1
3728295,1
3728303,1
3728311,1
3728320,1
3728328,1
3728336,1
3728345,1
3728353,1
3728361,1
3728370,1
3728378,1
3728386,1
3728395,1
3728403,1
3728411,1
3728420,1
3728428,1
3728436,1
3728445,1
3728453,1
3728461,1
3728470,1
3728478,1
3728486,1
3728495,1
3728503,1
3728511,1
3728520,1
3728528,1
3728536,1
3728545,1
3728553,1
3728561,1
3728570,1
3728578,1
3728586,1
3728595,1
3728603,1
3728611,1
3728620,1
3728628,1
3728636,1
3728645,1
3728653,1
3728661,1
3728670,2
3728678,2
3728686,2
3728695,2
3728703,2
3728712,2
3728720,2
3728728,2
3728736,2
3728745,2
3728753,2
3728761,2
3728770,2
3728778,2
3728786,2
3728795,2
3728803,2
3728811,2
3728820,2
3728828,2
3728836,2
3728845,2
3728853,2
3728861,2
3728870,2
3728878,2
3728886,2
3728895,2
3728903,2
3728911,2
3728920,2
3728928,2
3728936,2
3728945,2
3728953,2
3728961,2
3728970,2
3728978,2
3728986,3
3728995,3
3729003,3
3729012,3
3729020,3
3729028,3
3729036,3
3729045,3
3729053,3
3729061,3
3729070,3
3729078,3
3729086,3
3729095,3
3729103,3
3729111,3
3729120,3
3729128,3
3729136,3
3729145,3
3729153,3
3729161,3
3729170,3
3729178,3
3729186,3
3729195,3
3729203,3
3729211,3
3729220,3
3729228,3
3729236,3
3729245,3
3729253,3
3729261,3
3729270,3
3729278,3
3729286,3
3729295,3
3729303,3
3729312,3
3729320,3
3729328,3
3729336,3
3729345,3
3729353,3
3729361,2
3729370,2
3729378,2
3729386,2
3729395,2
3729403,2
3729411,2
3729420,2
3729428,2
3729436,2
3729445,2
3729453,2
3729461,2
3729470,2
3729478,2
3729486,2
3729495,2
3729503,2
3729511,2
3729520,2
3729528,2
3729553,2
3729561,2
3729570,2
3729578,2
3729586,2
3729595,2
3729603,2
3729611,2
3729620,2
3729628,2
3729636,2
3729645,2
3729653,2
3729661,2
3729670,2
3729678,2
3729686,2
3729695,2
3729703,2
3729711,2
3729720,2
3729728,2
3729736,2
3729745,2
3729753,2
3729761,2
3729770,2
3729778,2
3729786,2
3729795,2
3729820,2
3729828,2
3729836,2
3729845,2
3729853,2
3729861,2
3729870,2
3729878,2
3729886,2
3729895,2
3729903,3
3729911,3
3729920,3
3729928,3
3729936,3
3729945,3
3729953,3
3729970,4
3730186,4
3730195,3
3730203,3
3730220,3
3730228,4
3730245,4
3730253,2
3730269,2
3730278,2
3730286,3
3730295,3
3730303,3
3730311,3
3730319,3
3730328,3
3730336,3
3730344,3
3730353,3
3730361,3
3730370,3
3730378,3
3730386,3
3730394,3
3730403,3
3730411,3
3730419,3
3730428,3
3730436,3
3730444,3
3730453,3
3730461,3
3730470,3
3730478,3
3730486,3
3730494,3
3730503,3
3730511,3
3730520,3
3730528,3
3730536,3
3730544,3
3730553,3
3730561,3
3730570,3
3730578,3
3730586,2
3730595,2
3730603,6
3730611,6
3730620,6
3730628,6
3730636,6
3730644,6
3730653,6
3730661,6
3730670,6
3730678,6
3730686,6
3730695,6
3730703,6
3730711,6
3730719,6
3730728,6
3730736,6
3730744,6
3730753,6
3730761,6
3730769,6
3730778,6
3730786,6
3730794,6
3730803,6
3730811,6
3730819,6
3730828,6
3730836,6
3730844,6
3730853,6
3730861,6
3730870,6
3730878,6
3730886,6
3730894,6
3730903,6
3730911,6
3730919,6
3730928,6
3730936,6
3730944,6
3730953,6
3730961,6
3730969,6
3730978,6
3730986,6
3730994,6
3731003,6
3731011,6
3731019,6
3731028,6
3731036,6
3731044,6
3731053,6
3731061,6
3731069,6
3731078,6
3731086,6
3731094,6
3731103,6
3731111,6
3731119,6
3731128,6
3731136,6
3731144,6
3731153,6
3731161,6
3731169,6
3731178,6
3731186,6
3731194,6
3731203,6
3731211,6
3731219,6
3731228,6
3731236,6
3731245,6
3731253,6
3731261,6
3731269,6
3731278,6
3731286,6
3731294,6
3731303,6
3731311,6
3731319,6
3731328,6
3731336,6
3731344,6
3731353,6
3731361,6
3731369,6
3731378,6
3731386,6
3731394,6
3731403,6
3731411,6
3731419,6
3731428,6
3731436,6
3731444,6
3731453,6
3731461,6
3731469,6
3731478,6
3731486,6
3731494,6
3731503,6
3731511,6
3731519,6
3731528,6
3731536,6
3731544,6
3731553,6
3731561,6
3731569,6
3731578,6
3731586,6
3731594,6
3731603,6
3731611,6
3731619,6
3731628,6
3731636,6
3731644,6
3731653,6
3731661,6
3731669,6
3731678,6
3731686,6
3731694,6
3731703,6
3731711,6
3731719,6
3731728,6
3731736,6
3731744,6
3731753,6
3731761,6
3731769,6
3731778,6
3731786,6
3731794,6
3731803,6
3731811,6
3731819,6
3731828,6
3731836,4
3731844,6
3731853,6
3731861,6
3731869,6
3731878,6
3731886,6
3731894,6
3731903,6
3731911,6
3731919,6
3731928,6
3731936,6
3731944,6
3731953,6
3731961,6
3731969,6
3731978,6
3731986,6
3731994,6
3732003,6
3732011,6
3732019,6
3732028,6
3732036,6
3732045,6
3732053,6
3732061,6
3732069,6
3732078,6
3732086,6
3732094,6
3732103,6
3732111,6
3732119,6
3732128,6
3732136,6
3732144,6
3732153,6
3732161,6
3732169,6
3732178,6
3732186,6
3732194,6
3732203,6
3732211,6
3732219,6
3732228,6
3732236,6
3732244,6
3732253,6
3732261,6
3732269,6
3732278,6
3732286,6
3732294,6
3732303,6
3732311,6
3732319,6
3732328,6
3732336,6
3732344,6
3732353,6
3732361,6
3732369,6
3732378,6
3732386,6
3732394,6
3732403,6
3732411,6
3732419,6
3732428,6
3732436,6
3732444,6
3732453,6
3732461,6
3732469,6
3732478,6
3732486,6
3732494,6
3732503,6
3732678,6
3732686,6
3732694,6
3732703,6
3732711,6
3732719,6
3732728,6
3732736,6
3732744,6
3732753,6
3732761,6
3732769,6
3732778,6
3732786,6
3732794,6
3732803,6
3732811,6
3732819,6
3732828,6
3732836,6
3732844,6
3732853,6
3732861,6
3732869,6
3732878,6
3732886,6
3732894,6
3732903,6
3732911,6
3732919,6
3732928,6
3732936,6
3732944,6
3732953,6
3732961,6
3732969,6
3732978,6
3732986,6
3732994,6
3733003,6
3733011,6
3733019,6
3733028,6
3733036,6
3733044,6
3733053,6
3733061,6
3733069,6
3733078,6
3733086,6
3733094,6
3733103,6
3733111,6
3733119,6
3733128,6
3733136,6
3733144,6
3733153,6
3733161,6
3733169,5
3733178,5
3733186,5
3733194,5
3733203,5
3733211,5
3733219,5
3733228,5
3733236,5
3733244,5
3733253,5
3733261,5
3733269,5
3733278,5
3733286,5
3733294,5
3733303,5
3733311,5
3733319,5
3733328,5
3733336,5
3733344,5
3733353,5
3733361,5
3733369,5
3733378,5
3733386,5
3733394,5
3733403,5
3733411,5
3733419,5
3733428,5
3733436,5
3733444,5
3733453,5
3733461,5
3733469,5
3733478,5
3733486,5
3733494,5
3733503,5
3733511,5
3733519,5
3733528,5
3733536,5
3733544,5
3733553,5
3733561,5
3733569,5
3733578,5
3733586,5
3733594,5
3733603,5
3733611,5
3733619,5
3733628,5
3733636,5
3733644,5
3733653,5
3733661,5
3733669,5
3733678,5
3733686,5
3733694,5
3733703,5
3733711,5
3733719,5
3733728,5
3733736,5
3733744,5
3733753,5
3733761,5
3733769,5
3733778,5
3733786,5
3733794,5
3733803,5
3733811,5
3733819,5
3733828,5
3733836,5
3733844,5
3733853,5
3733861,5
3733869,5
3733878,5
3733886,5
3733894,5
3733902,5
3733911,5
3733919,5
3733928,5
3733936,5
3733944,5
3733953,5
3733961,5
3733969,5
3733977,5
3733986,5
3733994,5
3734002,5
3734011,5
3734019,5
3734027,5
3734036,5
3734044,5
3734053,5
3734061,5
3734069,5
3734078,5
3734086,5
3734094,5
3734102,5
3734111,5
3734119,5
3734128,5
3734136,5
3734144,5
3734152,5
3734161,5
3734169,5
3734178,5
3734186,5
3734194,5
3734202,5
3734211,5
3734219,5
3734228,5
3734236,5
3734244,5
3734252,5
3734261,5
3734269,5
3734278,5
3734286,5
3734294,5
3734303,5
3734311,5
3734319,5
3734328,5
3734336,5
3734344,5
3734352,5
3734361,5
3734369,5
3734378,5
3734386,6
3734394,6
3734403,6
3734411,6
3734419,6
3734428,6
3734436,6
3734444,6
3734452,6
3734461,6
3734469,6
3734477,6
3734486,6
3734494,6
3734502,6
3734511,6
3734519,6
3734528,6
3734536,6
3734544,6
3734552,6
3734561,6
3734569,6
3734578,6
3734586,6
3734594,6
3734603,6
3734611,6
3734619,6
3734628,6
3734636,6
3734644,6
3734652,6
3734661,6
3734669,6
3734678,6
3734686,6
3734694,6
3734703,6
3734711,6
3734719,6
3734727,6
3734736,6
3734744,6
3734753,6
3734761,6
3734769,6
3734777,6
3734786,6
3734794,6
3734803,6
3734811,6
3734819,6
3734828,6
3734836,6
3734844,6
3734852,6
3734861,6
3734869,6
3734877,6
3734886,6
3734894,6
3734902,6
3734911,6
3734919,6
3734927,6
3734936,6
3734944,6
3734952,6
3734961,6
3734969,6
3734977,6
3734986,6
3734994,6
3735002,6
3735011,6
3735019,6
3735027,6
3735036,6
3735044,6
3735052,6
3735061,6
3735069,6
3735078,6
3735086,6
3735094,6
3735102,6
3735111,6
3735119,6
3735127,6
3735136,6
3735144,6
3735152,6
3735161,6
3735169,6
3735177,6
3735186,6
3735194,6
3735202,6
3735211,6
3735219,6
3735227,6
3735236,6
3735244,6
3735252,6
3735261,6
3735269,6
3735277,6
3735286,6
3735294,6
3735302,6
3735311,6
3735319,6
3735327,6
3735336,6
3735344,6
3735352,6
3735361,6
3735369,6
3735377,6
3735386,6
3735394,6
3735402,6
3735411,6
3735419,6
3735427,6
3735436,6
3735444,6
3735452,6
3735461,6
3735469,6
3735477,6
3735486,6
3735494,6
3735502,6
3735511,6
3735519,6
3735527,6
3735536,6
3735544,6
3735552,6
3735561,6
3735569,6
3735577,6
3735586,6
3735594,6
3735602,6
3735611,6
3735619,6
3735627,6
3735636,6
3735644,6
3735652,6
3735661,6
3735669,2
3735677,2
3735686,1
3735694,1
3735702,4
3735711,4
3735719,3
3735727,3
3735744,2
3735752,2
3735769,2
3735777,2
3735794,1
3735819,1
3735827,1
3735836,1
3735844,1
3735852,1
3735861,1
3735869,1
3735877,1
3735886,1
3735894,1
3735902,1
3735911,1
3735919,1
3735928,1
3735936,1
3735944,1
3735952,1
3735961,1
3735969,1
3735977,1
3735986,1
3735994,1
3736011,1
3736019,1
3736027,1
3736177,5
3736194,1
3736202,1
3736211,1
3736219,1
3736227,1
3736236,1
3736244,1
3736252,1
3736261,1
3736269,1
3736277,1
3736286,1
3736294,1
3736302,1
3736311,1
3736319,1
3736327,1
3736336,1
3736344,1
3736352,1
3736361,1
3736369,1
3736377,1
3736386,1
3736394,1
3736402,1
3736411,1
3736419,1
3736427,1
3736436,1
3736444,1
3736452,1
3736461,1
3736469,1
3736477,1
3736486,1
3736494,1
3736502,1
3736511,1
3736519,1
3736527,1
3736536,1
3736544,6
3736552,6
3736561,6
3736569,6
3736577,6
3736586,6
3736594,6
3736602,6
3736611,4
3736627,6
3736636,6
3736644,6
3736652,6
3736661,6
3736669,6
3736677,6
3736686,6
3736694,6
3736702,6
3736711,4
3736727,6
3736736,6
3736744,6
3736752,6
3736761,6
3736769,6
3736777,6
3736786,6
3736794,6
3736802,6
3736811,4
3736827,6
3736836,6
3736844,6
3736852,6
3736861,6
3736869,6
3736877,6
3736886,6
3736894,6
3736902,6
3736911,6
3736919,2
3736927,2
3736936,2
3736944,2
3736952,2
3736961,2
3736969,2
3736977,2
3736986,2
3736994,2
3737002,2
3737011,2
3737019,2
3737027,2
3737036,2
3737044,2
3737052,2
3737061,2
3737069,2
3737077,2
3737086,2
3737094,2
3737102,2
3737111,2
3737119,2
3737127,2
3737136,2
3737144,2
3737152,2
3737161,2
3737169,3
3737177,3
3737186,3
3737194,3
3737202,3
3737211,3
3737219,3
3737227,3
3737236,3
3737244,3
3737252,3
3737261,3
3737269,3
3737277,3
3737286,3
3737294,3
3737302,3
3737311,3
3737319,3
3737327,3
3737336,3
3737344,3
3737352,3
3737361,3
3737369,3
3737377,3
3737386,3
3737394,3
3737402,3
3737411,3
3737419,3
3737427,3
3737436,3
3737444,3
3737452,3
3737461,3
3737469,3
3737477,3
3737486,3
3737494,3
3737502,3
3737511,3
3737519,3
3737527,3
3737536,3
3737544,3
3737552,3
3737561,3
3737577,3
3737586,3
3737594,3
3737611,3
3737619,2
3737702,2
3737719,2
3737727,2
3737736,2
3737744,2
3737752,2
3737761,2
3737769,2
3737777,2
3737794,2
3737819,1
3737827,3
3737844,3
3737852,3
3737877,1
3737894,1
3737902,1
3737911,3
3737919,3
3737927,3
3737936,3
3737952,3
3737961,3
3737969,3
3737977,3
3737986,3
3737994,3
3738002,3
3738011,3
3738019,3
3738027,3
3738036,3
3738044,3
3738052,3
3738061,3
3738069,3
3738077,3
3738086,3
3738094,3
3738102,3
3738111,3
3738119,3
3738127,3
3738135,3
3738144,3
3738152,3
3738161,3
3738169,3
3738177,3
3738185,3
3738194,3
3738202,3
3738211,3
3738219,3
3738227,3
3738235,3
3738244,3
3738252,3
3738261,3
3738269,3
3738277,3
3738286,3
3738294,3
3738302,3
3738310,3
3738319,3
3738327,3
3738344,3
3738527,4
3738544,4
3738552,4
3738560,5
3738569,5
3738577,4
3738585,1
3738594,1
3738602,1
3738610,5
3738619,5
3738627,5
3738635,5
3738644,5
3738652,5
3738660,5
3738669,5
3738677,5
3738685,5
3738694,5
3738702,5
3738710,5
3738719,5
3738727,5
3738735,5
3738744,5
3738752,5
3738761,5
3738769,5
3738777,5
3738785,5
3738794,5
3738802,5
3738810,4
3738827,5
3738835,5
3738844,5
3738852,5
3738860,5
3738869,5
3738877,5
3738885,5
3738894,5
3738902,5
3738910,4
3738927,5
3738935,5
3738944,5
3738952,5
3738960,5
3738969,5
3738977,5
3738985,5
3738994,5
3739002,5
3739010,4
3739027,5
3739035,5
3739044,1
3739052,1
3739060,1
3739069,1
3739077,1
3739085,1
3739094,1
3739102,1
3739110,4
3739127,5
3739135,5
3739144,5
3739152,5
3739160,5
3739169,5
3739177,5
3739185,5
3739194,5
3739202,5
3739210,4
3739227,5
3739235,5
3739244,5
3739252,5
3739260,5
3739269,5
3739277,5
3739285,5
3739294,5
3739302,5
3739310,4
3739327,5
3739335,5
3739344,5
3739352,5
3739360,5
3739369,5
3739377,5
3739385,5
3739394,5
3739402,5
3739410,5
3739419,5
3739427,5
3739435,5
3739444,5
3739452,5
3739460,5
3739469,5
3739477,5
3739485,5
3739494,5
3739502,5
3739510,4
3739527,5
3739536,5
3739544,6
3739552,6
3739560,6
3739569,6
3739577,6
3739585,6
3739594,6
3739602,6
3739610,4
3739627,6
3739635,6
3739644,6
3739652,6
3739660,6
3739669,6
3739677,6
3739685,6
3739694,6
3739702,6
3739710,6
3739719,6
3739727,6
3739735,6
3739744,6
3739752,6
3739760,6
3739769,6
3739777,6
3739785,6
3739794,6
3739802,6
3739810,4
3739827,6
3739835,6
3739844,6
3739852,6
3739860,6
3739869,6
3739877,6
3739885,6
3739894,6
3739902,6
3739910,4
3739919,6
3739927,6
3739935,6
3739944,6
3739952,6
3739961,6
3739969,6
3739977,6
3739985,6
3739994,6
3740002,6
3740010,4
3740027,6
3740035,6
3740044,6
3740052,6
3740060,6
3740069,6
3740077,6
3740085,6
3740094,6
3740102,6
3740110,4
3740127,6
3740135,6
3740144,6
3740152,6
3740160,6
3740169,6
3740177,6
3740185,6
3740194,6
3740202,6
3740210,6
3740219,6
3740227,6
3740235,6
3740244,6
3740252,6
3740261,6
3740269,6
3740277,6
3740285,6
3740294,6
3740302,6
3740310,6
3740319,6
3740327,6
3740335,6
3740344,6
3740352,6
3740360,6
3740369,6
3740377,6
3740385,6
3740394,6
3740402,6
3740410,4
3740427,6
3740435,6
3740444,6
3740452,6
3740460,6
3740469,6
3740477,6
3740485,6
3740494,6
3740502,6
3740510,6
3740519,6
3740527,6
3740535,6
3740544,6
3740552,6
3740561,6
3740569,6
3740577,6
3740585,6
3740594,6
3740602,6
3740610,6
3740627,6
3740635,6
3740644,6
3740652,6
3740660,6
3740669,6
3740677,6
3740685,6
3740694,6
3740702,6
3740710,6
3740719,6
3740727,6
3740735,6
3740744,6
3740752,6
3740761,6
3740769,6
3740777,6
3740785,6
3740794,6
3740802,6
3740810,4
3740827,6
3740835,6
3740844,5
3740852,5
3740860,5
3740869,5
3740877,5
3740885,5
3740894,5
3740902,5
3740910,4
3740927,6
3740935,6
3740944,6
3740952,6
3740960,6
3740969,6
3740977,6
3740985,6
3740994,6
3741002,6
3741010,6
3741019,6
3741027,6
3741035,6
3741044,6
3741052,6
3741060,6
3741069,6
3741077,6
3741085,6
3741094,6
3741102,6
3741110,6
3741119,6
3741127,6
3741135,6
3741144,6
3741152,6
3741160,6
3741169,6
3741177,6
3741185,6
3741194,6
3741202,6
3741210,4
3741227,6
3741235,6
3741244,6
3741252,6
3741260,6
3741269,6
3741277,6
3741285,6
3741294,6
3741302,6
3741310,6
3741319,6
3741327,6
3741335,6
3741344,6
3741352,6
3741360,6
3741369,6
3741377,6
3741385,6
3741394,6
3741402,6
3741410,6
3741419,6
3741427,6
3741435,6
3741444,6
3741452,6
3741460,6
3741469,6
3741477,6
3741485,6
3741494,6
3741502,6
3741510,4
3741652,4
3741668,4
3741677,6
3741685,6
3741694,6
3741702,6
3741710,6
3741719,6
3741727,6
3741735,6
3741744,6
3741752,6
3741760,6
3741769,6
3741777,6
3741785,6
3741794,6
3741802,6
3741810,6
3741819,6
3741827,6
3741835,6
3741844,6
3741852,6
3741860,6
3741869,6
3741877,6
3741885,6
3741894,6
3741902,6
3741910,4
3741927,6
3741935,6
3741943,6
3741952,6
3741960,6
3741969,6
3741977,6
3741985,6
3741994,6
3742002,6
3742010,4
3742027,6
3742035,6
3742043,6
3742052,6
3742060,6
3742068,6
3742077,6
3742085,6
3742094,1
3742102,1
3742110,4
3742127,1
3742135,1
3742144,1
3742152,1
3742160,1
3742169,1
3742177,1
3742185,1
3742194,1
3742202,1
3742210,4
3742227,1
3742235,1
3742243,1
3742252,1
3742260,1
3742269,1
3742277,1
3742285,1
3742293,1
3742302,1
3742310,4
3742327,1
3742335,1
3742344,1
3742352,1
3742360,1
3742369,1
3742377,1
3742385,1
3742393,6
3742402,6
3742410,4
3742427,6
3742435,6
3742443,6
3742452,6
3742460,6
3742468,6
3742477,6
3742485,6
3742493,6
3742502,6
3742510,4
3742527,6
3742535,6
3742544,6
3742552,6
3742560,6
3742568,6
3742577,2
3742585,2
3742594,2
3742602,3
3742610,3
3742618,3
3742627,3
3742635,3
3742644,3
3742652,3
3742660,3
3742668,3
3742677,3
3742685,3
3742693,3
3742702,3
3742710,3
3742719,3
3742727,3
3742735,3
3742744,3
3742752,3
3742760,3
3742768,3
3742777,3
3742785,3
3742794,3
3742802,3
3742810,3
3742818,3
3742827,3
3742835,3
3742843,3
3742852,3
3742860,3
3742868,3
3742877,3
3742885,3
3742893,3
3742902,3
3742910,3
3742918,3
3742927,3
3742935,3
3742943,3
3742952,3
3742960,3
3742968,3
3742977,3
3742985,3
3742993,3
3743002,3
3743010,3
3743018,3
3743027,3
3743035,3
3743043,3
3743052,3
3743060,3
3743068,3
3743077,3
3743085,3
3743093,3
3743102,3
3743110,3
3743118,3
3743127,3
3743135,3
3743143,3
3743152,3
3743160,3
3743177,3
3743185,3
3743193,3
3743202,3
3743210,3
3743218,3
3743227,3
3743235,3
3743243,3
3743252,3
3743260,3
3743268,3
3743277,3
3743285,3
3743293,3
3743302,3
3743310,3
3743318,3
3743327,3
3743335,3
3743343,3
3743352,3
3743360,3
3743368,3
3743377,3
3743385,3
3743393,3
3743402,3
3743410,3
3743418,3
3743427,3
3743435,3
3743443,3
3743452,3
3743460,3
3743468,3
3743477,3
3743485,3
3743493,3
3743502,3
3743510,4
3743527,3
3743535,3
3743543,3
3743552,3
3743560,3
3743577,3
3743585,3
3743594,3
3743602,3
3743610,3
3743618,3
3743627,3
3743635,3
3743643,3
3743652,3
3743660,3
3743668,3
3743677,3
3743685,3
3743693,3
3743702,3
3743710,3
3743718,3
3743727,3
3743735,3
3743743,3
3743752,3
3743760,3
3743768,3
3743777,3
3743785,3
3743793,3
3743802,3
3743810,3
3743818,3
3743827,3
3743835,3
3743843,3
3743852,3
3743860,3
3743868,3
3743877,3
3743885,3
3743902,3
3743910,3
3743935,3
3743960,4
3743968,4
3743993,4
3744623,4
3744681,4
3744731,4
3744756,4
3744773,4
3744798,4
3744823,4
3744848,4
3744856,4
3744873,4
3744898,4
3745006,4
3745023,4
3745048,4
3745073,4
3745081,4
3745098,4
3745123,4
3745148,4
3745173,4
3745198,4
3745381,4
3745398,4
3745423,4
3745448,4
3745552,4
3745560,4
3745577,2
3745585,2
3745602,2
3745652,3
3745669,3
3745677,3
3745694,3
3745702,4
3745719,4
3745727,4
3745744,4
3745752,4
3745777,4
3745785,1
3745794,2
3745802,2
3745819,2
3745827,3
3745844,3
3745852,3
3745869,3
3745877,3
3745894,3
3745902,3
3745919,3
3745927,3
3745944,3
3745952,3
3745969,3
3745977,4
3745994,4
