3922787,2
3922796,2
3922804,2
3922812,2
3922821,2
3922829,2
3922837,2
3922846,2
3922854,1
3922862,1
3922871,1
3922879,1
3922887,2
3922896,2
3922904,2
3922912,2
3922921,2
3922929,2
3922937,2
3922946,5
3922962,0
3922971,0
3922979,0
3922987,5
3922996,5
3923004,5
3923012,5
3923021,4
3923037,2
3923046,2
3923054,0
3923062,0
3923071,0
3923079,0
3923087,2
3923096,2
3923104,0
3923112,2
3923121,0
3923129,0
3923137,0
3923146,4
3923162,2
3923171,0
3923179,0
3923187,2
3923196,2
3923204,0
3923212,2
3923221,4
3923237,2
3923246,2
3923254,5
3923262,2
3923271,0
3923279,0
3923287,0
3923296,0
3923304,4
3923312,4
3923321,4
3923337,1
3923346,1
3923354,0
3923362,0
3923371,0
3923387,0
3923396,0
3923412,0
3923421,4
3923571,5
3923587,5
3923596,0
3923612,0
3923621,0
3923637,0
3923646,0
3923662,0
3923671,0
3923687,0
3923696,0
3923712,0
3923737,0
3923746,0
3923787,2
3923796,5
3923812,5
3923821,5
3923829,5
3923837,5
3923846,5
3923854,5
3923862,5
3923871,5
3923887,5
3923896,5
3923904,5
3923912,5
3923921,5
3923937,5
3923946,5
3923954,5
3923962,5
3923971,5
3923987,5
3923996,0
3924162,0
3924171,0
3924179,0
3924187,5
3924196,5
3924204,5
3924212,5
3924221,5
3924229,5
3924237,5
3924246,0
3924254,0
3924262,0
3924271,0
3924279,0
3924287,0
3924296,0
3924304,0
3924312,0
3924321,0
3924329,0
3924337,0
3924346,0
3924354,0
3924362,0
3924370,0
3924379,0
3924387,0
3924396,0
3924404,0
3924412,0
3924421,0
3924429,0
3924437,0
3924446,5
3924454,5
3924462,5
3924471,5
3924479,5
3924487,5
3924495,5
3924504,0
3924512,0
3924520,0
3924529,0
3924537,0
3924545,0
3924554,0
3924562,0
3924571,0
3924579,0
3924587,0
3924595,0
3924604,4
3924620,5
3924637,5
3924645,0
3924662,0
3924670,0
3924687,0
3924846,0
3924862,0
3924870,0
3924887,4
3924895,4
3924912,0
3924920,0
3924937,0
3924945,0
3924962,0
3924971,0
3924987,0
3924995,0
3925012,0
3925020,0
3925037,0
3925045,0
3925062,0
3925070,0
3925087,5
3925095,5
3925112,5
3925120,5
3925129,5
3925137,5
3925145,5
3925162,5
3925170,5
3925187,5
3925195,5
3925212,5
3925220,5
3925229,5
3925237,5
3925246,5
3925254,5
3925437,5
3925445,5
3925454,5
3925462,5
3925470,5
3925479,5
3925487,4
3925496,5
3925504,5
3925513,5
3925520,5
3925529,0
3925537,0
3925546,0
3925554,0
3925562,0
3925570,0
3925579,0
3925587,0
3925595,0
3925604,0
3925612,0
3925620,0
3925637,0
3925645,0
3925662,0
3925670,0
3925679,0
3925687,0
3925695,0
3925704,0
3925712,0
3925720,0
3925729,5
3925737,5
3925745,5
3925754,5
3925762,5
3925771,5
3925779,5
3925787,4
3925795,4
3925804,0
3925812,0
3925820,5
3925829,5
3925837,5
3925845,0
3925854,0
3925862,0
3925870,0
3925879,0
3925887,0
3925895,0
3925904,0
3925912,0
3925920,0
3925937,0
3925945,0
3925954,0
3925962,0
3925970,0
3925979,0
3925987,0
3925995,0
3926012,5
3926020,5
3926029,5
3926037,5
3926045,5
3926054,5
3926062,5
3926070,5
3926079,5
3926087,5
3926095,5
3926104,5
3926112,5
3926120,4
3926137,5
3926145,5
3926154,5
3926162,5
3926171,5
3926179,5
3926187,5
3926195,5
3926212,5
3926220,4
3926237,0
3926245,0
3926254,2
3926262,0
3926270,0
3926287,0
3926295,0
3926312,0
3926320,4
3926329,4
3926337,4
3926345,4
3926362,4
3926370,0
3926387,4
3926395,4
3926412,0
3926420,4
3926429,4
3926437,4
3926445,0
3926454,0
3926462,0
3926470,0
3926479,0
3926487,0
3926495,0
3926504,0
3926512,0
3926520,0
3926529,0
3926537,0
3926545,0
3926554,0
3926562,0
3926570,0
3926579,0
3926587,0
3926595,0
3926604,5
3926612,5
3926620,5
3926637,0
3926645,0
3926654,0
3926662,0
3926670,0
3926679,0
3926687,0
3926695,0
3926704,0
3926720,0
3926729,0
3926737,0
3926745,0
3926754,0
3926762,0
3926770,0
3926779,0
3926787,4
3926795,4
3926804,0
3926812,0
3926820,4
3926837,0
3926845,0
3926854,0
3926862,0
3926870,0
3926879,0
3926887,0
3926895,0
3926904,0
3926912,0
3926920,0
3926929,0
3926937,0
3926945,0
3926954,0
3926962,0
3926970,0
3926979,0
3926987,0
3926995,0
3927004,0
3927012,0
3927020,4
3927029,0
3927037,0
3927045,0
3927054,5
3927062,5
3927071,5
3927079,5
3927087,5
3927095,5
3927104,5
3927112,5
3927120,5
3927129,5
3927137,5
3927145,5
3927154,5
3927162,5
3927170,5
3927179,5
3927187,5
3927195,5
3927204,5
3927212,5
3927220,5
3927229,5
3927237,5
3927245,5
3927254,0
3927262,0
3927270,5
3927279,5
3927287,5
3927295,5
3927312,0
3927320,0
3927329,0
3927337,0
3927345,0
3927354,0
3927362,5
3927370,5
3927379,0
3927395,5
3927404,0
3927412,5
3927420,5
3927429,0
3927437,5
3927445,5
3927462,0
3927470,0
3927479,0
3927487,0
3927495,0
3927504,0
3927512,0
3927520,0
3927529,0
3927537,0
3927545,0
3927554,0
3927562,0
3927570,0
3927579,0
3927587,0
3927595,0
3927604,0
3927612,0
3927620,0
3927770,0
3927795,0
3927804,5
3927820,0
3927829,5
3927837,0
3927845,0
3927854,5
3927862,0
3927870,0
3927879,0
3927895,0
3927904,0
3927912,0
3927920,5
3927929,5
3927937,5
3927945,5
3927954,5
3927962,5
3927970,5
3927979,5
3927995,5
3928004,5
3928012,5
3928020,5
3928029,5
3928037,5
3928045,5
3928054,5
3928062,5
3928070,5
3928079,5
3928087,5
3928095,5
3928104,5
3928112,5
3928120,5
3928129,5
3928137,5
3928145,5
3928154,5
3928162,5
3928170,5
3928195,5
3928203,5
3928212,5
3928220,5
3928237,5
3928245,5
3928262,5
3928270,5
3928279,5
3928295,5
3928304,5
3928312,5
3928320,5
3928329,5
3928337,5
3928345,5
3928354,5
3928362,0
3928370,0
3928379,0
3928387,0
3928395,0
3928404,0
3928412,5
3928420,5
3928428,5
3928437,5
3928445,5
3928453,5
3928462,5
3928470,5
3928478,5
3928495,5
3928503,5
3928512,5
3928520,0
3928529,0
3928537,0
3928545,0
3928553,0
3928562,0
3928570,0
3928578,0
3928595,5
3928603,0
3928612,0
3928620,0
3928629,0
3928637,0
3928645,0
3928662,0
3928670,0
3928687,5
3928695,5
3928712,5
3928720,5
3928737,5
3928745,0
3928762,0
3928770,0
3928787,0
3928795,0
3928803,0
3928812,0
3928820,0
3928828,0
3928837,5
3928845,5
3928853,5
3928862,5
3928870,5
3928878,5
3928887,5
3928895,5
3928903,5
3928912,5
3928920,5
3928928,5
3928937,5
3928945,5
3928953,5
3928962,5
3928970,5
3928978,5
3928987,5
3928995,5
3929003,0
3929012,0
3929028,5
3929037,5
3929045,5
3929054,5
3929062,5
3929070,5
3929078,5
3929087,5
3929095,5
3929103,5
3929112,5
3929120,5
3929128,5
3929137,5
3929145,5
3929153,5
3929162,5
3929170,5
3929178,5
3929187,5
3929195,0
3929203,5
3929212,5
3929220,5
3929228,5
3929237,5
3929245,5
3929262,5
3929270,5
3929287,5
3929295,5
3929304,5
3929312,5
3929320,5
3929328,2
3929337,5
3929345,5
3929362,5
3929370,5
3929378,2
3929545,5
3929562,5
3929570,5
3929587,4
3929595,4
3929612,5
3929620,5
3929637,5
3929645,5
3929662,5
3929670,5
3929687,5
3929695,5
3929703,5
3929712,5
3929720,5
3929737,5
3929745,5
3929753,5
3929762,5
3929770,5
3929787,5
3929795,5
3929812,5
3929820,5
3929828,5
3929837,5
3929845,5
3929853,5
3929862,5
3929870,5
3929878,5
3929887,5
3929895,5
3929903,5
3929912,5
3929920,5
3929928,5
3929937,5
3929945,5
3929953,5
3929962,5
3929970,5
3929978,5
3929987,5
3929995,5
3930003,5
3930012,5
3930020,5
3930028,5
3930037,5
3930045,5
3930053,5
3930062,5
3930070,5
3930078,5
3930087,5
3930095,5
3930112,5
3930120,5
3930128,1
3930137,4
3930145,5
3930153,6
3930162,6
3930170,5
3930178,0
3930187,0
3930195,0
3930204,5
3930212,5
3930220,5
3930228,0
3930237,0
3930245,5
3930253,5
3930262,5
3930270,5
3930278,5
3930287,5
3930295,5
3930303,5
3930312,5
3930320,5
3930328,5
3930337,5
3930345,5
3930362,5
3930370,5
3930378,5
3930387,5
3930395,5
3930403,5
3930412,5
3930420,5
3930437,5
3930445,5
3930453,5
3930462,5
3930470,5
3930479,5
3930487,5
3930495,5
3930503,5
3930512,5
3930520,5
3930528,5
3930537,5
3930545,5
3930553,5
3930562,5
3930570,5
3930578,5
3930587,5
3930595,5
3930603,5
3930612,5
3930620,5
3930628,5
3930637,5
3930645,5
3930653,5
3930662,5
3930670,5
3930678,5
3930687,0
3930695,5
3930703,5
3930712,5
3930720,2
3930728,0
3930737,0
3930745,0
3930753,0
3930762,4
3930770,5
3930778,5
3930787,5
3930795,4
3930812,0
3930820,5
3930828,5
3930837,5
3930845,5
3930853,0
3930862,0
3930870,0
3930878,0
3930895,0
3930903,0
3930912,0
3930920,0
3930928,0
3930945,0
3930953,0
3930962,0
3930970,0
3930978,0
3930987,0
3930995,0
3931003,0
3931012,0
3931020,0
3931028,0
3931037,0
3931045,0
3931053,5
3931062,5
3931070,5
3931078,0
3931095,0
3931103,0
3931112,0
3931120,0
3931128,0
3931137,0
3931145,0
3931153,0
3931162,0
3931170,0
3931178,0
3931187,0
3931195,0
3931203,0
3931212,0
3931220,0
3931228,5
3931237,5
3931245,5
3931253,5
3931262,5
3931270,5
3931279,5
3931287,5
3931295,5
3931303,5
3931312,5
3931320,5
3931328,5
3931337,5
3931345,5
3931353,5
3931362,5
3931370,5
3931378,5
3931403,5
3931412,5
3931420,5
3931428,5
3931437,5
3931445,5
3931453,5
3931462,0
3931470,0
3931478,0
3931487,0
3931495,0
3931503,0
3931512,0
3931520,0
3931528,5
3931537,2
3931545,6
3931553,6
3931562,6
3931570,6
3931578,0
3931595,4
3931612,0
3931620,0
3931628,5
3931645,5
3931653,5
3931662,5
3931670,5
3931678,5
3931687,5
3931695,5
3931703,5
3931712,5
3931720,5
3931728,5
3931737,5
3931745,5
3931753,5
3931762,5
3931770,5
3931778,5
3931787,0
3931795,0
3931803,0
3931812,0
3931820,0
3931828,5
3931837,5
3931845,5
3931853,0
3931862,0
3931870,0
3931878,0
3931887,0
3931895,0
3931903,0
3931912,0
3931920,0
3931928,0
3931937,0
3931945,0
3931953,0
3931962,0
3931970,0
3931978,0
3931986,0
3931995,0
3932003,0
3932011,0
3932020,0
3932028,0
3932037,0
3932045,0
3932053,0
3932062,0
3932070,0
3932078,0
3932086,0
3932095,0
3932103,5
3932111,5
3932120,5
3932128,0
3932136,5
3932145,5
3932153,5
3932162,5
3932170,5
3932178,5
3932187,5
3932195,5
3932203,0
3932211,5
3932220,5
3932228,5
3932236,5
3932245,5
3932253,5
3932261,5
3932270,5
3932278,5
3932286,5
3932295,5
3932303,5
3932328,5
3932336,5
3932345,5
3932353,5
3932361,5
3932370,5
3932378,0
3932386,0
3932395,4
3932411,0
3932420,0
3932428,0
3932436,0
3932445,0
3932453,0
3932462,0
3932470,0
3932478,5
3932611,5
3932620,5
3932636,0
3932645,0
3932653,5
3932661,5
3932670,5
3932678,0
3932695,2
3932720,0
3932728,4
3932736,0
3932745,0
3932753,5
3932761,5
3932770,5
3932778,1
3932786,1
3932795,1
3932803,1
3932811,5
3932820,5
3932828,5
3932837,5
3932845,5
3932853,5
3932861,5
3932870,5
3932878,5
3932886,5
3932895,5
3932903,5
3932912,5
3932920,5
3932928,1
3932936,1
3932945,1
3932953,1
3932961,1
3932970,1
3932978,1
3932986,1
3932995,1
3933003,1
3933011,1
3933020,1
3933028,1
3933036,1
3933045,1
3933053,1
3933061,1
3933070,1
3933078,5
3933087,5
3933095,4
3933111,5
3933120,5
3933128,5
3933136,2
3933145,2
3933153,1
3933161,1
3933170,1
3933178,5
3933186,5
3933195,5
3933203,5
3933211,5
3933220,5
3933228,5
3933236,2
3933245,2
3933253,5
3933261,5
3933270,5
3933278,5
3933286,2
3933295,2
3933303,2
3933311,5
3933320,5
3933328,5
3933336,2
3933345,2
3933353,2
3933362,2
3933370,2
3933378,2
3933386,2
3933395,1
3933411,1
3933420,1
3933428,1
3933436,1
3933445,1
3933453,1
3933461,5
3933470,2
3933478,2
3933486,2
3933495,2
3933511,2
3933520,2
3933528,1
3933536,1
3933545,1
3933553,1
3933561,1
3933570,1
3933578,1
3933586,2
3933595,2
3933611,1
3933620,1
3933628,1
3933636,1
3933645,1
3933653,1
3933661,1
3933670,1
3933678,5
3933686,1
3933695,1
3933711,1
3933720,1
3933728,1
3933736,1
3933745,1
3933753,1
3933761,5
3933770,5
3933778,5
3933786,5
3933795,5
3933811,5
3933820,2
3933828,6
3933836,2
3933845,1
3933853,6
3933861,6
3933870,1
3933878,1
3933886,1
3933895,1
3933903,1
3933911,6
3933920,6
3933928,6
3933936,6
3933945,6
3933953,1
3933961,1
3933970,1
3933978,6
3933986,1
3933995,1
3934003,1
3934011,1
3934020,1
3934028,6
3934036,1
3934045,1
3934053,5
3934061,1
3934070,1
3934078,1
3934086,1
3934095,1
3934103,1
3934111,1
3934120,1
3934128,6
3934136,1
3934145,1
3934153,1
3934161,1
3934170,1
3934178,1
3934186,1
3934195,4
3934211,1
3934220,1
3934228,1
3934236,1
3934245,1
3934253,1
3934261,1
3934270,1
3934279,1
3934286,1
3934295,1
3934303,1
3934311,1
3934320,1
3934328,1
3934336,1
3934345,1
3934353,1
3934361,1
3934370,1
3934378,1
3934386,1
3934395,1
3934403,1
3934411,1
3934420,1
3934428,5
3934436,5
3934445,1
3934453,1
3934461,1
3934470,1
3934478,1
3934486,1
3934495,1
3934503,1
3934511,1
3934520,1
3934528,1
3934536,1
3934545,1
3934553,1
3934561,1
3934570,1
3934586,1
3934595,1
3934611,1
3934620,1
3934636,1
3934645,1
3934653,1
3934661,1
3934670,1
3934678,5
3934695,5
3934703,5
3934711,5
3934720,5
3934728,5
3934736,5
3934745,5
3934753,5
3934761,5
3934770,5
3934778,1
3934786,1
3934795,1
3934812,1
3934820,1
3934828,1
3934836,1
3934845,1
3934853,1
3934861,1
3934870,1
3934878,1
3934886,1
3934895,1
3934903,1
3934911,1
3934920,1
3934928,1
3934937,1
3934945,5
3934953,5
3934961,5
3934970,5
3934978,5
3934986,5
3934995,5
3935011,5
3935020,5
3935028,5
3935036,5
3935045,5
3935053,5
3935061,0
3935070,0
3935078,5
3935086,1
3935095,1
3935103,1
3935111,1
3935120,1
3935128,2
3935136,2
3935145,2
3935153,6
3935161,2
3935170,2
3935178,2
3935186,1
3935195,1
3935203,1
3935212,1
3935220,1
3935228,1
3935236,1
3935245,2
3935253,1
3935261,2
3935270,1
3935278,1
3935286,1
3935295,1
3935303,1
3935311,1
3935320,1
3935328,1
3935336,1
3935345,1
3935353,1
3935361,1
3935370,1
3935378,1
3935386,1
3935395,1
3935403,1
3935411,1
3935420,1
3935428,1
3935436,1
3935445,1
3935453,1
3935461,1
3935470,1
3935478,6
3935486,1
3935495,1
3935511,2
3935520,2
3935528,1
3935536,1
3935545,1
3935553,6
3935561,6
3935570,6
3935578,6
3935586,1
3935595,1
3935603,2
3935612,2
3935620,2
3935628,1
3935636,1
3935645,1
3935653,1
3935661,2
3935670,1
3935678,6
3935686,6
3935695,6
3935711,1
3935720,1
3935728,1
3935736,2
3935745,1
3935753,1
3935761,6
3935770,6
3935778,1
3935795,4
3935811,1
3935820,1
3935828,1
3935845,1
3935853,1
3935861,1
3935870,5
3935879,5
3935886,0
3935894,4
3935911,5
3935919,5
3935928,5
3935936,5
3935945,5
3936120,1
3936145,5
3936153,5
3936161,5
3936169,5
3936178,6
3936186,6
3936194,4
3936211,6
3936219,6
3936228,5
3936236,5
3936246,6
3936253,6
3936261,6
3936269,6
3936278,6
3936286,6
3936294,5
3936469,5
3936486,5
3936494,4
3936512,0
3936519,0
3936528,0
3936536,0
3936544,0
3936553,0
3936561,0
3936569,0
3936578,0
3936586,0
3936594,0
3936603,0
3936611,0
3936619,4
3936628,0
3936636,0
3936644,0
3936653,0
3936661,0
3936669,0
3936678,0
3936686,0
3936694,4
3936703,0
3936711,0
3936719,0
3936728,0
3936736,0
3936744,0
3936753,0
3936761,4
3936769,0
3936778,0
3936786,0
3936794,4
3936803,0
3936811,0
3936819,0
3936828,0
3936836,0
3936844,0
3936853,0
3936861,0
3936869,0
3936878,0
3936886,0
3936894,0
3936903,0
3936911,0
3936919,0
3936928,0
3936936,0
3936944,0
3936953,0
3936961,0
3936969,0
3936978,0
3936994,2
3937003,0
3937011,0
3937019,0
3937028,0
3937036,0
3937044,0
3937053,0
3937061,0
3937069,0
3937078,0
3937094,1
3937103,0
3937111,0
3937119,0
3937128,0
3937136,0
3937144,0
3937153,0
3937161,0
3937169,0
3937178,0
3937186,0
3937194,0
3937203,0
3937211,0
3937219,0
3937228,0
3937236,0
3937244,0
3937253,0
3937261,0
3937269,0
3937278,0
3937286,0
3937295,4
3937311,0
3937319,0
3937328,0
3937336,0
3937344,0
3937353,0
3937361,2
3937369,0
3937378,0
3937394,0
3937403,0
3937411,0
3937419,0
3937428,0
3937436,0
3937444,0
3937453,0
3937461,0
3937469,0
3937478,0
3937494,0
3937503,0
3937511,0
3937519,0
3937528,0
3937536,0
3937544,0
3937553,0
3937561,0
3937569,0
3937578,0
3937594,0
3937603,0
3937611,0
3937619,0
3937628,0
3937636,0
3937644,0
3937653,0
3937661,0
3937669,0
3937678,0
3937686,0
3937695,0
3937703,0
3937711,0
3937719,0
3937728,0
3937736,0
3937744,0
3937753,0
3937761,0
3937769,0
3937778,0
3937786,0
3937794,4
3937811,0
3937820,0
3937828,0
3937836,0
3937844,0
3937853,0
3937861,0
3937869,0
3937878,0
3937894,4
3937903,0
3937911,0
3937919,0
3937928,0
3937936,0
3937944,0
3937953,0
3937961,0
3938103,0
3938111,0
3938119,0
3938128,0
3938136,0
3938144,0
3938153,0
3938161,0
3938169,0
3938178,0
3938186,0
3938194,0
3938203,0
3938211,0
3938219,0
3938228,0
3938236,0
3938244,0
3938269,0
3938278,0
3938286,4
3938294,0
3938303,0
3938311,0
3938319,0
3938328,0
3938336,0
3938344,0
3938353,0
3938361,0
3938369,0
3938378,0
3938394,4
3938411,0
3938419,0
3938428,0
3938436,0
3938444,0
3938453,0
3938461,0
3938469,0
3938478,0
3938486,0
3938494,2
3938503,0
3938511,0
3938519,0
3938528,0
3938536,0
3938544,0
3938553,0
3938561,0
3938569,0
3938578,0
3938586,0
3938594,4
3938603,0
3938611,0
3938619,0
3938628,0
3938636,0
3938644,0
3938653,0
3938661,0
3938669,0
3938678,0
3938686,0
3938694,4
3938703,0
3938711,0
3938719,0
3938728,0
3938736,0
3938744,0
3938753,0
3938761,0
3938769,0
3938778,0
3938794,0
3938803,0
3938811,0
3938819,0
3938828,0
3938836,0
3938844,0
3938853,0
3938869,0
3938878,0
3938886,0
3938894,2
3938903,0
3938911,0
3938919,0
3938928,0
3938936,0
3938944,0
3938953,0
3938961,0
3938969,0
3938978,0
3938986,0
3938994,4
3939011,0
3939019,0
3939036,0
3939044,0
3939053,0
3939061,0
3939069,0
3939078,0
3939094,4
3939111,0
3939119,0
3939128,0
3939144,0
3939153,0
3939161,1
3939169,0
3939178,0
3939186,0
3939194,0
3939203,0
3939211,0
3939219,0
3939228,0
3939236,0
3939244,0
3939253,0
3939261,0
3939269,0
3939278,0
3939286,0
3939294,0
3939303,0
3939311,0
3939319,0
3939328,0
3939336,0
3939344,0
3939361,0
3939369,0
3939378,0
3939386,0
3939394,0
3939411,0
3939419,0
3939428,0
3939436,0
3939444,0
3939453,0
3939461,0
3939469,0
3939478,0
3939486,0
3939494,0
3939503,0
3939511,0
3939519,0
3939528,0
3939536,0
3939544,0
3939553,0
3939561,0
3939569,0
3939578,0
3939586,0
3939594,0
3939603,0
3939611,0
3939619,0
3939628,0
3939636,0
3939644,0
3939653,0
3939661,0
3939669,0
3939677,0
3939686,0
3939694,4
3939711,0
3939719,0
3939727,0
3939736,0
3939744,0
3939761,0
3939769,0
3939778,0
3939786,0
3939794,4
3939811,0
3939819,0
3939836,0
3939844,0
3939861,0
3939869,0
3939877,0
3939886,0
3939894,4
3939911,0
3939919,0
3939936,0
3939944,0
3939952,0
3939961,0
3939969,0
3939977,0
3939986,0
3939994,4
3940011,0
3940019,0
3940028,0
3940036,0
3940044,0
3940053,0
3940061,0
3940069,0
3940077,0
3940086,0
3940094,4
3940111,0
3940119,0
3940127,0
3940136,0
3940144,0
3940153,0
3940161,0
3940169,0
3940178,0
3940186,0
3940194,4
3940211,0
3940219,0
3940227,0
3940236,0
3940244,0
3940252,0
3940261,0
3940269,0
3940278,0
3940286,0
3940294,4
3940311,0
3940319,0
3940327,0
3940336,0
3940344,0
3940352,0
3940361,0
3940369,0
3940377,0
3940394,0
3940402,0
3940411,0
3940419,0
3940427,0
3940436,0
3940444,0
3940452,0
3940461,0
3940469,0
3940494,4
3940511,0
3940519,0
3940527,0
3940544,0
3940552,0
3940561,0
3940569,0
3940577,0
3940586,0
3940594,4
3940611,0
3940619,0
3940627,0
3940636,0
3940644,0
3940652,0
3940661,0
3940669,0
3940677,0
3940736,0
3940752,2
3940761,0
3940769,0
3940786,0
3940794,4
3940811,0
3940819,0
3940827,0
3940836,0
3940844,0
3940852,0
3940861,0
3940869,0
3940877,0
3940886,0
3940894,0
3940902,0
3940911,0
3940919,0
3940927,0
3940936,0
3940944,0
3940952,0
3940961,0
3940969,0
3940977,0
3940986,0
3940994,0
3941002,0
3941011,0
3941019,0
3941027,0
3941044,0
3941052,0
3941061,0
3941069,0
3941077,0
3941086,0
3941094,0
3941102,0
3941111,0
3941119,0
3941127,0
3941136,0
3941144,0
3941152,0
3941161,0
3941169,0
3941177,0
3941186,0
3941194,0
3941202,0
3941211,0
3941219,0
3941227,0
3941236,0
3941244,0
3941252,0
3941261,0
3941269,0
3941277,0
3941286,0
3941294,0
3941319,0
3941327,0
3941336,0
3941344,0
3941352,0
3941361,0
3941369,0
3941377,0
3941386,0
3941394,4
3941411,0
3941419,0
3941427,0
3941436,0
3941444,0
3941452,0
3941461,0
3941469,0
3941477,0
3941486,0
3941494,4
3941511,0
3941519,0
3941527,0
3941536,0
3941544,0
3941552,0
3941561,0
3941569,0
3941577,0
3941586,0
3941594,0
3941602,0
3941611,0
3941619,0
3941627,0
3941636,0
3941644,0
3941652,0
3941661,0
3941669,0
3941677,0
3941686,0
3941694,0
3941702,0
3941711,0
3941719,0
3941727,0
3941736,0
3941744,0
3941752,0
3941761,0
3941769,0
3941777,0
3941786,0
3941794,4
3941811,0
3941819,0
3941827,0
3941836,0
3941844,0
3941852,0
3941861,0
3941869,0
3941877,0
3941886,0
3941894,4
3941911,0
3941919,4
3941927,0
3941936,0
3941944,0
3941952,0
3941961,0
3941969,0
3941978,0
3941986,0
3941994,4
3942002,0
3942011,0
3942019,4
3942027,0
3942036,0
3942044,0
3942052,0
3942061,0
3942069,0
3942077,0
3942086,0
3942094,2
3942102,0
3942111,0
3942119,0
3942127,0
3942136,0
3942144,0
3942152,0
3942161,0
3942169,0
3942177,0
3942186,0
3942194,0
3942311,0
3942319,0
3942327,0
3942336,0
3942344,0
3942352,0
3942361,0
3942369,0
3942377,0
3942386,0
3942394,0
3942402,0
3942411,0
3942419,0
3942427,0
3942436,0
3942444,0
3942452,0
3942461,0
3942469,0
3942477,0
3942486,0
3942494,0
3942502,0
3942511,0
3942519,0
3942528,0
3942536,0
3942544,0
3942552,0
3942561,0
3942569,0
3942577,0
3942586,0
3942594,0
3942602,0
3942611,0
3942619,0
3942627,0
3942636,0
3942644,0
3942652,0
3942661,0
3942669,0
3942677,0
3942686,0
3942694,0
3942702,0
3942711,0
3942719,0
3942727,0
3942736,0
3942744,0
3942752,0
3942761,0
3942794,0
3942819,0
3942827,0
3942836,0
3942844,0
3942852,0
3942861,0
3942869,0
3942877,0
3942886,0
3942894,0
3942902,0
3942911,0
3942919,0
3942927,0
3942936,0
3942944,0
3942952,0
3942961,0
3942969,0
3942977,0
3942986,0
3942994,0
3943002,0
3943011,0
3943019,0
3943027,0
3943036,0
3943044,0
3943052,0
3943061,0
3943069,0
3943077,0
3943094,0
3943111,0
3943119,0
3943127,0
3943136,0
3943144,0
3943152,0
3943161,0
3943169,0
3943177,0
3943186,0
3943194,2
3943202,0
3943211,0
3943219,0
3943227,0
3943236,0
3943244,0
3943252,0
3943261,0
3943269,0
3943277,0
3943286,0
3943294,0
3943302,0
3943311,0
3943319,0
3943328,0
3943336,0
3943344,0
3943352,0
3943361,0
3943369,0
3943377,0
3943386,0
3943394,0
3943402,0
3943411,0
3943419,0
3943427,0
3943436,0
3943444,0
3943452,0
3943461,0
3943469,0
3943477,0
3943486,0
3943494,0
3943502,0
3943511,0
3943519,0
3943527,0
3943535,0
3943544,0
3943552,0
3943560,0
3943569,0
3943577,0
3943586,0
3943594,0
3943602,0
3943711,0
3943719,0
3943894,0
3943902,0
3943910,0
3943919,0
3943927,0
3943935,0
3943944,0
3943952,0
3943961,0
3943969,0
3943977,0
3943985,0
3943994,0
3944002,0
3944010,0
3944019,0
3944027,0
3944035,0
3944044,0
3944052,0
3944060,0
3944069,0
3944077,0
3944086,0
3944094,2
3944102,0
3944111,0
3944119,0
3944127,0
3944135,0
3944144,0
3944152,0
3944160,0
3944169,0
3944177,0
3944185,0
3944194,4
3944210,0
3944219,0
3944227,0
3944236,0
3944244,0
3944252,0
3944260,0
3944269,0
3944277,0
3944294,4
3944310,0
3944319,0
3944327,0
3944335,0
3944344,0
3944352,0
3944360,0
3944369,0
3944377,0
3944385,0
3944394,0
3944402,0
3944410,0
3944419,0
3944427,0
3944435,0
3944444,0
3944452,0
3944460,6
3944469,6
3944477,0
3944485,0
3944635,0
3944644,0
3944652,0
3944669,0
3944677,0
3944685,0
3944694,0
3944702,0
3944710,0
3944719,0
3944727,0
3944735,0
3944744,0
3944752,0
3944760,0
3944769,0
3944777,0
3944785,0
3944794,0
3944802,0
3944810,0
3944819,0
3944827,0
3944835,0
3944844,0
3944852,0
3944860,0
3944869,0
3944877,0
3944885,0
3944894,0
3944902,0
3944910,0
3944919,0
3944927,0
3944935,0
3944944,0
3944952,0
3944960,0
3944969,0
3944977,0
3944985,0
3944994,0
3945002,0
3945011,0
3945019,0
3945027,0
3945035,0
3945044,0
3945052,0
3945060,0
3945069,0
3945077,0
3945085,0
3945094,0
3945102,0
3945110,0
3945119,0
3945127,0
3945135,0
3945144,0
3945152,0
3945160,0
3945169,0
3945177,0
3945185,0
3945194,0
3945202,0
3945210,0
3945219,0
3945227,0
3945235,0
3945244,0
3945252,0
3945260,0
3945269,0
3945277,0
3945285,0
3945294,0
3945302,0
3945310,0
3945319,0
3945327,0
3945335,0
3945344,0
3945352,0
3945360,0
3945369,0
3945377,0
3945385,0
3945394,0
3945402,0
3945410,0
3945419,0
3945427,0
3945435,0
3945444,0
3945452,0
3945460,0
3945469,0
3945477,0
3945485,0
3945494,0
3945502,0
3945510,0
3945519,0
3945527,0
3945535,0
3945544,0
3945552,0
3945560,0
3945569,0
3945577,0
3945585,0
3945594,0
3945602,0
3945610,0
3945619,0
3945627,0
3945635,0
3945644,0
3945652,0
3945660,0
3945669,0
3945677,0
3945685,0
3945694,0
3945702,0
3945710,0
3945719,0
3945727,0
3945735,0
3945744,0
3945752,0
3945760,0
3945769,0
3945777,0
3945785,0
3945794,0
3945802,0
3945810,0
3945819,0
3945827,0
3945835,0
3945844,0
3945852,0
3945860,0
3945869,0
3945877,0
3945885,0
3945894,0
3945902,0
3945910,0
3945919,0
3945927,0
3945935,0
3945944,0
3945952,0
3945960,0
3945969,0
3945977,0
3945985,0
3945994,0
3946002,5
3946010,5
3946019,0
3946027,0
3946035,0
3946044,0
3946052,0
3946060,0
3946069,0
3946077,0
3946085,0
3946094,0
3946102,0
3946110,0
3946119,0
3946127,0
3946135,0
3946144,0
3946152,0
3946169,0
3946177,0
3946185,0
3946194,0
3946202,0
3946210,0
3946219,0
3946227,0
3946235,0
3946244,0
3946252,0
3946260,0
3946269,0
3946277,0
3946285,0
3946294,0
3946302,0
3946310,0
3946319,0
3946327,0
3946335,0
3946344,0
3946352,0
3946360,0
3946369,0
3946377,0
3946385,0
3946394,0
3946402,0
3946410,0
3946419,0
3946427,0
3946435,0
3946444,0
3946452,0
3946460,0
3946469,0
3946477,0
3946485,0
3946494,0
3946502,0
3946510,0
3946519,0
3946527,0
3946535,0
3946544,0
3946552,0
3946569,0
3946577,0
3946585,0
3946594,0
3946602,0
3946610,0
3946619,0
3946627,0
3946635,0
3946644,0
3946652,0
3946660,0
3946669,0
3946677,0
3946685,0
3946694,0
3946702,0
3946710,0
3946735,4
3946744,0
3946752,0
3946760,0
3946769,0
3946777,0
3946785,0
3946794,0
3946802,0
3946810,0
3946819,0
3946827,0
3946835,0
3946844,0
3946852,0
3946869,0
3946877,0
3946885,0
3946894,0
3946902,0
3946910,0
3946919,0
3946927,0
3946935,0
3946944,0
3946952,0
3946960,0
3946969,0
3947010,0
3947019,0
3947027,0
3947035,0
3947044,0
3947052,0
3947060,0
3947069,0
3947077,0
3947085,0
3947094,1
3947102,0
3947110,0
3947119,0
3947127,0
3947135,0
3947160,0
3947169,0
3947177,0
3947185,0
3947193,0
3947202,0
3947210,0
3947219,0
3947227,0
3947235,0
3947244,0
3947252,0
3947261,0
3947269,4
3947285,0
3947294,0
3947302,0
3947310,0
3947319,0
3947327,0
3947335,0
3947344,0
3947352,0
3947360,0
3947368,0
3947377,0
3947402,0
3947410,0
3947419,0
3947427,0
3947435,0
3947443,0
3947452,0
3947460,0
3947469,0
3947477,0
3947485,0
3947493,0
3947502,0
3947510,0
3947519,0
3947527,0
3947535,0
3947544,0
3947552,0
3947560,0
3947568,0
3947577,0
3947585,0
3947593,0
3947602,5
3947610,2
3947619,3
3947627,3
3947635,2
3947644,2
3947652,2
3947660,2
3947669,3
3947677,3
3947685,3
3947693,3
3947702,3
3947710,3
3947718,3
3947727,2
3947735,2
3947743,2
3947752,2
3947760,2
3947768,2
3947777,2
3947785,2
3947794,2
3947802,2
3947810,2
3947818,2
3947827,2
3947835,2
3947843,2
3947852,2
3947860,2
3947868,2
3947877,2
3947885,2
3947893,2
3947902,2
3947910,2
3947919,2
3947927,2
3947935,2
3947943,2
3947952,2
3947960,2
3947968,2
3947977,2
3947985,2
3947993,2
3948002,2
3948010,2
3948018,2
3948027,2
3948035,2
3948043,2
3948052,2
3948060,2
3948068,2
3948077,2
3948085,2
3948093,2
3948102,2
3948110,2
3948118,2
3948127,2
3948135,2
3948143,2
3948152,2
3948160,2
3948169,2
3948177,2
3948185,2
3948193,2
3948202,2
3948210,2
3948218,2
3948227,2
3948235,2
3948243,2
3948252,2
3948260,2
3948268,2
3948277,2
3948285,2
3948293,2
3948302,2
3948310,2
3948318,2
3948327,2
3948335,2
3948343,2
3948352,2
3948360,2
3948368,2
3948377,2
3948385,2
3948393,2
3948402,2
3948410,3
3948418,3
3948427,3
3948435,3
3948443,3
3948452,3
3948460,3
3948469,3
3948477,3
3948485,3
3948493,3
3948502,3
3948510,3
3948518,3
3948527,3
3948535,3
3948543,3
3948552,3
3948560,3
3948568,3
3948577,3
3948585,3
3948593,3
3948602,3
3948610,3
3948618,3
3948627,3
3948635,3
3948643,3
3948652,3
3948660,3
3948668,3
3948677,3
3948685,2
3948693,2
3948702,2
3948710,2
3948718,2
3948727,2
3948735,2
3948743,2
3948752,2
3948760,2
3948768,2
3948777,3
3948785,3
3948793,3
3948802,2
3948810,2
3948818,2
3948827,2
3948835,2
3948843,2
3948852,2
3948860,2
3948868,2
3948877,2
3948885,2
3948893,2
3948902,2
3948910,2
3948918,2
3948927,2
3948935,2
3948944,2
3948952,1
3948960,1
3948968,1
3948977,2
3948985,2
3948993,2
3949002,2
3949010,2
3949018,2
3949027,2
3949035,2
3949043,2
3949052,2
3949060,2
3949068,2
3949077,2
3949085,2
3949093,2
3949102,2
3949110,2
3949118,2
3949127,1
3949135,1
3949143,1
3949152,1
3949160,1
3949168,1
3949177,2
3949185,2
3949193,2
3949202,2
3949210,2
3949219,2
3949227,2
3949235,2
3949243,2
3949252,2
3949260,2
3949268,2
3949277,2
3949285,2
3949293,2
3949302,2
3949310,2
3949318,2
3949327,2
3949335,2
3949343,2
3949352,2
3949360,2
3949368,2
3949377,2
3949385,2
3949393,2
3949402,2
3949410,2
3949418,2
3949427,2
3949435,2
3949443,2
3949452,2
3949460,2
3949469,2
3949477,2
3949485,2
3949493,2
3949502,2
3949510,2
3949518,2
3949527,2
3949535,2
3949543,2
3949552,2
3949560,2
3949568,2
3949577,2
3949585,2
3949593,2
3949602,2
3949610,2
3949618,2
3949627,2
3949635,2
3949643,2
3949652,2
3949660,2
3949668,2
3949677,2
3949685,2
3949693,2
3949702,2
3949710,2
3949718,2
3949727,2
3949735,2
3949743,2
3949752,2
3949760,2
3949768,2
3949785,2
3949793,2
3949802,2
3949810,2
3949818,2
3949827,2
3949835,2
3949843,2
3949852,3
3949868,3
3949885,3
3949893,3
3949902,2
3949918,2
3949927,2
3949935,2
3949943,2
3949952,2
3949960,2
3949968,2
3949977,1
3950002,1
3950010,1
3950018,1
3950027,6
3950035,6
3950043,6
3950052,1
3950068,1
3950085,1
3950093,1
3950102,6
3950119,1
3950127,1
3950135,6
3950143,6
3950152,6
3950168,1
3950177,1
3950185,1
3950193,1
3950202,1
3950218,1
3950227,2
3950235,2
3950243,2
3950252,2
3950260,2
3950268,2
3950277,2
3950285,2
3950293,2
3950302,2
3950310,2
3950318,2
3950327,2
3950335,2
3950343,2
3950352,2
3950360,2
3950368,2
3950377,2
3950385,2
3950393,2
3950402,2
3950410,2
3950418,2
3950427,2
3950435,2
3950443,2
3950452,2
3950460,2
3950468,2
3950477,2
3950485,2
3950493,2
3950502,2
3950510,2
3950710,0
3950718,1
3950727,1
3950735,1
3950743,1
3950752,5
3950760,5
3950768,5
3950777,1
3950785,1
3950793,1
3950802,1
3950810,1
3950818,1
3950827,1
3950835,1
3950843,1
3950852,2
3950860,2
3950868,2
3950877,2
3950885,2
3950893,2
3950902,2
3950910,2
3950918,2
3950927,2
3950935,2
3950943,2
3950952,2
3950960,2
3950968,2
3950977,2
3950985,2
3950993,2
3951002,2
3951010,2
3951018,2
3951027,2
3951035,1
3951043,1
3951051,0
3951060,0
3951068,4
3951085,0
3951093,0
3951102,0
3951110,0
3951118,0
3951126,0
3951135,0
3951143,0
3951152,0
3951160,0
3951168,0
3951177,0
3951185,0
3951193,0
3951201,0
3951210,0
3951218,0
3951226,0
3951235,0
3951243,0
3951252,0
3951260,0
3951268,0
3951276,0
3951285,0
3951293,0
3951302,0
3951310,0
3951318,0
3951327,0
3951335,0
3951343,0
3951352,0
3951360,0
3951368,0
3951385,0
3951393,0
3951401,0
3951410,0
3951418,0
3951426,0
3951435,0
3951443,0
3951452,0
3951460,0
3951468,4
3951485,0
3951493,0
3951501,0
3951510,0
3951518,0
3951526,0
3951535,0
3951543,0
3951551,0
3951560,0
3951568,4
3951585,0
3951593,0
3951601,0
3951610,0
3951618,0
3951626,0
3951635,0
3951643,0
3951651,0
3951668,4
3951685,0
3951693,0
3951701,0
3951710,0
3951718,0
3951726,0
3951735,0
3951743,0
3951752,0
3951760,0
3951768,4
3951785,0
3951793,0
3951801,0
3951810,0
3951818,0
3951826,0
3951835,0
3951843,0
3951851,0
3951860,0
3951868,4
3951885,0
3951893,0
3951901,0
3951918,0
3951926,0
3951935,1
3951943,0
3951952,0
3951960,0
3951968,4
3951985,0
3951993,4
3952001,0
3952010,0
3952018,0
3952026,0
3952035,5
3952043,2
3952051,2
3952060,2
3952068,4
3952085,0
3952093,0
3952102,0
3952110,0
3952118,0
3952126,0
3952135,0
3952143,0
3952151,0
3952160,0
3952168,0
3952176,0
3952185,0
3952193,0
3952201,0
3952210,0
3952218,0
3952226,0
3952235,0
3952243,0
3952251,0
3952260,0
3952268,0
3952285,0
3952293,0
3952301,0
3952310,0
3952318,0
3952326,0
3952335,0
3952343,0
3952352,0
3952368,4
3952385,0
3952393,0
3952401,0
3952418,0
3952426,0
3952435,0
3952443,0
3952451,0
3952468,4
3952486,0
3952493,0
3952501,0
3952518,0
3952526,0
3952535,0
3952543,0
3952551,0
3952568,4
3952585,0
3952593,0
3952601,0
3952619,0
3952626,0
3952635,0
3952643,0
3952651,0
3952660,0
3952668,4
3952685,0
3952693,0
3952701,0
3952710,0
3952718,0
3952726,0
3952735,0
3952743,0
3952752,0
3952760,0
3952768,4
3952785,0
3952793,0
3952801,0
3952810,0
3952818,0
3952826,0
3952835,0
3952843,0
3952851,0
3952860,0
3952868,4
3952886,0
3952893,0
3952901,0
3952910,0
3952918,0
3952926,0
3952935,0
3952943,0
3952951,0
3952960,0
3952968,4
3952985,0
3952993,0
3953001,0
3953010,0
3953019,0
3953026,0
3953035,0
3953043,0
3953051,0
3953060,0
3953068,4
3953085,0
3953093,0
3953101,0
3953110,0
3953118,0
3953126,0
3953135,0
3953143,0
3953152,0
3953160,0
3953168,4
3953185,0
3953193,0
3953201,0
3953210,0
3953218,0
3953226,0
3953235,0
3953243,0
3953251,0
3953260,0
3953268,4
3953285,0
3953293,0
3953301,0
3953310,0
3953318,0
3953326,0
3953335,0
3953343,0
3953351,0
3953360,0
3953368,4
3953385,0
3953393,0
3953401,0
3953410,0
3953419,0
3953426,0
3953435,0
3953443,0
3953452,0
3953460,0
3953468,4
3953485,0
3953493,0
3953501,0
3953510,0
3953518,0
3953527,0
3953535,0
3953543,0
3953552,0
3953560,0
3953568,4
3953585,0
3953593,0
3953601,0
3953610,0
3953618,0
3953626,0
3953635,0
3953643,0
3953651,0
3953660,0
3953668,4
3953686,0
3953693,0
3953701,0
3953710,0
3953718,0
3953726,0
3953735,0
3953743,0
3953752,0
3953768,4
3953785,0
3953793,0
3953801,0
3953818,0
3953826,0
3953835,0
3953843,0
3953851,0
3953868,4
3953885,0
3953893,0
3953901,0
3953919,0
3953926,0
3953935,0
3953943,0
3953951,0
3953968,4
3953985,0
3953993,0
3954001,0
3954010,0
3954018,0
3954026,0
3954035,0
3954043,0
3954051,0
3954060,0
3954068,0
3954076,0
3954085,0
3954093,0
3954101,0
3954110,0
3954118,0
3954126,0
3954135,0
3954143,0
3954151,0
3954160,0
3954168,0
3954176,0
3954185,0
3954193,0
3954201,0
3954210,0
3954218,0
3954226,0
3954235,0
3954243,0
3954251,0
3954260,0
3954268,0
3954276,0
3954285,0
3954293,0
3954301,0
3954310,0
3954318,0
3954326,0
3954335,0
3954343,0
3954351,0
3954368,4
3954385,0
3954393,0
3954401,0
3954418,0
3954585,0
3954593,0
3954618,0
3954626,0
3954635,0
3954643,0
3954651,0
3954660,0
3954668,4
3954685,0
3954693,0
3954701,0
3954710,0
3954718,0
3954726,0
3954735,0
3954743,0
3954751,0
3954760,0
3954768,0
3954776,0
3954785,0
3954793,0
3954801,0
3954810,0
3954818,0
3954826,0
3954835,0
3954843,0
3954851,0
3954860,0
3954868,4
3954885,0
3954893,0
3954901,0
3954910,0
3954918,0
3954926,0
3954934,0
3954943,0
3954951,0
3954968,4
3954985,0
3954993,0
3955001,0
3955018,0
3955026,0
3955034,0
3955043,0
3955051,0
3955059,0
3955068,4
3955084,0
3955093,0
3955101,0
3955118,0
3955126,0
3955134,0
3955151,0
3955168,4
3955184,0
3955193,0
3955201,0
3955218,0
3955226,0
3955234,0
3955243,0
3955251,0
3955268,4
3955276,0
3955285,0
3955293,0
3955301,0
3955318,0
3955326,0
3955334,0
3955343,0
3955351,0
3955360,0
3955368,0
3955376,0
3955384,0
3955393,0
3955401,0
3955409,0
3955418,0
3955426,0
3955434,0
3955443,0
3955451,0
3955459,0
3955468,0
3955476,0
3955485,0
3955493,0
3955501,0
3955509,0
3955518,0
3955526,0
3955534,0
3955543,0
3955551,0
3955559,0
3955568,0
3955576,0
3955584,0
3955593,0
3955601,0
3955609,0
3955618,0
3955626,0
3955634,0
3955643,0
3955651,0
3955668,4
3955684,0
3955693,0
3955701,0
3955718,0
3955726,0
3955734,0
3955743,0
3955751,0
3955768,4
3955784,0
3955793,0
3955801,0
3955818,0
3955826,0
3955834,0
3955843,0
3955851,0
3955859,0
3955868,4
3955884,0
3955893,0
3955901,0
3955909,0
3955918,0
3955926,0
3955934,0
3955943,0
3955951,0
3955959,0
3955968,4
3955984,0
3955993,0
3956001,0
3956009,0
3956018,0
3956026,0
3956034,0
3956043,0
3956051,0
3956059,0
3956068,0
3956076,0
3956084,0
3956101,0
3956109,0
3956118,0
3956126,0
3956134,0
3956143,0
3956151,0
3956159,0
3956168,0
3956176,0
3956184,0
3956193,0
3956201,0
3956209,0
3956218,0
3956226,0
3956234,0
3956384,0
3956401,0
3956409,0
3956418,0
3956426,0
3956434,0
3956443,0
3956451,0
3956468,4
3956484,0
3956493,0
3956501,0
3956509,0
3956518,0
3956526,0
3956534,0
3956543,0
3956551,2
3956560,2
3956568,2
3956576,2
3956584,2
3956593,3
3956601,3
3956609,3
3956618,3
3956626,3
3956634,3
3956643,3
3956651,3
3956659,3
3956668,3
3956676,3
3956684,3
3956693,3
3956701,4
3956709,4
3956718,4
3956726,4
3956734,4
3956743,2
3956751,2
3956759,2
3956768,2
3956776,2
3956784,2
3956793,2
3956801,2
3956810,2
3956818,2
3956826,2
3956834,2
3956843,2
3956851,2
3956868,2
3956884,2
3956893,2
3956901,2
3956918,2
3956926,2
3956934,2
3956943,2
3956951,2
3956968,2
3956984,2
3956993,2
3957001,3
3957009,3
3957018,3
3957026,3
3957034,3
3957043,3
3957051,3
3957059,3
3957068,3
3957084,3
3957093,3
3957101,3
3957109,3
3957118,3
3957126,2
3957134,2
3957143,2
3957151,2
3957168,2
3957184,2
3957193,2
3957201,5
3957209,5
3957218,5
3957226,5
3957234,5
3957243,5
3957251,5
3957259,5
3957268,5
3957284,5
3957293,5
3957301,5
3957309,5
3957318,5
3957326,5
3957334,5
3957343,5
3957351,5
3957359,5
3957368,5
3957376,5
3957384,5
3957393,5
3957401,5
3957409,5
3957418,5
3957426,5
3957434,5
3957443,5
3957451,5
3957459,2
3957468,3
3957484,5
3957493,5
3957501,5
3957509,5
3957518,5
3957526,5
3957534,5
3957543,5
3957551,5
3957559,5
3957568,4
3957585,5
3957593,5
3957601,0
3957609,0
3957618,0
3957626,0
3957634,0
3957643,0
3957651,0
3957668,4
3957684,0
3957693,0
3957701,5
3957718,5
3957726,5
3957734,5
3957743,5
3957751,0
3957768,0
3957776,0
3957784,0
3957793,0
3957801,5
3957818,5
3957826,5
3957834,5
3957843,5
3957851,5
3957859,5
3957868,5
3957876,5
3957884,5
3957893,1
3957901,1
3957909,1
3957918,1
3957926,1
3957934,1
3957943,2
3957951,2
3957959,2
3957968,2
3957984,2
3957993,2
3958001,2
3958009,2
3958018,2
3958026,2
3958034,2
3958043,2
3958051,3
3958059,3
3958068,3
3958076,3
3958084,3
3958093,3
3958101,4
3958109,4
3958118,3
3958126,3
3958134,3
3958143,3
3958151,3
3958168,3
3958184,3
3958193,3
3958201,3
3958209,3
3958218,3
3958226,3
3958234,3
3958243,3
3958251,3
3958268,3
3958284,3
3958293,3
3958301,3
3958318,3
3958326,3
3958334,3
3958343,3
3958351,2
3958368,2
3958384,2
3958393,2
3958401,3
3958418,3
3958426,3
3958434,3
3958443,3
3958451,3
3958459,3
3958468,3
3958476,3
3958484,4
3958493,4
3958501,4
3958509,3
3958518,3
3958526,3
3958534,2
3958543,3
3958551,3
3958559,3
3958568,3
3958576,3
3958584,3
3958593,3
3958601,3
3958609,2
3958618,2
3958626,2
3958634,2
3958643,2
3958651,2
3958659,2
3958668,2
3958676,3
3958684,3
3958693,3
3958701,3
3958709,3
3958718,3
3958726,3
3958734,3
3958742,3
3958751,3
3958759,3
3958767,3
3958776,3
3958784,3
3958793,3
3958801,3
3958809,3
3958817,3
3958826,3
3958834,3
3958843,3
3958851,3
3958859,4
3958867,4
3958876,4
3958884,3
3958892,3
3958902,3
3958909,3
3958918,3
3958926,3
3958934,3
3958943,3
3958951,3
3958968,3
3958984,3
3958992,3
3959001,3
3959017,3
3959026,3
3959034,3
3959042,3
3959051,3
3959059,3
3959068,3
3959084,3
3959093,3
3959101,3
3959109,3
3959117,3
3959126,3
3959134,3
3959142,3
3959151,3
3959159,3
3959168,4
3959176,4
3959184,4
3959193,4
3959201,3
3959209,3
3959217,3
3959226,3
3959234,3
3959242,3
3959251,3
3959259,4
3959267,4
3959276,4
3959284,4
3959292,4
3959301,2
3959309,3
3959318,3
3959326,3
3959334,3
3959342,3
3959351,3
3959359,3
3959367,3
3959376,3
3959384,3
3959392,3
3959401,3
3959409,3
3959417,2
3959426,3
3959434,3
3959443,3
3959451,3
3959459,3
3959467,3
3959476,3
3959484,3
3959492,3
3959501,3
3959509,3
3959517,3
3959526,3
3959534,3
3959542,3
3959551,3
3959559,3
3959568,3
3959576,3
3959584,3
3959592,3
3959601,3
3959609,3
3959617,3
3959626,3
3959634,3
3959642,3
3959651,3
3959659,3
3959667,3
3959676,1
3959684,5
3959692,5
3959701,0
3959709,0
3959718,0
3959726,0
3959734,0
3959742,0
3959751,0
3959759,0
3959767,0
3959776,0
3959784,0
3959792,0
3959801,4
3959809,2
3959817,0
3959826,0
3959834,0
3959842,0
3959851,0
3959859,0
3959867,4
3959884,0
3959892,0
3959901,0
3959909,0
3959917,0
3959926,0
3959934,0
3959942,0
3959951,0
3959959,0
3959967,0
3959976,0
3959984,0
3959992,0
3960001,0
3960009,0
3960017,0
3960026,0
3960034,0
3960042,0
3960051,0
3960059,0
3960067,0
3960102,0
3960109,0
3960118,0
3960126,0
3960134,0
3960142,0
3960151,0
3960159,0
3960167,2
3960176,2
3960184,0
3960192,0
3960201,0
3960209,0
3960217,0
3960226,0
3960234,0
3960242,0
3960251,0
3960259,0
3960267,0
3960276,0
3960284,0
3960292,0
3960301,0
3960309,0
3960317,0
3960342,0
3960442,0
3960484,0
3960492,0
3960501,0
3960509,0
3960526,0
3960534,0
3960542,0
3960551,0
3960559,0
3960567,1
3960576,0
3960584,0
3960592,0
3960601,0
3960609,0
3960617,0
3960626,0
3960634,0
3960642,0
3960651,0
3960659,0
3960667,4
3960684,0
3960692,0
3960701,0
3960709,0
3960717,0
3960726,0
3960734,0
3960742,0
3960751,0
3960759,0
3960767,0
3960776,0
3960784,0
3960792,0
3960801,0
3960809,0
3960817,0
3960826,0
3960834,0
3960842,0
3960851,0
3960867,0
3960876,4
3960884,0
3960892,0
3960901,0
3960917,0
3960926,0
3960934,0
3960942,0
3960951,0
3960959,0
3960967,0
3960976,0
3960984,0
3960992,0
3961001,0
3961009,0
3961018,0
3961026,0
3961034,0
3961042,0
3961051,0
3961059,0
3961067,0
3961076,0
3961084,0
3961092,0
3961101,0
3961109,0
3961117,0
3961126,0
3961134,0
3961142,0
3961151,0
3961159,0
3961167,0
3961176,0
3961184,0
3961192,0
3961201,0
3961209,0
3961217,0
3961226,0
3961234,0
3961242,0
3961251,0
3961259,0
3961267,4
3961284,0
3961292,0
3961309,0
3961317,0
3961326,0
3961334,0
3961342,0
3961351,2
3961359,0
3961367,4
3961376,0
3961384,0
3961392,0
3961401,0
3961409,0
3961417,0
3961426,0
3961434,0
3961442,0
3961451,0
3961459,0
3961467,0
3961476,0
3961484,0
3961492,0
3961501,0
3961509,0
3961517,0
3961526,0
3961534,0
3961542,0
3961551,0
3961559,0
3961567,0
3961576,0
3961584,0
3961592,0
3961601,0
3961609,0
3961617,0
3961626,0
3961634,0
3961642,0
3961651,0
3961659,0
3961667,0
3961676,0
3961684,0
3961693,0
3961701,0
3961709,0
3961717,0
3961726,0
3961734,0
3961742,0
3961751,0
3961759,0
3961767,4
3961784,0
3961792,0
3961801,0
3961809,0
3961817,0
3961826,0
3961834,0
3961842,0
3961851,0
3961859,0
3961867,0
3961876,0
3961884,5
3961892,3
3961901,3
3961909,4
3961917,4
3961926,4
3961934,4
3961942,4
3961951,4
3961959,4
3961967,4
3961976,4
3961984,4
3961992,4
3962001,4
3962009,4
3962017,4
3962034,4
3962042,4
3962051,4
3962059,4
3962067,4
3962076,4
3962084,4
3962092,4
3962101,4
3962109,4
3962117,4
3962134,4
3962142,4
3962151,4
3962159,4
3962167,4
3962184,4
3962192,4
3962201,4
3962209,4
3962217,4
3962226,4
3962234,4
3962242,4
3962251,4
3962259,4
3962267,4
3962284,4
3962292,4
3962301,4
3962309,4
3962317,4
3962326,4
3962334,4
3962342,4
3962351,4
3962359,4
3962367,4
3962384,4
3962392,4
3962409,4
3962417,4
3962434,4
3962442,4
3962451,4
3962459,4
3962467,4
3962484,4
3962492,4
3962501,4
3962509,4
3962517,4
3962525,4
3962534,4
3962542,4
3962551,4
3962559,4
3962567,4
3962584,4
3962592,4
3962601,4
3962609,4
3962617,4
3962626,4
3962634,4
3962642,4
3962651,4
3962659,4
3962667,4
3962684,4
3962692,4
3962700,4
3962709,4
3962717,4
3962726,4
3962742,4
3962750,4
3962759,4
3962767,4
3962776,4
3962784,4
3962792,4
3962800,4
3962809,4
3962817,4
3962826,4
3962834,4
3962842,4
3962851,4
3962859,4
3962867,4
3962876,4
3962884,4
3962892,4
3962900,4
3962909,4
3962917,4
3962925,4
3962934,4
3962942,4
3962950,4
3962959,4
3962967,4
3962975,3
3962984,4
3962992,4
3963000,4
3963009,4
3963017,4
3963026,4
3963034,4
3963042,4
3963050,4
3963059,4
3963067,4
3963075,4
3963084,4
3963092,4
3963100,4
3963109,4
3963117,4
3963125,3
3963134,4
3963142,4
3963150,4
3963159,4
3963167,4
3963175,4
3963184,4
3963192,4
3963200,4
3963209,4
3963217,4
3963225,4
3963234,4
3963242,4
3963250,4
3963259,4
3963267,4
3963275,4
3963284,4
3963292,4
3963300,4
3963309,4
3963317,4
3963325,4
3963334,4
3963342,4
3963350,4
3963359,4
3963367,4
3963375,4
3963384,4
3963392,4
3963400,4
3963409,4
3963417,4
3963425,4
3963434,4
3963442,4
3963450,4
3963459,4
3963467,4
3963475,4
3963484,4
3963492,4
3963501,4
3963509,4
3963517,4
3963526,4
3963534,4
3963542,4
3963550,4
3963559,4
3963567,4
3963575,4
3963584,4
3963592,4
3963600,3
3963609,4
3963617,4
3963625,4
3963634,4
3963642,4
3963650,4
3963675,4
3963684,4
3963692,4
3963700,4
3963709,4
3963717,4
3963725,4
3963734,4
3963742,4
3963750,4
3963759,4
3963767,4
3963775,4
3963784,4
3963792,4
3963800,4
3963809,4
3963817,4
3963825,4
3963834,4
3963842,4
3963850,4
3963859,4
3963867,4
3963875,4
3963884,4
3963892,4
3963900,4
3963909,4
3963917,4
3963926,4
3963934,4
3963942,4
3963950,4
3963959,4
3963967,4
3964184,0
3964192,0
3964209,0
3964217,0
3964225,0
3964234,0
3964242,0
3964250,0
3964259,0
3964267,0
3964284,0
3964292,0
3964309,0
3964317,0
3964325,0
3964334,4
3964342,2
3964350,0
3964359,0
3964367,2
3964375,6
3964384,2
3964392,0
3964400,0
3964409,0
3964417,0
3964425,0
3964434,0
3964442,0
3964450,0
3964459,0
3964467,0
3964475,0
3964484,0
3964492,0
3964500,0
3964509,0
3964517,0
3964525,0
3964534,0
3964542,0
3964550,0
3964559,0
3964567,0
3964575,0
3964584,0
3964592,0
3964600,0
3964609,0
3964617,0
3964625,0
3964634,0
3964642,0
3964784,0
3964792,0
3964800,0
3964809,0
3964817,0
3964825,0
3964834,0
3964842,0
3964850,0
3964859,0
3964867,0
3964875,0
3964884,0
3964892,0
3964900,0
3964909,0
3964917,0
3964925,0
3964934,0
3964942,0
3964950,0
3964959,0
3964967,0
3964975,0
3964984,0
3964992,0
3965000,0
3965009,0
3965017,0
3965025,0
3965034,0
3965042,0
3965050,0
3965059,0
3965067,0
3965075,0
3965084,0
3965092,0
3965100,0
3965109,0
3965117,0
3965125,0
3965134,0
3965142,0
3965150,0
3965159,0
3965167,0
3965175,0
3965184,0
3965192,0
3965200,0
3965209,0
3965217,0
3965225,0
3965234,0
3965242,0
3965250,0
3965259,0
3965267,0
3965275,0
3965284,0
3965292,0
3965300,0
3965309,0
3965317,0
3965325,0
3965334,0
3965342,0
3965359,0
3965367,0
3965375,0
3965384,0
3965392,0
3965400,0
3965409,0
3965417,0
3965425,0
3965434,0
3965567,0
3965575,0
3965584,0
3965592,0
3965600,0
3965617,0
3965625,0
3965634,0
3965642,0
3965650,0
3965659,0
3965667,0
3965675,0
3965684,0
3965692,0
3965700,0
3965709,0
3965717,0
3965725,0
3965734,0
3965742,0
3965750,0
3965759,0
3965767,0
3965775,5
3965784,5
3965792,0
3965800,0
3965809,0
3965817,0
3965825,0
3965834,0
3965842,0
3965850,0
3965859,0
3965867,0
3965875,0
3965884,0
3965892,0
3965900,0
3965909,0
3965917,0
3965925,0
3965934,0
3965942,4
3965959,0
3965967,0
3965975,0
3965984,0
3965992,0
3966000,0
3966009,0
3966017,0
3966025,0
3966034,0
3966042,0
3966059,0
3966067,0
3966075,0
3966084,0
3966092,0
3966100,0
3966109,0
3966117,0
3966125,0
3966134,0
3966142,0
3966159,0
3966167,0
3966175,0
3966184,0
3966192,0
3966200,0
3966209,0
3966217,0
3966225,0
3966233,5
3966242,4
3966259,0
3966267,0
3966275,0
3966284,0
3966292,0
3966300,0
3966309,0
3966317,0
3966325,0
3966333,0
3966342,0
3966350,0
3966358,0
3966367,0
3966375,0
3966383,0
3966392,0
3966400,0
3966408,0
3966417,0
3966434,0
3966442,0
3966450,0
3966459,0
3966467,0
3966475,0
3966483,0
3966492,0
3966500,0
3966509,0
3966517,0
3966525,0
3966534,0
3966542,0
3966550,0
3966558,0
3966567,0
3966575,0
3966584,0
3966592,0
3966600,0
3966609,0
3966617,0
3966625,0
3966634,0
3966642,0
3966659,0
3966667,0
3966675,0
3966683,0
3966692,0
3966700,0
3966709,0
3966717,0
3966725,0
3966733,0
3966742,0
3966750,0
3966759,0
3966767,0
3966775,0
3966784,0
3966792,0
3966800,0
3966808,0
3966817,0
3966825,0
3966833,0
3966842,0
3966850,0
3966858,0
3966867,0
3966875,0
3966883,0
3966892,0
3966900,0
3966908,0
3966917,0
3966925,0
3966933,0
3966942,0
3966950,0
3966958,0
3966967,0
3966975,0
3966983,0
3966992,0
3967000,0
3967008,0
3967017,0
3967025,0
3967034,0
3967042,0
3967050,0
3967058,0
3967067,0
3967075,0
3967083,0
3967092,0
3967100,0
3967108,0
3967117,0
3967125,0
3967133,0
3967142,0
3967150,0
3967183,0
3967192,0
3967200,0
3967208,0
3967217,0
3967225,0
3967233,0
3967242,0
3967250,0
3967258,0
3967267,0
3967275,0
3967283,0
3967292,0
3967300,0
3967308,0
3967467,0
3967475,0
3967483,2
3967492,0
3967500,0
3967508,0
3967517,0
3967525,0
3967533,0
3967542,0
3967550,0
3967558,0
3967567,0
3967575,0
3967583,0
3967592,0
3967600,0
3967608,0
3967617,0
3967625,0
3967633,0
3967642,4
3967658,0
3967667,0
3967675,0
3967683,0
3967692,0
3967700,0
3967708,0
3967717,0
3967725,0
3967733,0
3967742,0
3967750,0
3967758,0
3967767,0
3967775,0
3967783,0
3967792,0
3967800,0
3967808,0
3967817,0
3967825,0
3967842,4
3967858,0
3967867,0
3967875,0
3967892,0
3967900,0
3967908,0
3967917,0
3967925,0
3967933,0
3967942,4
3967958,0
3967967,0
3967975,0
3967983,0
3967992,0
3968000,0
3968008,0
3968017,0
3968025,0
3968042,4
3968058,0
3968067,0
3968075,0
3968092,0
3968100,0
3968108,0
3968117,0
3968125,0
3968142,4
3968158,0
3968167,0
3968175,0
3968317,0
3968350,0
3968358,0
3968367,0
3968375,0
3968383,0
3968392,0
3968400,0
3968408,0
3968417,0
3968425,0
3968442,0
3968458,0
3968467,0
3968475,0
3968492,0
3968500,0
3968508,0
3968517,0
3968525,0
3968533,0
3968542,4
3968558,0
3968567,0
3968575,0
3968583,0
3968592,0
3968600,0
3968608,0
3968617,0
3968625,0
3968633,0
3968642,4
3968658,0
3968667,0
3968675,0
3968683,0
3968692,0
3968700,0
3968708,0
3968717,0
3968725,0
3968733,0
3968742,4
3968758,0
3968767,0
3968775,0
3968792,0
3968800,0
3968808,0
3968817,0
3968825,0
3968833,0
3968842,0
3968850,0
3968859,0
3968867,0
3968875,0
3968883,0
3968892,0
3968900,0
3968908,0
3968917,0
3968925,0
3968933,0
3968942,4
3968958,0
3968967,0
3968975,0
3968983,0
3968992,0
3969000,0
3969008,0
3969017,0
3969025,0
3969033,0
3969042,4
3969058,0
3969067,0
3969075,0
3969092,0
3969100,0
3969108,0
3969117,0
3969125,0
3969142,4
3969158,0
3969167,0
3969175,0
3969192,0
3969200,0
3969208,0
3969217,0
3969225,0
3969233,0
3969242,4
3969259,0
3969267,0
3969275,0
3969283,0
3969292,0
3969300,0
3969308,0
3969317,0
3969325,0
3969333,0
3969342,4
3969358,0
3969367,0
3969375,0
3969392,0
3969400,0
3969408,0
3969417,0
3969425,0
3969433,0
3969442,4
3969458,0
3969467,0
3969475,0
3969483,0
3969492,0
3969500,0
3969508,0
3969517,0
3969525,0
3969533,0
3969542,0
3969550,0
3969558,0
3969567,6
3969575,6
3969583,0
3969592,0
3969600,0
3969608,0
3969617,0
3969625,0
3969642,0
3969659,0
3969675,4
3969692,0
3969700,0
3969708,0
3969725,0
3969742,0
3969775,0
3969808,0
3969817,0
3969842,0
3969875,0
3969892,0
3969900,0
3969908,0
3969917,0
3969925,0
3969942,4
3969958,0
3969967,0
3969975,0
3969983,0
3969992,0
3970000,0
3970008,0
3970017,0
3970025,0
3970033,0
3970042,4
3970059,0
3970067,0
3970075,0
3970083,0
3970092,0
3970100,0
3970108,0
3970117,0
3970125,0
3970133,0
3970142,0
3970150,0
3970158,0
3970167,0
3970175,0
3970183,0
3970192,0
3970200,0
3970208,0
3970216,0
3970225,0
3970233,0
3970242,0
3970258,0
3970383,0
3970392,0
3970400,0
3970408,0
3970416,0
3970425,0
3970433,0
3970442,4
3970458,0
3970466,0
3970475,0
3970483,0
3970491,0
3970500,0
3970508,0
3970517,0
3970525,0
3970533,0
3970541,0
3970550,0
3970559,0
3970566,0
3970575,0
3970583,0
3970591,0
3970600,0
3970608,0
3970616,0
3970625,0
3970641,4
3970658,0
3970666,0
3970675,0
3970692,0
3970700,0
3970708,0
3970716,0
3970725,0
3970733,0
3970741,4
3970758,0
3970766,0
3970775,0
3970783,0
3970792,0
3970800,0
3970808,0
3970816,0
3970825,0
3970841,0
3970858,0
3970866,0
3970875,0
3970883,0
3970892,0
3970900,0
3970908,0
3970916,0
3970925,0
3970941,4
3970959,0
3970966,0
3970975,0
3970992,0
3971000,0
3971008,0
3971016,0
3971025,0
3971041,4
3971058,0
3971066,0
3971075,0
3971091,0
3971100,0
3971108,0
3971116,0
3971125,0
3971133,0
3971141,4
3971158,0
3971166,0
3971175,0
3971183,0
3971192,0
3971200,0
3971208,0
3971216,0
3971226,0
3971233,0
3971241,0
3971258,0
3971266,0
3971275,0
3971283,0
3971292,0
3971300,0
3971308,0
3971316,0
3971325,0
3971333,0
3971341,0
3971350,0
3971358,0
3971366,0
3971375,0
3971383,0
3971391,0
3971400,0
3971408,0
3971416,0
3971425,0
3971433,0
3971441,4
3971458,0
3971466,0
3971475,0
3971483,0
3971491,0
3971500,0
3971508,0
3971516,0
3971525,0
3971533,0
3971541,0
3971550,0
3971558,0
3971566,0
3971575,0
3971583,0
3971591,0
3971600,0
3971608,0
3971616,0
3971625,0
3971633,0
3971641,0
3971650,0
3971658,0
3971666,0
3971675,0
3971683,0
3971691,0
3971700,0
3971708,0
3971716,0
3971725,0
3971733,0
3971741,4
3971758,0
3971766,0
3971775,0
3971783,0
3971791,0
3971800,0
3971808,0
3971816,0
3971825,0
3971841,0
3971850,0
3971858,0
3971866,0
3971875,0
3971883,0
3971891,0
3971900,0
3971908,2
3971916,0
3971925,0
3971941,4
3971966,0
3971975,0
3971991,0
3972000,0
3972008,0
3972016,0
3972025,0
3972041,0
3972050,0
3972058,0
3972066,0
3972075,0
3972083,0
3972091,0
3972100,0
3972108,0
3972116,0
3972125,0
3972133,0
3972142,4
3972158,0
3972166,0
3972175,0
3972183,0
3972191,0
3972200,0
3972208,0
3972216,0
3972225,0
3972233,0
3972241,4
3972258,0
3972266,0
3972275,0
3972283,0
3972291,0
3972300,0
3972308,0
3972316,0
3972325,0
3972333,0
3972341,4
3972358,0
3972366,0
3972375,0
3972383,0
3972391,0
3972400,0
3972408,0
3972416,0
3972425,0
3972433,0
3972441,4
3972458,0
3972466,0
3972475,0
3972483,0
3972491,0
3972500,0
3972508,0
3972516,0
3972525,0
3972533,0
3972542,0
3972550,0
3972558,0
3972566,0
3972575,0
3972583,0
3972591,0
3972600,0
3972608,0
3972616,0
3972625,0
3972633,0
3972641,0
3972650,0
3972658,0
3972666,0
3972675,0
3972683,0
3972691,0
3972700,0
3972708,0
3972716,0
3972725,0
3972733,0
3972741,4
3972758,0
3972766,0
3972775,0
3972791,0
3972800,0
3972808,0
3972816,0
3972825,0
3972833,0
3972841,4
3972858,5
3972866,5
3972875,0
3972883,0
3972891,0
3972900,0
3972908,0
3972916,0
3972925,0
3972933,0
3972941,4
3972958,0
3972966,0
3972975,0
3972983,0
3972991,0
3973000,0
3973008,0
3973016,0
3973025,0
3973041,4
3973058,0
3973066,0
3973075,0
3973091,0
3973100,0
3973108,0
3973116,0
3973125,0
3973133,0
3973141,4
3973158,0
3973166,0
3973175,0
3973183,0
3973191,0
3973200,0
3973208,0
3973216,0
3973225,0
3973233,0
3973241,4
3973258,0
3973266,0
3973275,0
3973283,0
3973291,0
3973300,0
3973308,0
3973316,0
3973325,0
3973333,0
3973341,4
3973358,0
3973366,0
3973425,0
3973441,4
3973458,0
3973466,0
3973475,0
3973483,0
3973491,0
3973500,0
3973508,0
3973516,0
3973525,0
3973533,0
3973541,4
3973558,0
3973566,0
3973575,0
3973583,0
3973591,0
3973600,0
3973608,0
3973616,0
3973625,0
3973633,0
3973641,4
3973658,0
3973666,0
3973675,0
3973683,0
3973691,0
3973700,0
3973708,0
3973716,0
3973725,0
3973741,4
3973758,0
3973766,0
3973775,0
3973791,0
3973800,0
3973808,0
3973816,0
3973825,0
3973833,0
3973841,4
3973858,0
3973866,0
3973875,0
3973883,0
3973891,0
3973900,0
3973908,0
3973916,0
3973925,0
3973933,0
3973941,4
3973958,0
3973966,0
3973975,0
3973983,0
3973991,0
3974000,0
3974008,0
3974016,0
3974025,0
3974033,0
3974041,0
3974050,0
3974058,0
3974066,0
3974075,0
3974083,0
3974091,0
3974099,0
3974108,0
3974116,0
3974125,0
3974258,5
3974266,2
3974274,4
3974283,0
3974291,0
3974299,0
3974308,0
3974316,0
3974324,0
3974333,0
3974341,4
3974358,0
3974366,0
3974375,0
3974383,0
3974391,0
3974399,0
3974408,0
3974416,0
3974424,0
3974433,0
3974441,0
3974449,0
3974458,0
3974466,0
3974474,0
3974483,0
3974491,0
3974499,0
3974508,0
3974516,0
3974525,0
3974533,0
3974541,3
3974549,3
3974558,3
3974566,4
3974574,4
3974583,4
3974591,4
3974600,4
3974608,4
3974616,4
3974624,4
3974633,4
3974641,4
3974649,4
3974658,4
3974666,4
3974674,4
3974683,4
3974691,4
3974699,4
3974708,4
3974716,4
3974725,3
3974733,3
3974741,3
3974749,3
3974758,4
3974766,4
3974775,4
3974783,4
3974791,4
3974799,4
3974808,4
3974816,4
3974824,4
3974833,4
3974841,4
3974858,4
3974866,4
3974874,4
3974883,4
3974891,4
3974899,4
3974908,4
3974916,4
3974924,4
3974933,4
3974941,4
3974958,4
3974966,4
3974974,4
3974983,4
3974991,4
3974999,4
3975008,4
3975016,4
3975024,4
3975041,4
3975058,4
3975066,4
3975074,4
3975091,4
3975099,4
3975108,4
3975116,4
3975124,4
3975133,4
3975141,4
3975158,4
3975166,4
3975174,4
3975183,4
3975191,4
3975199,4
3975208,4
3975216,4
3975224,4
3975233,4
3975241,4
3975249,4
3975258,4
3975266,4
3975274,4
3975283,4
3975291,2
3975308,1
3975316,1
3975324,1
3975333,1
3975341,1
3975349,1
3975358,2
3975366,2
3975383,2
3975391,2
3975408,2
3975416,2
3975424,2
3975433,2
3975441,2
3975449,2
3975458,2
3975466,2
3975483,2
3975491,1
3975499,1
3975508,1
3975516,1
3975524,6
3975533,6
3975541,6
3975550,5
3975558,5
3975566,5
3975574,5
3975583,5
3975591,5
3975599,0
3975608,0
3975616,0
3975624,5
3975633,5
3975641,5
3975649,1
3975658,1
3975666,1
3975675,1
3975683,2
3975691,2
3975708,3
3975716,3
3975724,1
3975733,1
3975741,2
3975749,5
3975758,5
3975766,5
3975774,1
3975783,1
3975791,1
3975799,1
3975808,1
3975816,2
3975824,2
3975841,2
3975849,2
3975858,2
3975866,2
3975874,4
3975883,4
3975891,4
3975899,4
3975908,4
3975916,4
3975924,4
3975933,4
3975941,4
3975949,4
3975958,4
3975966,4
3975974,4
3975983,4
3975991,4
3975999,4
3976008,4
3976016,4
3976024,4
3976033,4
3976041,4
3976049,4
3976058,4
3976066,4
3976074,4
3976083,4
3976091,4
3976099,4
3976108,4
3976116,4
3976124,4
3976133,4
3976141,4
3976149,4
3976158,4
3976166,4
3976174,4
3976183,4
3976191,4
3976199,4
3976208,4
3976216,4
3976224,4
3976233,4
3976241,4
3976249,4
3976258,4
3976266,4
3976274,4
3976283,4
3976291,4
3976308,4
3976316,4
3976324,4
3976333,4
3976341,4
3976349,4
3976358,4
3976366,4
3976374,4
3976383,4
3976391,4
3976408,4
3976416,4
3976424,4
3976433,4
3976441,4
3976449,4
3976458,4
3976466,4
3976474,4
3976483,4
3976491,4
3976499,4
3976508,4
3976516,4
3976524,4
3976533,4
3976541,4
3976549,4
3976558,4
3976566,4
3976574,4
3976583,4
3976591,4
3976599,3
3976608,3
3976616,4
3976624,4
3976633,4
3976641,4
3976649,4
3976658,4
3976666,4
3976674,4
3976683,4
3976691,4
3976699,4
3976708,4
3976716,4
3976724,4
3976733,4
3976741,4
3976749,4
3976758,4
3976766,4
3976774,4
3976783,4
3976791,4
3976799,4
3976808,4
3976816,4
3976824,4
3976833,4
3976841,4
3976849,4
3976858,4
3976866,4
3976874,4
3976883,4
3976891,4
3976899,4
3976908,4
3976916,4
3976924,4
3976933,4
3976941,4
3976949,4
3976958,4
3976966,4
3976974,4
3976983,4
3976991,4
3976999,4
3977008,4
3977016,4
3977024,4
3977033,4
3977041,4
3977049,4
3977058,4
3977066,4
3977074,4
3977083,4
3977091,4
3977099,4
3977108,4
3977116,4
3977124,4
3977133,4
3977149,4
3977158,4
3977166,4
3977174,4
3977183,4
3977191,4
3977199,4
3977208,4
3977216,4
3977224,4
3977233,4
3977241,4
3977249,4
3977258,4
3977266,4
3977274,4
3977283,4
3977291,4
3977299,4
3977308,4
3977316,4
3977324,4
3977333,4
3977341,4
3977349,4
3977358,4
3977366,4
3977374,4
3977383,4
3977391,4
3977399,4
3977408,4
3977416,4
3977424,4
3977433,4
3977441,4
3977458,4
3977466,4
3977474,4
3977483,4
3977491,3
3977499,4
3977508,4
3977516,4
3977524,4
3977533,4
3977541,4
3977549,4
3977558,4
3977566,4
3977574,4
3977583,4
3977591,4
3977599,4
3977608,4
3977616,4
3977624,4
3977633,4
3977641,4
3977649,4
3977658,4
3977666,4
3977674,4
3977683,4
3977691,4
3977699,4
3977708,4
3977716,4
3977724,4
3977733,4
3977741,4
3977749,4
3977758,4
3977766,4
3977774,3
3977782,3
3977791,3
3977799,4
3977808,4
3977816,4
3977824,4
3977841,4
3977858,4
3977866,4
3977874,4
3977891,4
3977899,4
3977907,4
3977916,4
3977924,4
3977941,4
3977957,4
3977966,4
3977974,4
3977991,4
3977999,4
3978008,4
3978016,4
3978024,4
3978032,4
3978041,4
3978049,4
3978057,4
3978066,4
3978074,4
3978083,4
3978091,4
3978099,4
3978108,4
3978116,4
3978124,4
3978133,4
3978141,4
3978149,4
3978157,4
3978166,4
3978174,4
3978182,4
3978191,4
3978199,4
3978208,4
