3790372,2
3790380,2
3790389,2
3790397,2
3790405,2
3790414,2
3790422,2
3790430,2
3790439,1
3790447,1
3790455,1
3790464,1
3790472,1
3790480,1
3790489,1
3790497,1
3790505,2
3790514,2
3790522,2
3790530,1
3790539,1
3790547,1
3790555,1
3790564,1
3790572,1
3790580,1
3790589,1
3790597,1
3790605,5
3790614,5
3790622,0
3790630,0
3790639,0
3790647,0
3790655,0
3790664,0
3790672,0
3790680,0
3790689,0
3790697,0
3790705,0
3790714,0
3790722,0
3790730,0
3790739,0
3790747,0
3790755,0
3790764,0
3790772,0
3790780,0
3790789,0
3790797,0
3790805,0
3790814,0
3790822,0
3790830,0
3790839,0
3790847,0
3790855,0
3790864,0
3790872,0
3790880,0
3790889,0
3790897,0
3790905,0
3790914,0
3790922,0
3790930,0
3790939,0
3790947,0
3790955,0
3790964,0
3790972,0
3790980,0
3790989,0
3790997,0
3791005,0
3791014,0
3791022,0
3791030,0
3791039,0
3791047,5
3791055,5
3791064,5
3791072,5
3791080,5
3791089,5
3791097,5
3791105,5
3791114,5
3791122,1
3791139,4
3791155,1
3791164,1
3791172,5
3791189,5
3791197,5
3791205,5
3791214,5
3791222,5
3791230,5
3791239,5
3791255,5
3791264,5
3791272,5
3791280,5
3791289,5
3791297,5
3791305,5
3791314,5
3791322,5
3791330,5
3791339,5
3791347,5
3791355,5
3791364,5
3791372,5
3791380,5
3791389,5
3791397,5
3791405,5
3791414,5
3791422,5
3791638,5
3791647,5
3791655,5
3791664,5
3791672,5
3791680,5
3791689,5
3791697,5
3791705,5
3791714,5
3791722,5
3791730,5
3791739,5
3791747,5
3791755,5
3791763,5
3791772,5
3791780,5
3791788,5
3791797,5
3791805,5
3791813,5
3791822,5
3791830,5
3791839,5
3791847,5
3791855,5
3791864,5
3791872,5
3791880,5
3791889,5
3791897,5
3791905,5
3791914,5
3791922,5
3791930,5
3791939,5
3791947,5
3791955,5
3791963,5
3791972,5
3791980,5
3791989,5
3791997,5
3792005,5
3792014,5
3792022,5
3792030,5
3792038,5
3792047,5
3792055,5
3792063,5
3792072,5
3792080,5
3792088,5
3792097,5
3792105,5
3792113,5
3792122,5
3792130,5
3792138,5
3792147,5
3792155,5
3792164,5
3792172,5
3792180,5
3792188,5
3792197,5
3792205,5
3792213,5
3792222,5
3792230,5
3792238,5
3792247,5
3792255,5
3792263,5
3792272,5
3792280,5
3792288,5
3792297,5
3792305,5
3792313,5
3792322,5
3792330,5
3792339,5
3792347,5
3792355,5
3792363,5
3792372,5
3792380,5
3792389,5
3792397,5
3792405,5
3792413,5
3792422,5
3792430,5
3792438,0
3792447,0
3792455,0
3792463,0
3792472,0
3792480,0
3792488,0
3792497,0
3792505,0
3792513,0
3792522,0
3792530,0
3792538,0
3792547,0
3792555,0
3792563,0
3792572,0
3792580,0
3792588,0
3792597,0
3792605,0
3792613,0
3792622,5
3792630,5
3792647,0
3792655,0
3792680,0
3792705,0
3792730,0
3792738,0
3792755,0
3792780,0
3792813,0
3792830,0
3792855,0
3795547,0
3795622,0
3795639,0
3795647,0
3795697,0
3795722,0
3795772,0
3795797,0
3795822,0
3796068,5
3796093,5
3796110,0
3796118,0
3796143,0
3796160,5
3796168,5
3796185,5
3796193,5
3796235,0
3796243,0
3796268,0
3796285,0
3796293,0
3796318,0
3796335,0
3796393,0
3796410,0
3796418,0
3796435,0
3796443,0
3796460,0
3796468,0
3796510,0
3796518,0
3796543,0
3796560,0
3796668,0
3796693,0
3796710,0
3796718,0
3796768,0
3796793,0
3796810,0
3796818,0
3796843,0
3796868,5
3796910,5
3796918,0
3796968,0
3797018,5
3797035,0
3797043,0
3797206,0
3797306,0
3797314,0
3797831,0
3797839,0
3797864,0
3797906,3
3797931,3
3797939,3
3799398,0
3799406,0
3799431,0
3799448,5
3799456,5
3799523,3
3799556,3
3799573,6
3799597,1
3799606,1
3799631,1
3799656,1
3799681,1
3799706,5
3799723,5
3799731,5
3799747,5
3799781,5
3799806,3
3799831,4
3799856,4
3799881,4
3799906,3
3799931,2
3799956,5
3799973,2
3799981,3
3800006,3
3800022,3
3800047,4
3800056,4
3800072,4
3800081,4
3800106,4
3800131,1
3800156,3
3800172,3
3800181,3
3800206,5
3800222,5
3800231,1
3800247,1
3800256,3
3800352,3
3800377,3
3800402,2
3800427,2
3800444,2
3800452,3
3800477,2
3800494,2
3800502,2
3800519,2
3800527,2
3800543,3
3800552,3
3800569,1
3800577,1
3800602,1
3800627,3
3800652,5
3800677,5
3800727,3
3800752,5
3800777,1
3800793,1
3800802,1
3800827,1
3800852,3
3800877,1
3800902,3
3800919,3
3800927,1
3800943,5
3800952,1
3800968,2
3800977,3
3801002,2
3801052,5
3801077,3
3801093,3
3801102,2
3801118,5
3801127,2
3801152,5
3801177,5
3801193,5
3801227,5
3801252,5
3801277,5
3801302,5
3801327,3
3801352,5
3801377,5
3801427,3
3801452,5
3801477,5
3801502,3
3801527,5
3801543,5
3801577,1
3801690,1
3801731,5
3801740,5
3801790,5
3801840,2
3801865,0
3801890,0
3802106,0
3802131,0
3802431,0
3802481,0
3804366,0
3804441,0
3804475,0
3804566,0
3804716,0
3805983,0
3806008,3
3806042,3
3806058,0
3806308,0
3806333,0
3806408,0
3806459,0
3807146,0
3807196,0
3807205,0
3807246,0
3807271,0
3807296,0
3807305,0
3807321,0
3807346,0
3807371,0
3807380,0
3807396,1
3807405,1
3807421,1
3807430,1
3807446,2
3807471,1
3807480,1
3807496,1
3807505,1
3807521,1
3807530,1
3807546,1
3807555,1
3807571,1
3807580,1
3807596,1
3807605,1
3807621,1
3807630,1
3807646,1
3807655,1
3807671,1
3807680,1
3807696,1
3807705,1
3807721,1
3807730,1
3807746,1
3807755,1
3807771,1
3807780,1
3807796,1
3807805,1
3807821,1
3807830,1
3807846,1
3807855,1
3807871,1
3807880,1
3807896,1
3807905,1
3809064,0
3809072,0
3809088,0
3809213,0
3809238,0
3809263,0
3809272,0
3809288,0
3809313,0
3809363,0
3809372,0
3809388,0
3809463,0
3809472,0
3809513,4
3809563,0
3809572,0
3809588,0
3809663,0
3809672,0
3809688,0
3809763,0
3809772,0
3809788,0
3809822,0
3809863,0
3809872,0
3809888,5
3809921,5
3809963,5
3809971,5
3810022,5
3810135,5
3810143,5
3811465,0
3811565,0
3811574,0
3811590,0
3811640,0
3811690,0
3811715,0
3811740,0
3811765,0
3811815,0
3811823,0
3811840,0
3812029,0
3812053,0
3812078,0
3812087,0
3812103,0
3812496,0
3812521,0
3812546,0
3812554,0
3812579,0
3812596,0
3812604,0
3812621,0
3812671,0
3812721,5
3812729,5
3812796,5
3812804,5
3812896,0
3812904,0
3812921,0
3812971,0
3812979,0
3812996,0
3813021,0
3813121,0
3813221,0
3813296,0
3813321,0
3813346,0
3813396,0
3813421,0
3813446,0
3813471,0
3813497,0
3813546,0
3813597,0
3813696,0
3813890,0
3813964,0
3813989,0
3814014,0
3814039,0
3814064,0
3814089,0
3814114,0
3814139,0
3814164,0
3814264,0
3814289,0
3814314,0
3814364,0
3814389,0
3814414,0
3814439,0
3814464,0
3814489,0
3814514,0
3814539,0
3814547,0
3814572,0
3814589,0
3814664,0
3814672,0
3814689,0
3814764,0
3814789,0
3814864,0
3814872,0
3814985,0
3815010,0
3815035,5
3815068,5
3815085,0
3815110,0
3815160,0
3815260,0
3815310,0
3815360,0
3815585,0
3815610,0
3815785,0
3817641,4
3817649,3
3817666,2
3817674,2
3817691,3
3817699,4
3817708,4
3817716,4
3817724,4
3817741,4
3817749,4
3817758,4
3817766,4
3817774,4
3817791,3
3817808,4
3817816,4
3817824,4
3817841,4
3817849,4
3817866,3
3817874,2
3817891,2
3817899,2
3817916,1
3817924,1
3817941,1
3817949,1
3817958,2
3817966,2
3817974,2
3817991,3
3817999,3
3818016,3
3818024,3
3818033,4
3818041,4
3818049,4
3818066,3
3818074,3
3818091,3
3818099,2
3818116,2
3818124,2
3818141,2
3818149,3
3818166,4
3818174,3
3818191,3
3818199,3
3818208,4
3818216,4
3818224,4
3818241,4
3818249,4
3818258,4
3818266,4
3818274,3
3818291,3
3818299,4
3818308,4
3818316,4
3818324,4
3818341,4
3818349,3
3818366,3
3818374,2
3818383,4
3818391,2
3818399,3
3818408,4
3818416,2
3818424,4
3818433,4
3818441,4
3818449,3
3818458,2
3818466,3
3818474,3
3818491,2
3818516,5
3818549,0
3818574,0
3818591,0
3818599,0
3818616,0
3818624,0
3818649,2
3818666,0
3818674,0
3818699,0
3818766,0
3818774,1
3818799,5
3818816,3
3818824,3
3818841,3
3818849,3
3818866,3
3818874,3
3818891,3
3818899,3
3818916,3
3818924,3
3818933,4
3818941,4
3818949,4
3818966,3
3818974,4
3818991,3
3818999,3
3819008,3
3819016,4
3819024,4
3819049,3
3819058,3
3819066,3
3819074,3
3819091,2
3819099,2
3819116,3
3819124,3
3819141,3
3819149,3
3819166,3
3819174,2
3819191,2
3819199,3
3819216,3
3819224,3
3819232,3
3819241,3
3819249,3
3819266,3
3819274,2
3819291,2
3819299,2
3819307,2
3819316,2
3819324,3
3819341,3
3819366,3
3819374,2
3819391,3
3819399,3
3819407,4
3819416,3
3819424,3
3819432,4
3819441,3
3819449,2
3819466,3
3819474,3
3819491,2
3819499,2
3819507,3
3819516,3
3819524,2
3819541,2
3819549,2
3819558,3
3819566,3
3819574,3
3819582,4
3819591,3
3819599,2
3819616,2
3819624,3
3819641,3
3819649,3
3819658,4
3819674,3
3819691,2
3819699,2
3819716,3
3819724,3
3819741,3
3819749,3
3819758,4
3819766,4
3819774,4
3819791,4
3819799,4
3819816,4
3819824,3
3819841,2
3819849,3
3819866,2
3819874,2
3819882,4
3819891,4
3819899,3
3819916,3
3819924,3
3819941,3
3819949,3
3819966,3
3819974,3
3819991,3
3819999,3
3820016,3
3820024,3
3820041,3
3820049,3
3820066,3
3820074,3
3820091,3
3820099,3
3820116,3
3820124,4
3820141,4
3820149,3
3820166,2
3820174,2
3820191,2
3820199,2
3820224,3
3820241,3
3820249,3
3820266,2
3820274,3
3820291,3
3820299,3
3820316,3
3820324,2
3820341,2
3820349,2
3820357,4
3820366,2
3820374,2
3820391,1
3820399,1
3820416,2
3820424,2
3820441,2
3820449,1
3820474,5
3820482,4
3820491,5
3820499,4
3820516,0
3820541,1
3820549,2
3820566,1
3820591,2
3820599,2
3820607,4
3820616,3
3820624,3
3820641,3
3820649,4
3820666,4
3820716,1
3820724,4
3820741,2
3820749,3
3820782,4
3820816,1
3820841,4
3820849,4
3820874,4
3820899,4
3820907,4
3820916,3
3820924,4
3820941,3
3820949,2
3820966,2
3820974,4
3820991,3
3820999,2
3821016,2
3821041,2
3821049,3
3821066,3
3821074,3
3821091,3
3821099,3
3821116,4
3821124,3
3821141,3
3821149,2
3821166,4
3821174,3
3821191,2
3821199,2
3821216,2
3821224,3
3821241,4
3821249,2
3821266,1
3821274,1
3821291,2
3821299,2
3821316,2
3821324,2
3821341,3
3821349,3
3821541,0
3821566,0
3821591,0
3821691,0
3821716,0
3821741,0
3821791,0
3821816,0
3821841,0
3821916,0
3821941,0
3822041,0
3822141,0
3822166,5
3822174,5
3822191,5
3822312,0
3822337,5
3822345,0
3822362,5
3822370,1
3822387,5
3822412,0
3822420,4
3822437,5
3822445,0
3822462,5
