3978216,4
3978224,4
3978232,4
3978241,4
3978249,4
3978258,4
3978266,4
3978274,4
3978282,3
3978291,3
3978299,3
3978474,5
3978483,5
3978491,5
3978499,5
3978507,5
3978516,5
3978524,5
3978533,5
3978541,5
3978549,5
3978557,5
3978566,5
3978574,5
3978582,5
3978591,5
3978599,5
3978607,5
3978616,5
3978624,5
3978632,5
3978641,5
3978649,5
3978657,5
3978666,5
3978674,5
3978682,5
3978691,5
3978699,5
3978707,5
3978716,5
3978724,5
3978732,5
3978741,5
3978749,5
3978757,5
3978766,5
3978774,5
3978782,5
3978791,5
3978799,5
3978807,5
3978816,5
3978824,2
3978832,2
3978841,4
3978849,4
3978858,3
3978866,3
3978874,3
3978882,3
3978891,3
3978899,3
3978907,3
3978916,3
3978924,4
3978932,4
3978941,4
3978949,4
3978957,4
3978966,4
3978974,3
3978982,3
3978991,4
3978999,4
3979007,4
3979016,4
3979024,4
3979032,4
3979041,4
3979049,4
3979057,2
3979066,1
3979074,1
3979083,5
3979091,0
3979099,0
3979107,5
3979116,5
3979124,0
3979141,4
3979166,5
3979182,0
3979191,0
3979199,0
3979207,0
3979216,0
3979224,0
3979232,0
3979241,0
3979249,0
3979257,0
3979266,0
3979274,0
3979282,0
3979291,0
3979299,0
3979307,0
3979316,0
3979324,0
3979332,0
3979341,0
3979349,0
3979357,0
3979366,0
3979374,0
3979382,0
3979391,0
3979399,0
3979407,0
3979416,0
3979424,0
3979432,0
3979449,0
3979457,0
3979466,0
3979474,0
3979482,0
3979491,0
3979499,0
3979507,2
3979516,0
3979524,0
3979533,0
3979541,4
3979549,3
3979557,4
3979566,3
3979574,0
3979582,0
3979591,0
3979599,0
3979607,4
3979616,5
3979624,0
3979632,0
3979641,0
3979649,0
3979657,0
3979666,0
3979674,0
3979682,0
3979691,0
3979699,0
3979707,0
3979716,0
3979724,0
3979732,0
3979741,0
3979749,0
3979757,0
3979766,0
3979782,0
3979791,0
3979799,0
3979807,4
3979816,4
3979824,0
3979832,0
3979841,0
3979849,0
3979857,0
3979882,0
3979899,0
3979907,4
3979916,2
3979924,0
3979932,0
3979941,0
3979949,0
3979957,0
3979966,0
3979982,0
3979991,0
3979999,0
3980007,2
3980016,2
3980024,0
3980032,0
3980041,0
3980057,0
3980066,0
3980074,0
3980082,0
3980091,0
3980107,0
3980116,0
3980207,0
3980216,0
3980232,0
3980291,0
3980299,0
3980307,0
3980316,0
3980324,0
3980332,0
3980341,0
3980357,0
3980366,0
3980382,0
3980391,0
3980399,0
3980407,0
3980416,0
3980424,3
3980566,0
3980582,0
3980591,0
3980599,0
3980607,0
3980616,0
3980624,0
3980632,0
3980641,0
3980649,0
3980657,0
3980666,0
3980682,0
3980691,0
3980699,0
3980707,0
3980716,0
3980724,0
3980732,0
3980741,0
3980749,0
3980757,0
3980766,0
3980782,0
3980791,0
3980799,0
3980807,2
3980816,2
3980824,0
3980832,0
3980841,0
3980849,0
3980857,0
3980866,0
3980882,0
3980891,0
3980899,0
3980907,2
3980916,2
3980924,0
3980932,0
3980941,0
3980949,0
3980957,0
3980966,0
3980982,0
3980991,0
3980999,0
3981007,0
3981016,0
3981024,0
3981033,0
3981049,0
3981057,0
3981066,0
3981082,0
3981091,0
3981099,0
3981107,0
3981116,0
3981124,0
3981132,0
3981141,0
3981157,0
3981166,0
3981182,0
3981191,0
3981199,0
3981207,0
3981216,0
3981224,0
3981232,0
3981241,0
3981249,0
3981257,0
3981266,0
3981282,0
3981291,0
3981299,0
3981307,0
3981316,0
3981324,0
3981332,0
3981341,0
3981349,0
3981357,0
3981366,0
3981374,0
3981382,0
3981391,0
3981399,0
3981407,4
3981416,2
3981424,0
3981432,0
3981441,0
3981457,0
3981466,0
3981482,0
3981491,0
3981499,0
3981507,4
3981516,4
3981524,0
3981532,0
3981541,0
3981557,0
3981566,0
3981582,0
3981591,0
3981599,0
3981607,0
3981616,0
3981624,0
3981632,0
3981657,0
3981665,0
3981682,0
3981691,0
3981699,0
3981707,0
3981716,0
3981724,0
3981732,0
3981757,0
3981765,0
3981782,0
3981790,0
3981799,0
3981807,0
3981816,0
3981824,0
3981832,0
3981841,0
3981857,0
3981866,0
3981882,0
3981890,0
3981899,0
3981907,0
3981915,0
3981924,0
3981932,0
3981941,0
3981949,0
3981957,0
3981966,0
3981974,0
3981982,0
3981990,0
3981999,0
3982007,0
3982015,0
3982024,0
3982032,0
3982040,0
3982057,0
3982066,0
3982074,0
3982082,0
3982090,0
3982099,0
3982107,0
3982115,0
3982124,0
3982132,0
3982140,0
3982157,0
3982165,0
3982182,0
3982191,0
3982199,0
3982224,0
3982232,0
3982240,0
3982257,0
3982265,0
3982282,0
3982290,0
3982299,0
3982307,0
3982315,0
3982324,0
3982332,0
3982341,0
3982357,0
3982366,0
3982382,0
3982390,0
3982399,0
3982407,0
3982415,0
3982424,0
3982432,0
3982440,0
3982449,0
3982457,0
3982465,0
3982482,0
3982490,0
3982499,0
3982515,0
3982524,0
3982657,0
3982665,0
3982682,0
3982690,0
3982699,0
3982707,0
3982715,0
3982724,0
3982732,0
3982740,0
3982749,0
3982757,0
3982766,0
3982774,0
3982782,0
3982790,0
3982807,4
3982815,3
3982832,0
3982840,0
3982857,0
3982865,0
3982882,4
3982890,2
3982915,2
3982924,0
3982932,0
3982940,0
3982957,0
3982965,0
3982974,0
3982982,0
3982990,0
3982999,0
3983007,0
3983015,4
3983024,0
3983032,0
3983040,0
3983057,0
3983065,0
3983082,0
3983090,0
3983099,0
3983115,0
3983124,0
3983132,0
3983157,0
3983165,0
3983182,0
3983190,0
3983199,0
3983224,0
3983232,0
3983257,0
3983265,0
3983282,0
3983290,0
3983299,0
3983307,0
3983315,0
3983324,2
3983332,0
3983340,0
3983349,0
3983357,0
3983365,0
3983390,0
3983407,4
3983416,0
3983432,5
3983440,4
3983457,5
3983465,0
3983482,4
3983490,5
3983499,0
3983515,0
3983524,0
3983532,5
3983540,4
3983557,5
3983565,0
3983582,4
3983590,1
3983599,0
3983615,0
3983624,0
3983632,5
3983640,4
3983657,5
3983665,0
3983690,0
3983707,4
3983715,0
3983724,0
3983732,0
3983740,0
3983757,0
3983765,0
3983782,4
3983790,5
3983799,0
3983807,4
3983815,0
3983824,4
3983832,5
3983840,4
3983849,1
3983857,4
3983865,0
3983882,0
3983890,0
3983899,5
3983907,4
3983915,2
3983932,0
3983940,4
3983949,4
3983957,2
3983965,0
3983982,2
3983990,5
3983999,5
3984007,4
3984015,4
3984024,4
3984032,0
3984040,4
3984057,2
3984065,0
3984082,0
3984090,0
3984107,0
3984115,0
3984124,0
3984132,0
3984140,5
3984157,0
3984165,0
3984182,0
3984190,0
3984199,0
3984207,5
3984215,4
3984224,4
3984232,0
3984240,0
3984257,0
3984265,0
3984274,0
3984282,0
3984290,0
3984299,5
3984315,4
3984332,0
3984341,3
3984357,0
3984365,0
3984382,0
3984390,0
3984399,0
3984407,4
3984415,0
3984424,0
3984432,0
3984440,4
3984457,0
3984465,0
3984482,4
3984490,0
3984499,0
3984507,4
3984515,4
3984524,0
3984532,0
3984540,3
3984557,3
3984565,0
3984582,0
3984590,0
3984599,0
3984607,0
3984615,4
3984632,0
3984640,4
3984657,5
3984665,0
3984674,0
3984682,0
3984690,0
3984699,0
3984707,0
3984715,4
3984724,0
3984740,3
3984757,0
3984765,0
3984782,5
3984790,5
3984799,0
3984807,5
3984815,4
3984832,5
3984840,5
3984849,4
3984857,4
3984865,0
3984874,0
3984882,0
3984890,0
3984899,4
3984915,0
3984924,0
3984932,2
3984940,2
3984949,0
3984957,0
3984966,0
3984974,0
3984982,0
3984990,0
3984999,0
3985015,4
3985032,5
3985040,5
3985049,0
3985057,0
3985065,0
3985074,0
3985082,0
3985090,0
3985099,0
3985107,0
3985115,4
3985124,0
3985132,0
3985140,0
3985149,0
3985157,0
3985165,0
3985174,0
3985182,0
3985190,0
3985199,0
3985215,2
3985232,0
3985240,0
3985249,0
3985257,0
3985265,0
3985274,0
3985282,0
3985290,0
3985299,0
3985315,0
3985324,0
3985332,0
3985340,0
3985349,0
3985357,0
3985365,0
3985374,0
3985382,0
3985390,0
3985399,0
3985407,0
3985415,0
3985424,0
3985432,0
3985440,0
3985448,0
3985457,0
3985465,0
3985473,0
3985482,0
3985490,0
3985499,0
3985515,4
3985532,1
3985540,1
3985548,0
3985565,0
3985573,0
3985582,0
3985590,0
3985598,0
3985615,0
3985632,0
3985640,0
3985648,0
3985665,0
3985682,0
3985690,0
3985698,0
3985707,0
3985715,0
3985732,0
3985740,0
3985749,0
3985757,0
3985765,0
3985790,0
3985832,0
3985840,0
3985857,0
3985865,0
3985890,0
3985899,0
3985915,0
3985932,0
3985940,0
3985948,0
3985957,0
3985965,0
3985973,0
3985990,0
3985998,0
3986007,0
3986015,0
3986023,0
3986032,0
3986040,0
3986049,0
3986057,0
3986065,0
3986073,0
3986082,0
3986090,0
3986098,0
3986107,0
3986115,0
3986123,0
3986132,0
3986140,0
3986148,0
3986157,0
3986165,0
3986173,0
3986182,0
3986190,0
3986198,0
3986207,0
3986215,3
3986232,0
3986240,0
3986248,0
3986257,0
3986265,0
3986273,0
3986282,0
3986290,0
3986299,0
3986307,0
3986315,0
3986332,0
3986340,0
3986348,0
3986357,0
3986365,0
3986373,0
3986382,0
3986390,0
3986398,0
3986407,0
3986415,0
3986423,0
3986432,0
3986440,0
3986457,0
3986465,0
3986482,0
3986490,0
3986507,0
3986515,0
3986532,0
3986540,0
3986557,0
3986565,0
3986582,0
3986590,0
3986607,0
3986615,0
3986632,0
3986640,0
3986657,0
3986665,0
3986673,0
3986682,0
3986690,0
3986707,0
3986715,0
3986732,0
3986740,0
3986757,0
3986765,0
3986782,0
3986790,0
3986807,0
3986815,0
3986832,0
3986840,0
3986857,0
3986865,0
3986873,0
3986882,0
3986890,0
3986907,0
3986915,0
3986932,0
3986940,0
3986957,0
3986966,0
3986982,0
3986990,0
3986998,0
3987007,0
3987015,0
3987032,0
3987040,4
3987057,0
3987065,0
3987082,0
3987090,0
3987107,0
3987115,0
3987132,4
3987140,4
3987157,4
3987165,0
3987182,0
3987190,0
3987199,0
3987207,0
3987215,0
3987232,5
3987240,5
3987248,5
3987257,0
3987265,0
3987273,0
3987282,0
3987290,0
3987298,0
3987307,0
3987315,4
3987323,0
3987332,2
3987340,2
3987349,0
3987357,4
3987365,0
3987382,0
3987390,0
3987407,0
3987415,4
3987432,2
3987440,2
3987607,5
3987623,2
3987632,5
3987640,0
3987648,0
3987657,0
3987665,0
3987673,0
3987682,2
3987690,2
3987698,0
3987707,0
3987715,4
3987723,0
3987732,0
3987749,0
3987757,2
3987766,0
3987773,0
3987782,0
3987790,0
3987798,0
3987823,0
3987865,0
3987873,0
3987890,0
3987899,0
3987923,0
3987957,0
3987965,0
3987973,0
3987990,0
3987998,0
3988015,0
3988023,0
3988032,0
3988040,0
3988048,0
3988057,0
3988065,0
3988073,0
3988082,0
3988090,0
3988098,0
3988107,0
3988115,4
3988132,0
3988140,0
3988148,0
3988157,0
3988166,0
3988173,0
3988182,0
3988190,0
3988199,0
3988215,0
3988232,0
3988240,0
3988257,0
3988265,0
3988273,0
3988282,0
3988290,0
3988298,0
3988315,0
3988332,0
3988340,0
3988348,0
3988357,4
3988365,0
3988373,0
3988382,0
3988390,0
3988398,0
3988415,4
3988423,0
3988432,0
3988440,0
3988448,0
3988465,0
3988473,0
3988482,0
3988490,0
3988498,2
3988515,4
3988523,0
3988532,0
3988540,4
3988548,4
3988557,0
3988565,0
3988573,0
3988590,0
3988599,0
3988607,0
3988615,4
3988632,0
3988640,0
3988648,0
3988657,0
3988665,5
3988682,5
3988690,5
3988699,5
3988707,5
3988715,4
3988732,5
3988740,5
3988757,5
3988765,5
3988773,5
3988782,5
3988790,5
3988815,5
3988832,4
3988840,0
3988857,5
3988865,0
3988890,0
3988915,0
3988932,4
3988940,4
3988957,4
3988965,2
3988982,4
3988990,0
3989015,0
3989032,0
3989040,0
3989048,0
3989057,0
3989065,0
3989082,0
3989090,0
3989098,0
3989107,0
3989115,4
3989123,0
3989132,5
3989140,0
3989148,0
3989157,0
3989165,0
3989190,0
3989207,0
3989215,0
3989232,0
3989240,0
3989256,0
3989265,0
3989281,0
3989290,0
3989323,0
3989332,0
3989340,0
3989356,0
3989365,0
3989390,0
3989407,0
3989415,0
3989432,0
3989440,0
3989456,0
3989465,0
3989473,0
3989490,0
3989498,0
3989506,0
3989515,4
3989531,0
3989540,0
3989548,0
3989557,0
3989573,0
3989581,3
3989590,0
3989598,0
3989606,0
3989615,0
3989631,0
3989640,0
3989648,0
3989665,0
3989673,0
3989682,0
3989690,0
3989698,0
3989715,4
3989731,0
3989740,0
3989748,0
3989765,0
3989773,0
3989781,0
3989790,0
3989798,0
3989815,4
3989832,0
3989840,0
3989848,0
3989856,0
3989865,0
3989873,0
3989881,0
3989890,0
3989898,0
3989915,4
3989931,0
3989940,0
3989948,0
3989956,0
3989965,0
3989973,0
3989982,0
3989990,0
3989998,0
3990015,5
3990031,0
3990040,0
3990048,0
3990056,0
3990065,0
3990073,0
3990081,0
3990090,0
3990098,0
3990115,4
3990131,0
3990140,0
3990148,0
3990156,0
3990165,0
3990173,0
3990181,0
3990190,0
3990198,0
3990206,0
3990215,0
3990231,0
3990240,0
3990248,0
3990256,0
3990265,0
3990273,0
3990281,0
3990290,0
3990298,0
3990315,0
3990323,0
3990331,0
3990340,0
3990348,0
3990356,0
3990365,0
3990373,0
3990381,0
3990390,0
3990398,0
3990406,0
3990415,4
3990423,0
3990431,0
3990440,4
3990448,4
3990456,5
3990465,0
3990473,0
3990481,0
3990490,0
3990498,0
3990506,0
3990515,4
3990531,0
3990540,0
3990548,0
3990556,0
3990565,0
3990573,0
3990581,0
3990590,0
3990598,0
3990606,0
3990615,0
3990623,0
3990632,0
3990640,0
3990648,0
3990656,0
3990665,0
3990673,0
3990682,2
3990690,4
3990698,0
3990706,2
3990715,2
3990731,0
3990740,0
3990748,0
3990765,0
3990773,0
3990781,0
3990790,0
3990798,0
3990806,0
3990815,0
3990831,0
3990840,0
3990856,0
3990865,0
3990873,0
3990881,0
3990890,0
3990898,0
3990906,0
3990915,0
3990923,0
3990932,0
3990940,0
3990948,0
3990956,0
3990965,0
3990973,0
3990981,0
3990990,0
3990998,0
3991006,0
3991015,0
3991023,0
3991031,0
3991040,0
3991048,0
3991056,0
3991065,0
3991073,0
3991081,0
3991090,0
3991098,0
3991106,0
3991115,0
3991131,0
3991140,0
3991156,0
3991165,0
3991181,0
3991190,0
3991198,0
3991206,0
3991215,0
3991231,0
3991240,0
3991248,0
3991256,0
3991265,0
3991273,0
3991281,0
3991298,0
3991306,0
3991315,0
3991323,0
3991331,0
3991340,0
3991348,0
3991356,0
3991365,0
3991373,0
3991381,0
3991390,0
3991398,0
3991406,0
3991415,0
3991423,0
3991431,0
3991440,0
3991448,0
3991456,0
3991465,0
3991473,0
3991481,0
3991490,0
3991498,0
3991506,0
3991515,0
3991523,0
3991531,0
3991540,0
3991548,0
3991556,0
3991565,0
3991573,0
3991581,0
3991590,0
3991598,2
3991856,0
3991865,0
3991873,0
3991881,0
3991890,0
3991898,0
3991915,0
3991923,0
3991931,0
3991940,0
3991948,0
3991956,0
3991965,0
3991973,0
3991981,0
3991990,0
3991998,0
3992006,0
3992015,2
3992031,0
3992040,0
3992048,0
3992056,0
3992065,0
3992073,0
3992081,0
3992090,0
3992098,0
3992106,0
3992115,0
3992123,0
3992131,0
3992140,0
3992148,0
3992156,0
3992165,0
3992173,0
3992181,0
3992190,0
3992198,0
3992215,0
3992231,0
3992240,0
3992248,0
3992265,0
3992273,0
3992281,0
3992290,0
3992298,0
3992306,0
3992315,4
3992331,0
3992340,0
3992348,0
3992356,0
3992365,0
3992373,0
3992381,0
3992390,0
3992398,0
3992406,0
3992415,4
3992431,0
3992440,0
3992448,0
3992456,0
3992465,0
3992473,0
3992481,0
3992490,0
3992498,0
3992506,0
3992515,2
3992531,0
3992540,0
3992548,0
3992556,0
3992565,0
3992573,0
3992581,0
3992590,0
3992598,0
3992615,2
3992631,0
3992640,0
3992648,0
3992656,0
3992665,0
3992673,0
3992681,0
3992690,0
3992698,0
3992715,4
3992731,0
3992740,0
3992748,0
3992765,0
3992773,0
3992781,0
3992790,0
3992798,0
3992815,4
3992831,0
3992840,0
3992848,0
3992856,0
3992865,0
3992873,0
3992881,0
3992890,0
3992898,0
3992915,4
3992932,0
3992940,0
3992948,0
3992956,0
3992965,0
3992973,0
3992981,0
3992990,0
3992998,0
3993015,4
3993031,0
3993040,0
3993048,0
3993065,0
3993073,0
3993081,0
3993090,0
3993098,0
3993114,4
3993131,0
3993140,0
3993148,0
3993156,0
3993164,0
3993173,0
3993181,0
3993190,0
3993198,0
3993215,4
3993231,0
3993240,0
3993248,0
3993264,0
3993273,0
3993281,0
3993289,0
3993298,0
3993314,4
3993331,0
3993340,0
3993348,0
3993364,0
3993373,0
3993381,4
3993389,0
3993398,0
3993414,4
3993431,0
3993439,0
3993448,0
3993456,0
3993465,0
3993473,0
3993481,0
3993490,0
3993498,0
3993506,0
3993514,4
3993531,0
3993731,0
3993740,0
3993748,0
3993756,0
3993765,0
3993773,0
3993781,0
3993789,0
3993798,0
3993806,0
3993814,0
3993823,0
3993831,0
3993839,0
3993848,0
3993856,0
3993864,0
3993873,0
3993881,0
3993889,0
3993898,0
3993906,0
3993914,3
3993923,0
3993931,0
3993939,0
3993948,0
3993956,0
3993964,0
3993973,0
3993981,0
3993989,0
3993998,0
3994031,0
3994040,0
3994048,0
3994056,0
3994064,0
3994073,0
3994081,0
3994089,0
3994098,0
3994106,0
3994114,2
3994123,0
3994131,0
3994140,0
3994148,0
3994156,0
3994164,0
3994173,0
3994181,0
3994189,0
3994198,0
3994206,0
3994214,0
3994223,0
3994231,0
3994239,0
3994248,0
3994256,0
3994265,0
3994273,0
3994281,0
3994289,0
3994298,0
3994314,0
3994331,0
3994339,0
3994348,0
3994356,0
3994364,0
3994373,0
3994381,0
3994390,0
3994398,0
3994406,0
3994414,0
3994423,0
3994431,0
3994439,0
3994448,0
3994456,0
3994464,0
3994473,0
3994481,0
3994489,0
3994498,0
3994506,0
3994514,0
3994523,0
3994532,0
3994539,0
3994548,0
3994556,0
3994564,0
3994573,0
3994581,0
3994589,0
3994598,0
3994606,0
3994614,0
3994623,0
3994631,0
3994640,0
3994648,0
3994656,0
3994664,0
3994673,0
3994681,0
3994689,0
3994698,0
3994706,0
3994714,0
3994723,0
3994731,0
3994739,0
3994748,4
3994764,0
3994773,0
3994781,0
3994789,0
3994798,0
3994806,0
3994814,4
3994823,0
3994831,0
3994839,0
3994848,0
3994856,0
3994864,0
3994873,0
3994889,0
3994898,0
3994906,0
3994915,0
3994923,0
3994931,0
3994939,0
3994948,0
3994956,0
3994964,0
3994973,0
3994981,0
3994989,0
3994998,0
3995006,0
3995014,4
3995023,0
3995031,0
3995039,0
3995048,0
3995056,0
3995064,0
3995073,0
3995081,0
3995089,0
3995098,0
3995106,0
3995114,3
3995123,0
3995131,0
3995139,0
3995148,0
3995156,0
3995164,0
3995173,0
3995181,0
3995189,0
3995198,0
3995214,4
3995231,0
3995239,0
3995248,0
3995264,0
3995273,0
3995281,0
3995289,0
3995298,0
3995306,0
3995314,4
3995323,0
3995331,0
3995339,0
3995348,0
3995356,0
3995364,0
3995373,0
3995389,0
3995398,0
3995406,0
3995414,0
3995423,0
3995431,0
3995440,0
3995448,0
3995456,0
3995464,0
3995473,0
3995481,0
3995489,0
3995498,0
3995506,0
3995514,4
3995523,0
3995531,0
3995539,0
3995548,0
3995556,0
3995564,0
3995573,0
3995581,0
3995589,0
3995598,0
3995606,0
3995614,4
3995623,0
3995631,0
3995639,0
3995648,0
3995656,0
3995664,0
3995673,0
3995681,0
3995689,0
3995698,0
3995706,0
3995714,4
3995723,0
3995731,0
3995739,0
3995748,0
3995756,0
3995764,0
3995773,0
3995781,0
3995789,0
3995798,0
3995806,0
3995814,0
3995823,0
3995831,0
3995839,0
3995848,0
3995856,0
3995864,0
3995873,0
3995881,0
3995889,0
3995898,0
3995914,0
3995931,0
3995939,0
3995948,0
3995956,0
3995964,0
3995973,0
3995998,0
3996006,0
3996014,5
3996023,0
3996031,0
3996039,0
3996048,0
3996056,0
3996064,0
3996073,0
3996081,0
3996089,0
3996098,0
3996114,0
3996131,0
3996139,0
3996164,0
3996173,0
3996181,0
3996189,0
3996198,0
3996214,5
3996231,0
3996239,0
3996248,0
3996256,0
3996264,0
3996273,0
3996281,0
3996289,0
3996298,0
3996306,0
3996314,0
3996323,0
3996331,0
3996339,0
3996348,0
3996356,0
3996364,0
3996373,0
3996381,0
3996389,0
3996398,0
3996414,5
3996431,0
3996439,0
3996448,0
3996456,0
3996464,0
3996473,0
3996481,0
3996489,0
3996498,0
3996506,0
3996515,5
3996523,0
3996531,0
3996539,0
3996548,0
3996556,0
3996564,0
3996573,0
3996731,0
3996739,0
3996748,0
3996756,0
3996764,0
3996773,0
3996781,0
3996789,0
3996798,0
3996806,0
3996814,0
3996822,0
3996831,0
3996839,0
3996848,0
3996856,0
3996864,0
3996873,0
3996881,0
3996889,0
3996897,0
3996906,0
3996914,0
3996923,0
3996931,0
3996939,0
3996947,0
3996956,0
3996964,0
3996972,0
3996981,0
3996989,0
3996997,0
3997006,0
3997022,0
3997039,0
3997073,0
3997081,0
3997089,0
3997097,0
3997106,0
3997114,0
3997122,0
3997131,0
3997139,0
3997147,0
3997156,0
3997164,0
3997173,0
3997181,0
3997189,0
3997198,0
3997206,0
3997214,0
3997222,0
3997231,0
3997239,0
3997248,0
3997256,0
3997264,0
3997272,0
3997281,0
3997289,0
3997297,0
3997306,0
3997314,0
3997323,0
3997331,0
3997339,0
3997347,0
3997356,0
3997364,0
3997372,0
3997381,0
3997389,0
3997397,0
3997406,0
3997414,0
3997422,0
3997431,0
3997439,0
3997448,0
3997456,0
3997465,0
3997472,0
3997481,0
3997489,0
3997497,0
3997506,0
3997514,0
3997522,0
3997531,0
3997539,0
3997547,0
3997556,0
3997564,0
3997573,0
3997581,0
3997589,0
3997597,0
3997606,0
3997614,0
3997622,0
3997631,0
3997639,0
3997647,0
3997656,0
3997664,0
3997672,0
3997681,0
3997689,0
3997697,0
3997706,0
3997714,0
3997723,0
3997731,0
3997739,0
3997747,0
3997756,0
3997764,0
3997772,0
3997781,0
3997789,0
3997797,0
3997806,0
3997814,0
3997822,0
3997831,0
3997839,0
3997848,0
3997856,0
3997864,0
3997872,0
3997881,0
3997889,0
3997897,0
3997906,0
3997914,0
3997922,0
3997931,0
3997939,1
3997947,2
3997956,2
3997964,2
3997972,2
3997981,2
3997989,2
3997997,2
3998006,2
3998014,2
3998022,2
3998031,2
3998039,2
3998047,2
3998056,2
3998064,2
3998072,2
3998081,2
3998089,2
3998097,2
3998106,3
3998114,3
3998122,3
3998131,3
3998139,3
3998147,3
3998156,3
3998164,3
3998172,3
3998181,3
3998189,3
3998197,3
3998206,3
3998214,3
3998222,3
3998231,3
3998239,3
3998247,3
3998256,3
3998264,3
3998272,3
3998281,3
3998289,2
3998297,1
3998306,1
3998314,1
3998322,1
3998331,1
3998339,1
3998347,5
3998356,5
3998364,5
3998372,5
3998381,5
3998389,5
3998397,1
3998406,1
3998414,1
3998422,5
3998431,5
3998439,5
3998447,5
3998456,5
3998464,5
3998472,1
3998481,1
3998489,1
3998497,1
3998639,0
3998647,0
3998656,0
3998664,0
3998672,0
3998681,0
3998689,0
3998697,0
3998706,0
3998714,0
3998722,0
3998731,0
3998739,0
3998747,0
3998756,0
3998764,0
3998772,0
3998781,0
3998789,0
3998797,0
3998806,0
3998814,0
3998822,0
3998831,0
3998839,0
3998847,0
3998856,0
3998864,0
3998872,0
3998881,0
3998889,0
3998897,0
3998906,0
3998914,0
3998931,0
3998939,0
3998947,0
3998956,0
3998964,0
3998972,0
3998981,0
3998989,0
3998997,0
3999006,0
3999014,0
3999022,0
3999031,0
3999039,0
3999047,0
3999056,0
3999064,0
3999072,0
3999081,0
3999089,0
3999097,0
3999106,0
3999114,0
3999131,0
3999139,0
3999156,0
3999164,0
3999172,0
3999181,0
3999189,0
3999198,0
3999206,0
3999222,0
3999231,0
3999239,0
3999247,0
3999256,0
3999264,0
3999272,0
3999281,0
3999289,0
3999297,0
3999306,0
3999314,0
3999331,0
3999339,0
3999356,0
3999364,0
3999372,0
3999381,0
3999389,0
3999406,0
3999431,0
3999439,0
3999456,0
3999464,0
3999472,0
3999481,0
3999489,0
3999506,0
3999556,4
3999564,5
3999589,0
3999597,0
3999606,0
3999614,0
3999631,0
3999639,0
3999656,0
3999664,0
3999672,0
3999681,4
3999689,5
3999697,0
3999706,0
3999714,0
3999722,0
3999731,0
3999739,0
3999756,4
3999764,0
3999772,0
3999781,0
3999789,0
3999797,0
3999806,0
3999814,0
3999822,0
3999831,0
3999839,0
3999847,0
3999856,0
3999864,0
3999872,0
3999881,0
3999889,0
3999897,0
3999906,0
3999914,0
3999922,0
3999931,0
3999939,0
3999956,0
3999964,0
3999973,0
3999981,0
3999989,4
4000006,0
4000014,0
4000022,0
4000031,0
4000039,0
4000047,0
4000056,0
4000064,0
4000072,0
4000081,0
4000089,0
4000097,0
4000106,0
4000114,0
4000122,0
4000131,0
4000139,0
4000147,0
4000156,0
4000164,0
4000172,0
4000181,0
4000189,0
4000197,0
4000206,0
4000214,0
4000222,0
4000231,0
4000239,0
4000247,0
4000256,0
4000264,0
4000272,0
4000281,0
4000289,0
4000297,0
4000306,0
4000314,0
4000322,0
4000331,0
4000339,0
4000347,0
4000356,0
4000364,0
4000372,0
4000381,0
4000389,0
4000397,0
4000406,0
4000422,0
4000431,0
4000439,0
4000447,0
4000456,0
4000464,0
4000472,0
4000481,0
4000489,4
4000497,0
4000506,0
4000514,0
4000522,0
4000531,0
4000539,0
4000547,0
4000556,0
4000564,0
4000572,0
4000581,0
4000589,4
4000597,0
4000606,0
4000614,0
4000622,0
4000631,0
4000639,0
4000647,0
4000656,0
4000664,0
4000672,0
4000681,0
4000689,0
4000697,0
4000705,0
4000714,0
4000722,0
4000730,0
4000739,0
4000747,0
4000755,0
4000764,0
4000772,0
4000781,0
4000789,3
4000797,0
4000805,0
4000814,0
4000822,0
4000830,0
4000839,0
4000847,0
4000856,4
4000864,0
4000872,0
4000881,0
4000889,4
4000897,0
4000905,0
4000914,0
4000922,0
4000930,0
4000939,0
4000947,0
4000955,0
4000964,0
4000972,0
4000981,0
4000989,4
4000997,2
4001006,0
4001014,0
4001022,0
4001030,0
4001039,0
4001047,0
4001055,0
4001064,0
4001072,0
4001081,0
4001089,4
4001097,0
4001105,0
4001114,0
4001122,0
4001131,0
4001139,0
4001147,0
4001155,0
4001172,0
4001180,0
4001189,0
4001197,0
4001205,0
4001214,0
4001222,0
4001230,0
4001239,0
4001247,0
4001256,0
4001264,0
4001272,0
4001280,0
4001289,0
4001297,0
4001305,0
4001314,0
4001322,0
4001330,0
4001339,0
4001347,0
4001355,0
4001364,0
4001372,0
4001381,0
4001389,0
4001397,0
4001406,0
4001414,0
4001422,0
4001430,0
4001439,0
4001455,0
4001464,0
4001472,0
4001480,0
4001489,0
4001497,0
4001505,0
4001514,0
4001530,0
4001539,0
4001547,0
4001555,0
4001564,0
4001572,0
4001580,0
4001589,4
4001597,0
4001605,0
4001614,0
4001622,0
4001630,0
4001639,0
4001647,0
4001655,0
4001664,0
4001672,0
4001689,0
4001697,0
4001705,0
4001722,0
4001730,0
4001739,0
4001747,0
4001755,0
4001764,0
4001772,0
4001780,0
4001789,0
4001797,0
4001806,0
4001814,0
4001822,0
4001830,0
4001839,0
4001847,0
4001855,0
4001864,0
4001872,0
4001880,0
4001889,0
4001897,0
4001905,0
4001914,0
4001922,0
4001930,0
4001939,0
4001947,0
4001955,0
4001964,0
4001972,0
4001980,0
4001989,0
4001997,0
4002005,0
4002014,0
4002022,0
4002030,0
4002039,0
4002047,0
4002055,0
4002064,0
4002072,0
4002080,0
4002089,1
4002097,0
4002106,0
4002114,0
4002122,0
4002130,0
4002139,0
4002147,0
4002155,0
4002164,0
4002172,0
4002189,2
4002197,0
4002206,0
4002214,0
4002222,0
4002230,0
4002239,0
4002247,0
4002255,0
4002264,0
4002272,0
4002280,0
4002289,2
4002297,0
4002305,0
4002314,0
4002322,0
4002330,0
4002339,0
4002347,0
4002355,0
4002364,0
4002472,0
4002489,0
4002497,0
4002505,0
4002514,0
4002522,0
4002530,0
4002539,0
4002547,0
4002555,0
4002564,0
4002572,0
4002580,0
4002589,0
4002597,0
4002605,0
4002614,0
4002622,0
4002630,0
4002639,0
4002647,0
4002655,0
4002664,0
4002672,0
4002680,0
4002689,5
4002697,0
4002705,0
4002714,0
4002722,0
4002730,0
4002739,0
4002747,0
4002764,0
4002772,0
4002780,0
4002789,0
4002797,0
4002805,0
4002814,0
4002822,0
4002830,0
4002839,0
4002847,0
4002855,0
4002864,0
4002872,0
4002889,0
4002897,0
4002905,0
4002914,0
4002922,0
4002930,0
4002939,0
4002947,0
4002955,0
4002964,0
4002972,0
4002980,0
4002989,2
4002997,0
4003005,0
4003014,0
4003022,0
4003030,0
4003039,0
4003047,0
4003055,0
4003064,0
4003072,0
4003089,1
4003097,0
4003105,0
4003114,0
4003122,0
4003130,0
4003139,0
4003147,0
4003155,0
4003164,0
4003172,0
4003180,0
4003189,1
4003205,0
4003214,0
4003222,0
4003230,0
4003239,0
4003247,0
4003255,0
4003264,0
4003272,0
4003280,0
4003289,5
4003305,0
4003314,0
4003322,0
4003330,0
4003339,0
4003347,0
4003355,0
4003364,0
4003372,0
4003380,0
4003389,0
4003397,0
4003405,0
4003414,0
4003422,0
4003430,0
4003439,0
4003447,0
4003455,0
4003464,0
4003472,0
4003480,0
4003489,1
4003497,0
4003505,0
4003514,0
4003522,0
4003530,0
4003539,0
4003547,0
4003555,0
4003564,0
4003572,0
4003580,0
4003589,1
4003597,0
4003605,0
4003614,0
4003622,0
4003630,0
4003639,0
4003647,0
4003655,0
4003664,0
4003672,0
4003680,0
4003689,0
4003697,0
4003705,0
4003714,0
4003722,0
4003730,0
4003739,0
4003747,0
4003755,0
4003764,0
4003772,0
4003780,0
4003789,0
4003797,0
4003805,0
4003814,0
4003822,0
4003830,0
4003839,0
4003847,0
4003855,0
4003864,0
4003872,0
4003880,0
4003889,0
4003897,0
4003905,0
4003914,0
4003922,0
4003930,0
4003939,0
4003947,0
4003955,0
4003964,0
4003972,0
4003981,0
4003989,0
4003997,0
4004005,0
4004014,0
4004022,0
4004030,0
4004039,0
4004047,0
4004056,0
4004064,0
4004072,0
4004080,0
4004089,0
4004097,0
4004105,0
4004114,0
4004122,0
4004130,0
4004139,0
4004155,0
4004164,0
4004172,0
4004180,0
4004189,0
4004197,0
4004205,0
4004214,0
4004222,0
4004230,0
4004239,0
4004255,0
4004264,0
4004272,0
4004280,0
4004289,0
4004297,0
4004305,0
4004314,0
4004322,0
4004330,0
4004414,0
4004422,1
4004430,0
4004439,0
4004447,0
4004455,0
4004464,0
4004472,0
4004480,0
4004489,4
4004505,0
4004513,0
4004522,4
4004697,0
4004705,0
4004714,0
4004722,0
4004731,0
4004739,0
4004747,0
4004755,0
4004763,0
4004772,0
4004789,0
4004805,0
4004813,0
4004822,0
4004830,0
4004839,0
4004847,0
4004855,0
4004863,0
4004872,0
4004880,0
4004888,0
4004905,0
4004913,0
4004922,0
4004930,0
4004938,0
4004947,0
4004955,0
4004963,0
4004972,0
4004980,0
4004988,0
4005005,5
4005013,5
4005022,2
4005030,2
4005038,2
4005047,0
4005055,0
4005063,0
4005080,0
4005088,0
4005105,0
4005114,0
4005130,0
4005139,0
4005155,0
4005163,0
4005172,0
4005180,0
4005189,0
4005205,3
4005213,0
4005230,4
4005239,0
4005255,0
4005263,0
4005272,0
4005280,0
4005288,4
4005297,0
4005305,0
4005313,0
4005330,0
4005338,0
4005347,0
4005355,4
4005363,0
4005372,0
4005380,0
4005389,0
4005397,0
4005405,0
4005413,0
4005422,0
4005430,0
4005439,0
4005447,0
4005455,0
4005463,0
4005472,0
4005480,0
4005488,0
4005497,0
4005506,0
4005514,0
4005522,0
4005530,0
4005539,0
4005547,0
4005555,0
4005563,0
4005572,0
4005588,0
4005597,0
4005605,0
4005613,0
4005630,0
4005639,0
4005647,0
4005663,0
4005672,0
4005680,0
4005697,0
4005705,0
4005713,0
4005722,0
4005730,0
4005738,0
4005747,0
4005763,0
4005772,0
4005780,0
4005788,0
4005797,0
4005805,0
4005813,0
4005830,0
4005838,0
4005847,0
4005855,0
4005863,0
4005872,1
4005888,0
4005897,0
4005906,0
4005914,0
4005922,0
4005930,0
4005939,0
4005947,0
4005955,0
4005963,0
4005980,0
4005988,0
4006005,0
4006013,0
4006030,0
4006038,0
4006047,0
4006063,0
4006072,0
4006088,0
4006105,0
4006122,0
4006138,0
4006155,0
4006163,0
4006205,0
4006230,5
4006247,5
4006255,5
4006272,5
4006288,5
4006313,5
4006339,0
4006355,0
4006363,4
4006388,4
4006413,0
4007847,0
4007855,0
4007971,0
4007980,0
4007988,0
4008005,0
4008013,0
4008030,0
4008038,0
4008046,0
4008055,0
4008071,0
4008080,0
4008088,0
4008097,0
4008105,0
4008113,0
4008121,0
4008130,0
4008138,0
4008155,0
4008171,0
4008180,0
4008188,0
4008205,0
4008213,0
4008230,0
4008238,0
4008246,0
4008255,0
4008271,0
4008280,0
4008296,0
4008305,0
4008313,0
4008321,0
4008330,0
4008338,0
4008355,0
4008371,0
4008380,0
4008388,0
4008405,0
4008421,0
4008429,0
4008438,0
4008454,0
4008471,0
4008480,0
4008488,0
4008496,0
4008505,0
4008513,0
4008521,0
4008530,0
4008538,0
4008554,0
4008571,0
4008579,0
4008588,0
4008604,0
4008613,0
4008621,0
4008630,0
4008638,0
4008646,0
4008654,0
4008671,0
4008680,0
4008704,0
4008713,0
4008721,0
4008729,0
4008738,0
4008935,0
4008943,0
4008951,0
4008959,0
4008968,0
4008976,0
4008993,0
4009001,0
4009009,0
4009018,0
4009026,0
4009034,0
4009043,0
4009059,0
4009067,0
4009093,0
4009109,0
4009118,0
4009126,0
4009134,0
4009143,0
4009151,0
4009159,0
4009168,0
4009176,0
4009193,0
4009201,0
4009209,0
4009217,0
4009234,0
4009242,0
4009251,0
4009259,0
4009267,0
4009276,0
4009284,0
4009292,4
4009301,0
4009309,0
4009317,0
4009334,0
4009342,0
4009359,0
4009368,0
4009376,0
4009384,0
4009393,0
4009401,0
4009409,0
4009417,0
4009434,0
4009442,0
4009459,0
4009467,0
4009476,0
4009492,4
4009509,0
4009518,0
4009526,0
4009534,0
4009543,0
4009551,0
4009559,0
4009568,0
4009576,0
4009584,0
4009592,4
4009601,0
4009609,0
4009617,0
4009634,0
4009642,0
4009659,0
4009667,0
4009676,0
4009684,0
4009692,0
4009701,0
4009709,0
4009717,0
4009726,0
4009734,0
4009742,0
4009759,0
4009767,0
4009776,0
4009784,0
4009793,0
4009801,0
4009809,0
4009817,0
4009826,0
4009834,0
4009842,0
4009859,0
4009867,0
4009876,0
4009884,0
4009893,4
4009901,0
4009909,0
4009918,0
4009926,0
4009934,0
4009942,0
4009959,0
4009967,0
4009976,0
4009984,0
4009992,0
4010001,0
4010009,0
4010017,0
4010026,0
4010034,0
4010042,0
4010051,0
4010059,0
4010067,0
4010076,0
4010092,0
4010101,0
4010109,0
4010117,0
4010126,0
4010134,0
4010142,0
4010159,0
4010167,0
4010176,0
4010193,0
4010201,0
4010209,0
4010217,0
4010226,0
4010234,0
4010242,0
4010259,0
4010267,0
4010276,0
4010292,0
4010301,0
4010309,0
4010317,0
4010326,0
4010334,0
4010342,0
4010359,0
4010367,0
4010376,0
4010392,0
4010409,0
4010417,0
4010434,0
4010443,0
4010459,0
4010467,0
4010476,0
4010492,0
4010501,0
4010509,0
4010517,0
4010534,0
4010542,0
4010559,0
4010567,0
4010576,0
4010601,0
4010609,0
4010617,0
4010626,0
4010634,0
4010642,0
4010659,0
4010667,0
4010676,0
4010684,0
4010692,0
4010701,0
4010709,0
4010717,0
4010734,0
4010742,0
4010759,0
4010767,0
4010776,0
4010792,0
4010801,0
4010809,0
4010817,0
4010826,0
4010834,0
4010842,0
4010859,0
4010992,0
4011001,0
4011017,0
4011034,0
4011042,0
4011051,0
4011059,0
4011067,0
4011076,0
4011084,0
4011092,0
4011101,0
4011109,0
4011117,0
4011126,0
4011134,0
4011142,0
4011159,0
4011167,0
4011176,0
4011192,0
4011201,0
4011209,0
4011217,0
4011226,0
4011234,0
4011242,0
4011251,0
4011259,0
4011268,0
4011276,0
4011284,0
4011292,0
4011309,0
4011317,0
4011326,0
4011334,0
4011342,0
4011351,0
4011359,0
4011367,0
4011376,0
4011393,4
4011401,0
4011409,0
4011417,0
4011426,0
4011434,0
4011442,0
4011451,0
4011459,0
4011467,0
4011476,0
4011484,0
4011492,0
4011509,0
4011517,0
4011534,0
4011542,0
4011551,0
4011559,0
4011567,0
4011576,0
4011584,0
4011592,0
4011601,0
4011609,0
4011617,0
4011626,0
4011634,0
4011642,0
4011659,0
4011667,0
4011676,0
4011692,0
4011734,0
4011742,0
4011759,0
4011767,0
4011776,0
4011784,0
4011792,4
4011809,0
4011817,0
4011834,0
4011842,0
4011859,0
4011867,0
4011876,0
4011884,0
4011892,4
4011909,0
4011917,0
4011926,0
4011934,0
4011942,0
4011951,0
4011959,0
4011967,0
4011976,0
4011992,4
4012009,0
4012017,0
4012026,0
4012034,0
4012042,0
4012051,0
4012059,0
4012067,0
4012076,0
4012084,0
4012092,4
4012109,0
4012117,0
4012126,0
4012134,0
4012142,0
4012151,0
4012159,0
4012167,0
4012176,0
4012184,0
4012192,4
4012209,0
4012217,0
4012226,0
4012234,0
4012242,0
4012251,0
4012259,0
4012267,0
4012276,0
4012284,0
4012309,0
4012317,0
4012326,0
4012334,0
4012342,0
4012351,0
4012359,0
4012367,0
4012376,0
4012384,0
4012392,0
4012401,0
4012409,0
4012417,0
4012426,0
4012442,0
4012459,0
4012467,0
4012476,0
4012484,0
4012492,4
4012501,0
4012509,0
4012517,0
4012526,0
4012542,0
4012551,0
4012576,0
4012592,4
4012609,0
4012617,0
4012626,0
4012634,0
4012642,0
4012651,0
4012667,0
4012676,0
4012684,0
4012701,0
4012709,0
4012726,0
4012734,0
4012742,0
4012750,0
4012759,0
4012767,0
4012776,0
4012801,0
4012809,0
4012826,0
4012834,0
4012842,0
4012851,0
4012867,0
4012876,0
4012901,0
4012909,0
4012926,0
4012934,0
4012942,0
4012950,0
4012967,0
4012976,0
4012984,0
4013001,0
4013009,0
4013025,0
4013034,0
4013042,0
4013050,0
4013059,0
4013067,0
4013075,0
4013084,0
4013092,0
4013110,0
4013117,0
4013134,0
4013142,0
4013150,0
4013159,0
4013167,0
4013334,0
4013342,0
4013359,0
4013367,0
4013375,0
4013392,0
4013400,0
4013409,0
4013425,0
4013434,0
4013442,0
4013450,0
4013459,0
4013467,0
4013476,0
4013492,5
4013500,0
4013509,0
4013517,0
4013534,0
4013542,0
4013559,0
4013567,0
4013576,0
4013584,0
4013592,0
4013600,0
4013609,0
4013617,0
4013634,0
4013642,0
4013659,0
4013667,0
4013676,0
4013692,0
4013701,0
4013709,0
4013725,0
4013734,0
4013742,0
4013775,0
4013792,5
4013809,0
4013817,0
4013825,0
4013834,0
4013842,0
4013850,0
4013859,0
4013867,0
4013876,0
4013892,5
4013909,0
4013917,0
4013925,0
4013934,0
4013942,0
4013950,0
4013959,0
4013967,0
4013975,0
4013984,0
4013992,5
4014009,0
4014017,0
4014025,0
4014034,0
4014042,0
4014059,0
4014067,0
4014075,0
4014092,0
4014109,0
4014117,0
4014125,0
4014134,0
4014142,0
4014159,0
4014167,0
4014175,0
4014192,5
4014209,0
4014217,0
4014234,0
4014242,0
4014250,0
4014259,0
4014267,0
4014276,0
4014284,0
4014292,4
4014309,0
4014317,0
4014334,0
4014342,0
4014350,0
4014359,0
4014367,0
4014375,0
4014384,0
4014392,4
4014409,0
4014417,0
4014425,0
4014434,0
4014442,0
4014450,0
4014467,0
4014475,0
4014500,0
4014509,0
4014517,0
4014525,0
4014534,0
4014542,0
4014550,0
4014559,0
4014567,0
4014575,0
4014592,4
4014609,0
4014617,0
4014634,0
4014642,0
4014650,0
4014659,0
4014667,0
4014676,0
4014692,4
4014709,0
4014717,0
4014734,0
4014742,0
4014759,0
4014767,0
4014775,0
4014800,0
4014809,0
4014817,0
4014834,0
4014842,0
4014850,0
4014859,0
4014867,0
4014875,0
4014900,0
4014909,0
4014917,0
4014934,0
4014943,0
4014950,0
4014959,0
4014967,0
4014975,0
4015000,0
4015017,0
4015042,0
4015051,0
4015059,0
4015067,0
4015075,0
4015092,0
4015100,0
4015109,0
4015117,0
4015125,0
4015134,4
4015142,0
4015150,0
4015159,0
4015167,0
4015176,0
4015184,0
4015192,0
4015200,0
4015209,0
4015225,0
4015234,0
4015400,0
4015409,0
4015434,0
4015443,0
4015450,0
4015459,3
4015467,0
4015475,0
4015484,0
4015500,0
4015509,0
4015517,0
4015525,0
4015534,0
4015542,0
4015550,0
4015567,0
4015576,0
4015584,0
4015592,4
4015600,0
4015609,0
4015617,0
4015625,0
4015634,0
4015642,0
4015650,0
4015667,0
4015675,0
4015684,0
4015692,4
4015700,0
4015710,0
4015717,0
4015734,0
4015742,0
4015750,0
4015759,0
4015767,0
4015775,0
4015784,0
4015792,0
4015809,0
4015817,0
4015825,0
4015834,0
4015842,0
4015867,0
4015875,0
4015892,4
4015934,0
4015942,0
4015950,0
4015959,0
4015967,0
4015975,0
4015984,0
4015992,4
4016009,0
4016017,0
4016025,0
4016034,0
4016042,0
4016050,0
4016059,0
4016067,0
4016075,0
4016084,0
4016092,4
4016109,0
4016117,0
4016134,0
4016142,0
4016150,0
4016159,0
4016167,0
4016175,0
4016184,0
4016192,4
4016200,0
4016209,0
4016217,0
4016225,0
4016234,0
4016242,0
4016250,0
4016267,0
4016275,0
4016284,0
4016292,4
4016309,0
4016317,0
4016325,0
4016334,0
4016342,0
4016350,0
4016359,0
4016367,0
4016375,0
4016384,0
4016392,4
4016409,0
4016417,0
4016425,0
4016434,0
4016442,0
4016459,0
4016467,0
4016484,0
4016492,0
4016501,0
4016509,0
4016517,0
4016534,0
4016542,0
4016550,0
4016575,0
4016584,0
4016600,0
4016609,0
4016617,0
4016625,0
4016634,0
4016642,0
4016659,0
4016667,0
4016675,0
4016684,0
4016692,4
4016700,0
4016708,0
4016733,0
4016742,0
4016792,4
4016808,0
4016833,4
4016967,5
4016975,5
4016992,0
4017008,0
4017033,0
4017042,0
4017050,0
4017058,0
4017067,0
4017075,0
4017083,0
4017092,0
4017100,0
4017109,0
4017117,0
4017125,0
4017133,0
4017158,0
4017167,0
4017233,0
4017242,0
4017267,0
4017292,4
4017300,0
4017309,0
4017392,3
4017458,0
4017467,0
4017492,3
4017525,0
4017567,0
4017592,2
4017775,0
4017792,0
4017800,0
4017809,0
4017817,0
4017825,0
4017833,0
4017842,0
4017858,0
4017867,0
4017875,0
4017883,0
4017892,4
4017900,0
4017908,0
4017917,0
4017925,0
4017934,0
4017942,0
4017950,0
4017958,0
4017967,0
4017975,0
4017983,0
4018008,0
4018017,0
4018033,0
4018042,0
4018058,0
4018067,0
4018075,0
4018083,0
4018100,0
4018108,0
4018117,4
4018133,0
4018142,0
4018158,0
4018167,0
4018175,0
4018183,0
4018200,0
4018208,0
4018217,0
4018233,0
4018242,0
4018250,0
4018267,0
4018275,0
4018283,0
4018300,0
4018308,0
4018317,0
4018325,0
4018333,0
4018342,0
4018358,0
4018367,0
4018375,0
4018383,0
4018392,0
4018400,0
4018408,0
4018417,0
4018433,0
4018442,0
4018458,0
4018467,0
4018475,0
4018500,0
4018508,0
4018517,0
4018525,0
4018533,0
4018542,0
4018550,0
4018558,0
4018567,0
4018575,0
4018583,0
4018592,4
4018608,0
4018617,0
4018633,0
4018642,0
4018658,0
4018667,0
4018683,0
4018692,0
4018700,0
4018708,0
4018717,0
4018733,0
4018742,0
4018750,0
4018758,0
4018767,0
4018783,0
4018792,4
4018808,0
4018817,0
4018825,0
4018833,0
4018842,0
4018858,0
4018875,0
4018892,4
4018908,0
4018917,0
4018925,0
4018933,0
4018942,0
4018950,0
4018958,0
4018967,0
4018975,0
4018983,0
4018992,4
4019008,0
4019017,0
4019025,0
4019033,0
4019042,0
4019050,0
4019058,0
4019067,0
4019075,0
4019083,0
4019092,4
4019108,0
4019117,0
4019133,0
4019142,0
4019158,0
4019167,0
4019192,0
4019200,0
4019208,0
4019217,0
4019233,0
4019408,0
4019417,0
4019458,0
4019492,4
4019500,0
4019508,0
4019533,0
4019542,0
4019550,0
4019558,0
4019567,0
4019575,0
4019583,0
4019592,4
4019608,0
4019617,0
4019625,0
4019633,0
4019642,0
4019650,0
4019658,0
4019667,0
4019692,4
4019725,4
4019733,0
4019742,0
4019750,0
4019758,4
4019767,0
4019775,0
4019792,4
4019800,0
4019808,0
4019817,0
4019833,0
4019842,0
4019858,0
4019867,0
4019875,0
4019892,4
4019933,0
4019942,0
4019958,0
4019967,0
4019992,4
4020025,0
4020033,0
4020042,0
4020058,0
4020067,0
4020075,0
4020083,0
4020092,4
4020108,0
4020117,0
4020133,0
4020142,0
4020150,0
4020158,0
4020167,0
4020175,0
4020192,4
4020200,0
4020208,0
4020217,0
4020225,0
4020233,0
4020242,0
4020250,0
4020258,0
4020267,0
4020275,0
4020283,0
4020292,4
4020308,0
4020317,0
4020325,0
4020333,0
4020342,0
4020350,0
4020358,0
4020367,0
4020375,0
4020400,0
4020408,0
4020425,0
4020433,0
4020442,0
4020450,0
4020458,0
4020467,0
4020475,0
4020491,4
4020508,0
4020517,0
4020533,0
4020541,0
4020567,0
4020575,0
4020583,0
4020600,0
4020608,0
4020633,0
4020641,0
4020650,0
4020666,0
4020675,0
4020683,0
4020700,0
4020708,0
4020717,0
4020725,0
4020733,0
4020741,0
4020750,0
4020758,0
4020767,0
4020775,0
4020783,0
4020800,0
4020808,0
4020816,0
4020833,0
4020842,0
4020850,0
4020858,0
4020866,0
4020875,0
4020900,0
4020908,0
4020933,0
4020941,0
4020950,0
4020958,0
4020967,0
4020975,0
4020983,0
4020991,4
4021016,0
4021158,5
4021175,0
4021192,5
4021200,0
4021208,0
4021233,0
4021241,0
4021250,0
4021258,0
4021266,0
4021275,0
4021283,0
4021291,0
4021300,0
4021308,0
4021317,0
4021325,0
4021333,0
4021341,0
4021350,0
4021358,0
4021367,0
4021375,0
4021383,0
4021391,0
4021400,0
4021408,0
4021416,0
4021433,0
4021441,0
4021550,0
4021566,0
4021600,0
4021633,0
4021642,0
4021666,0
4021675,0
4021683,0
4021691,0
4021700,0
4021708,0
4021733,0
4021741,0
4021758,0
4021766,0
4021775,0
4021783,0
4021791,0
4021800,0
4021808,0
4021816,0
4021833,0
4021841,0
4021850,0
4021866,0
4021875,0
4021900,0
4021908,0
4021916,0
4021933,0
4021941,0
4021950,0
4021958,0
4021966,0
4021975,0
4021983,0
4021991,0
4022000,0
4022025,4
4022033,0
4022050,0
4022091,4
4022100,0
4022158,0
4022166,0
4022175,0
4022191,4
4022208,0
4022233,0
4022241,0
4022250,0
4022291,3
4022308,0
4022316,0
4022333,0
4022341,0
4022366,0
4022425,0
4022441,0
4022450,0
4022466,0
4022475,0
4022483,0
4022491,0
4022500,0
4022675,0
4022733,0
4022741,0
4022750,0
4022758,0
4022783,0
4022791,4
4022816,0
4022825,0
4022833,0
4022841,1
4022850,1
4022858,1
4022866,2
4022875,2
4022883,3
4022891,3
4022900,3
4022908,3
4022916,3
4022933,3
4022941,3
4022950,3
4022959,3
4022966,3
4022975,2
4022983,2
4022991,2
4023000,2
4023008,2
4023016,2
4023033,2
4023041,2
4023058,2
4023066,2
4023075,2
4023083,2
4023091,2
4023100,2
4023108,2
4023116,2
4023133,2
4023141,1
4023150,1
4023158,1
4023166,2
4023175,2
4023183,2
4023191,1
4023200,2
4023208,2
4023216,2
4023225,2
4023233,2
4023241,2
4023250,2
4023258,2
4023266,2
4023275,2
4023283,2
4023291,2
4023300,2
4023308,2
4023316,2
4023333,2
4023341,2
4023350,1
4023358,1
4023366,1
4023375,0
4023383,0
4023391,0
4023400,0
4023408,0
4023416,0
4023433,0
4023441,0
4023466,0
4023475,0
4023483,0
4023491,0
4023500,0
4023508,0
4023516,0
4023525,0
4023533,0
4023541,0
4023550,0
4023558,0
4023566,0
4023575,0
4023583,0
4023591,5
4023600,4
4023608,5
4023616,5
4023625,0
4023633,0
4023641,0
4023650,0
4023658,4
4023666,4
4023675,2
4023683,1
4023691,4
4023700,5
4023708,2
4023716,2
4023733,2
4023741,2
4023750,2
4023758,2
4023766,2
4023775,2
4023783,2
4023791,2
4023800,2
4023808,2
4023816,2
4023833,2
4023841,3
4023850,3
4023858,3
4023866,3
4023875,3
4023883,3
4023900,3
4023908,1
4023916,5
4023925,5
4023933,0
4023941,0
4023950,0
4023958,0
4023966,0
4023975,0
4023983,0
4023991,0
4024000,0
4024008,0
4024016,0
4024033,0
4024041,0
4024050,0
4024058,0
4024066,0
4024075,0
4024083,0
4024091,4
4024108,3
4024116,0
4024133,0
4024141,0
4024158,0
4024166,0
4024183,0
4024191,5
4024208,5
4024216,0
4024233,0
4024241,0
4024258,0
4024266,0
4024283,0
4024291,0
4024308,0
4024316,0
4024333,0
4024341,0
4024358,4
4024366,3
4024383,0
4024391,2
4024408,2
4024416,3
4024433,3
4024441,3
4024458,3
4024466,3
4024483,3
4024491,3
4024508,3
4024516,3
4024533,3
4024541,3
4024558,3
4024566,2
4024574,2
4024583,2
4024591,2
4024600,2
4024608,2
4024616,2
4024624,2
4024633,2
4024641,2
4024658,1
4024666,2
4024674,2
4024683,2
4024691,2
4024700,2
4024708,2
4024716,2
4024725,2
4024733,2
4024741,2
4024758,2
4024766,2
4024775,2
4024783,2
4024791,2
4024799,2
4024808,2
4024816,2
4024824,5
4024833,2
4024841,2
4024849,2
4024858,2
4024866,2
4024874,2
4024883,1
4024891,1
4024900,2
4024908,2
4024916,2
4024924,2
4024933,2
4024941,2
4024949,2
4024958,2
4024966,2
4024974,2
4024983,2
4024991,2
4024999,2
4025008,2
4025016,2
4025024,2
4025033,2
4025041,2
4025049,2
4025058,2
4025066,2
4025074,2
4025083,2
4025091,2
4025099,2
4025108,2
4025116,2
4025125,2
4025133,2
4025141,2
4025149,2
4025158,2
4025166,2
4025174,2
4025183,2
4025191,2
4025199,2
4025208,2
4025216,2
4025233,2
4025241,2
4025249,2
4025258,2
4025266,2
4025274,2
4025283,2
4025291,2
4025299,2
4025308,2
4025316,2
4025324,2
4025333,2
4025341,2
4025349,1
4025358,1
4025366,1
4025374,2
4025383,2
4025391,2
4025399,2
4025408,2
4025416,2
4025424,2
4025433,2
4025441,2
4025449,2
4025458,2
4025466,2
4025474,2
4025483,2
4025491,2
4025499,2
4025508,2
4025516,2
4025524,5
4025533,1
4025541,1
4025549,1
4025558,5
4025566,1
4025574,1
4025583,1
4025591,1
4025599,1
4025608,1
4025616,1
4025624,1
4025633,2
4025641,2
4025649,1
4025658,1
4025666,1
4025674,1
4025683,1
4025691,1
4025699,1
4025708,1
4025716,1
4025724,1
4025733,1
4025741,1
4025749,1
4025758,1
4025766,1
4025774,1
4025783,1
4025791,1
4025799,1
4025808,1
4025816,1
4025824,1
4025833,1
4025841,2
4025849,2
4025858,2
4025866,2
4025883,2
4025891,2
4025899,2
4025908,2
4025916,2
4025924,2
4025933,2
4025941,2
4025949,2
4025966,3
4025983,3
4025991,3
4025999,3
4026008,3
4026016,3
4026024,3
4026033,3
4026041,3
4026049,3
4026058,3
4026066,3
4026074,3
4026083,3
4026091,3
4026099,3
4026108,3
4026116,3
4026124,4
4026133,4
4026141,4
4026149,3
4026158,3
4026166,3
4026183,3
4026191,3
4026199,3
4026208,3
4026216,3
4026224,3
4026233,3
4026241,3
4026249,3
4026258,3
4026266,3
4026274,3
4026283,3
4026291,3
4026299,3
4026308,3
4026316,3
4026324,3
4026333,3
4026341,3
4026350,3
4026358,3
4026366,3
4026375,3
4026383,3
4026391,3
4026399,3
4026408,3
4026416,3
4026541,0
4026566,0
4026574,0
4026583,0
4026591,0
4026599,0
4026608,0
4026616,0
4026633,0
4026641,0
4026649,0
4026658,0
4026666,0
4026674,0
4026683,0
4026691,0
4026699,0
4026708,0
4026716,0
4026724,0
4026733,0
4026741,0
4026749,0
4026766,0
4026774,0
4026783,0
4026791,0
4026799,0
4026808,0
4026816,0
4026824,0
4026833,0
4026841,0
4026849,0
4026858,0
4026866,4
4026874,0
4026883,0
4026891,0
4026908,0
4026916,0
4026933,0
4026941,0
4026949,0
4026958,0
4026966,0
4026983,0
4026991,0
4026999,0
4027008,0
4027016,0
4027116,0
4027124,2
4027133,0
4027141,0
4027150,0
4027158,0
4027166,4
4027183,0
4027191,0
4027199,0
4027208,0
4027216,0
4027224,0
4027233,0
4027241,0
4027249,0
4027258,0
4027266,0
4027283,0
4027291,0
4027299,0
4027308,0
4027316,0
4027324,0
4027333,0
4027341,0
4027349,0
4027358,0
4027366,0
4027374,0
4027383,0
4027391,0
4027399,0
4027408,0
4027416,0
4027424,0
4027433,0
4027441,0
4027449,0
4027458,0
4027466,0
4027474,0
4027483,0
4027491,0
4027499,0
4027508,0
4027516,0
4027524,0
4027533,0
4027541,0
4027549,0
4027566,4
4027583,0
4027591,0
4027608,0
4027616,0
4027624,0
4027633,0
4027641,0
4027649,0
4027658,0
4027666,0
4027674,0
4027683,0
4027691,0
4027708,0
4027716,0
4027733,0
4027741,0
4027749,0
