4239660,0
4239677,0
4239702,0
4239710,0
4239727,0
4239735,0
4239752,0
4239760,0
4239777,0
4239785,0
4239802,0
4239810,0
4239860,0
4239885,0
4239960,0
4239985,0
4240010,0
4240035,0
4240060,0
4240085,0
4240110,0
4240160,0
4240185,0
4240235,0
4240260,0
4240285,0
4240310,0
4240385,0
4240485,0
4240698,0
4240723,0
4240748,0
4240823,0
4240848,0
4241023,0
4241048,0
4241123,0
4241198,0
4241223,0
4241231,0
4241323,0
4241348,0
4241398,0
4241423,0
4241473,0
4241523,0
4241548,0
4241573,0
4241753,0
4241778,0
4241803,0
4241828,0
4241845,0
4241870,0
4241895,0
4241920,0
4241945,0
4241970,0
4241995,0
4242020,0
4242045,0
4242070,0
4242095,0
4242120,0
4242145,0
4242170,0
4242195,0
4242220,0
4242245,0
4242295,0
4242303,0
4242320,4
4242345,4
4242395,0
4242420,0
4242445,0
4242495,0
4242503,0
4242520,4
4242545,0
4242570,0
4242595,0
4242620,0
4242636,0
4242645,0
4242670,0
4242695,0
4242799,0
4242816,0
4242824,0
4242841,0
4242866,0
4242891,0
4242907,0
4242916,0
4242932,0
4242941,0
4242966,0
4242991,0
4243007,0
4243016,0
4243041,0
4243066,0
4243091,0
4243116,0
4243141,0
4243166,0
4243191,0
4243416,0
4243491,0
4243516,0
4243541,0
4243566,0
4243591,0
4243616,0
4243641,0
4243666,0
4243690,0
4243716,0
4243741,0
4243791,0
4243916,0
4243941,0
4244037,0
4244062,0
4244087,0
4244103,0
4244112,0
4244120,0
4244137,0
4244162,0
4244170,0
4244187,0
4244212,0
4244237,0
4244262,0
4244287,0
4244312,0
4244337,0
4244362,0
4244387,0
4244412,0
4244436,0
4244462,0
4244486,0
4244512,0
4244537,0
4244562,0
4244586,5
4244612,5
4244636,5
4244662,5
4244687,5
4244712,0
4244737,0
4244762,0
4244787,0
4244811,0
4244836,0
4244861,0
4244886,0
4244911,0
4244936,0
4244962,0
4244987,0
4245011,5
4245036,5
4245061,5
4245086,5
4245111,5
4245136,5
4245225,0
4245350,0
4245500,0
4245575,0
4245650,0
4245674,0
4245725,0
4245749,0
4245774,0
4245849,0
4245908,0
4246083,0
4246158,0
4246208,0
4246329,0
4246354,0
4246379,0
4246404,0
4246429,0
4246454,0
4246479,0
4246529,0
4246629,0
4246654,0
4246729,0
4246754,0
4246829,0
4246854,0
4246929,0
4246954,0
4246979,0
4247054,0
4247079,0
4247104,0
4247129,0
4247154,0
4247179,0
4247204,0
4247229,0
4247254,0
4247375,0
4247400,0
4247425,0
4247450,0
4247466,0
4247475,0
4247491,0
4247500,0
4247517,0
4247525,0
4247550,0
4247566,0
4247575,0
4247591,0
4247616,0
4247625,0
4247641,0
4247650,0
4247666,0
4247691,0
4247791,0
4247816,0
4247825,0
4247841,0
4247850,0
4247866,0
4247875,0
4247900,0
4247925,0
4247950,0
4247966,0
4247991,0
4248000,0
4248016,0
4248025,0
4248050,0
4248075,0
4248125,0
4248150,0
4248175,0
4248200,0
4248225,0
4248275,0
4248325,0
4248350,0
4248446,0
4248521,0
4248546,0
4248562,0
4248587,0
4248596,0
4248621,0
4248637,0
4248646,0
4248662,0
4248687,0
4248696,0
4248712,0
4248721,0
4248737,0
4248746,0
4248762,0
4248787,0
4248796,0
4248812,0
4248821,0
4248862,0
4248887,0
4248896,0
4248912,0
4248921,0
4248937,0
4248946,0
4248962,0
4248987,0
4249012,0
4249021,0
4249037,0
4249046,0
4249062,0
4249087,0
4249096,0
4249112,0
4249146,0
4249162,0
4249187,0
4249213,0
4249237,0
4249262,0
4249271,0
4249287,0
4249312,0
4249337,0
4249346,0
4249362,0
4249371,0
4249387,0
4249396,0
4249412,0
4250688,0
4250697,0
4250747,0
4250772,0
4250788,0
4250797,0
4250813,0
4250863,0
4250888,0
4250897,0
4250913,0
4250922,0
4250938,0
4250947,0
4250963,0
4250972,0
4250988,0
4250997,0
4251013,0
4251022,0
4251038,0
4251063,0
4251072,0
4251088,0
4251097,0
4251113,0
4251122,0
4251138,0
4251197,0
4251213,0
4251222,0
4251263,0
4251297,0
4251347,0
4251397,0
4251447,0
4251497,0
4251522,0
4251538,0
4251547,0
4251597,0
4251622,0
4251647,0
4251697,0
4251722,0
4251747,0
4251797,0
4251822,0
4251847,0
4251897,0
4251922,0
4252063,0
4252072,2
4252088,0
4252097,0
4252113,0
4252163,0
4252172,0
4252188,0
4252197,0
4252213,0
4252222,0
4252238,0
4252263,0
4252288,0
4252297,0
4252313,0
4252322,0
4252338,0
4252347,0
4252363,0
4252388,0
4252413,0
4252422,0
4252438,0
4252463,0
4252488,0
4252538,0
4252547,0
4252563,0
4252588,0
4252613,0
4252638,0
4252663,0
4252688,0
4252713,0
4252722,0
4252738,0
4252763,0
4252771,0
4252788,0
4252797,0
4252813,0
4252838,0
4252863,0
4252888,0
4252896,0
4252938,0
4252963,0
4252971,0
4252988,0
4252996,0
4253013,0
4253038,0
4253063,0
4253088,0
4253096,0
4253113,0
4253138,0
4253163,0
4253188,0
4253221,0
4253263,0
4253288,0
4253427,0
4253451,0
4253476,0
4253526,0
4253551,0
4253576,0
4253626,0
4253651,0
4253676,0
4253701,0
4253726,0
4253751,0
4253776,0
4253801,0
4253826,0
4253851,0
4253876,0
4253901,0
4253926,0
4253951,0
4253976,5
4253985,5
4254010,5
4254026,5
4254051,5
4254060,5
4254076,5
4254085,5
4254126,5
4254160,5
4254201,5
4254226,0
4254251,0
4254260,0
4254276,0
4254301,0
4254326,0
4254351,0
4254376,0
4254426,0
4254451,0
4254526,0
4254551,0
4254560,0
4254576,0
4254626,0
4254651,0
4254659,0
4254676,0
4254685,0
4254790,0
4254815,0
4254840,0
4254865,0
4254890,0
4254906,0
4254915,0
4254940,0
4254965,0
4254990,5
4255090,5
4255115,0
4255140,0
4255165,0
4255190,0
4255206,0
4255215,0
4255265,0
4255290,0
4255381,0
4255431,0
4255506,0
4255531,0
4255556,0
4255960,0
4255986,0
4256060,0
4256086,0
4256111,0
4256160,0
4256186,0
4256211,0
4256261,0
4256286,0
4256310,0
4256360,0
4256386,0
4256410,0
4256460,0
4256485,0
4256510,0
4256535,0
4256561,0
4256660,0
4256685,0
4256735,0
4256760,0
4256785,0
4256835,0
4256860,0
4256960,0
4256985,0
4257027,0
4257036,0
4257052,0
4257085,0
4257110,0
4257127,0
4257135,0
4257152,0
4257160,0
4257177,0
4257299,0
4257324,0
4257349,0
4257390,0
4257424,0
4257523,0
4257549,0
4257698,0
4257715,0
4257723,0
4257740,0
4257748,0
4257773,0
4257798,0
4257823,0
4257848,0
4257923,0
4257948,0
4257973,0
4258853,0
4258861,0
4258878,0
4258886,0
4258903,0
4258911,0
4258928,0
4258936,0
4258953,0
4258961,0
4258978,0
4258986,0
4259003,0
4259028,0
4259036,0
4259061,0
4259078,0
4259086,0
4259103,0
4259128,0
4259233,0
4259249,0
4259274,0
4259299,0
4259324,0
4259332,0
4259349,0
4259399,0
4259424,0
4259432,0
4259449,0
4259474,0
4259499,0
4259524,0
4259549,0
4259557,0
4259574,0
4259599,0
4259608,0
4259632,0
4259749,0
4259757,0
4259799,0
4259824,0
4259832,0
4259849,0
4259857,0
4259874,0
4259899,0
4259907,0
4259924,0
4259932,0
4259949,0
4259957,0
4259974,0
4259999,0
4260007,0
4260024,0
4260049,0
4260057,0
4260074,0
4260099,0
4260124,0
4260149,0
4260174,0
4260199,0
4260295,5
4260303,5
4260320,5
4260328,5
4260345,5
4260353,5
4260370,5
4260378,5
4260395,0
4260403,0
4260420,0
4260428,0
4260445,0
4260453,0
4260470,5
4260478,5
4260495,5
4260503,5
4260553,0
4260578,0
4260603,0
4260628,0
4260645,0
4260653,0
4260678,0
4260695,0
4260703,0
4260720,0
4260728,0
4260753,0
4260770,0
4260778,0
4260795,0
4260803,0
4260820,0
4260828,0
4260853,0
4260878,0
4260895,0
4261095,0
4262049,5
4262437,0
4262462,0
4262512,0
4262537,0
4262562,0
4262612,0
4262637,0
4262662,0
4262687,0
4262862,0
4262887,0
4262912,0
4262937,0
4262962,0
4262987,0
4263012,0
4263037,0
4266460,5
4266468,1
4266535,5
4266544,5
4270112,4
4270508,0
4270558,2
4270608,0
4270658,5
4270683,2
4270758,2
4270783,2
4271058,5
4271083,5
4273088,0
4274309,0
4280766,5
4281366,3
4281441,3
4281741,1
4282908,0
4282958,0
4282983,0
4283008,0
4283033,0
4283108,0
4284104,2
4284154,0
4284429,0
4284679,0
4284729,0
4284804,0
4284954,0
4285100,0
4285175,0
4285775,0
4285800,0
4286000,0
4286171,0
4286187,0
4286196,0
4286246,5
4286296,5
4286467,5
4286492,0
4286517,5
4286542,0
4286558,0
4286567,5
4286583,5
4286642,0
4286667,0
4286683,5
4286692,5
4286717,5
4286767,5
4286817,5
4287043,5
4287068,0
4287143,0
4287168,0
4287193,0
4287498,0
4287573,0
4287923,0
4288148,0
4288173,0
4288197,0
4288297,0
4288394,0
4289465,0
4289564,0
4289640,0
4290560,5
4290585,5
4290635,5
4291085,5
4291110,5
4291135,2
4291152,4
4291160,4
4291210,2
4291236,2
4291260,2
4291310,2
4291335,2
4291360,1
4291385,1
4291410,5
4291435,5
4291460,5
4291485,5
4291510,5
4292798,5
4292823,5
4292848,5
4292873,5
4292898,5
4292923,5
4292948,5
4292973,5
4292998,5
4293023,5
4293048,5
4293073,5
4293098,5
4293123,5
4293148,5
4294265,0
4294365,0
4294440,0
4294457,0
4294640,0
4295567,0
4295592,0
4295693,0
4296993,3
4297560,3
4297893,4
4298089,2
4298164,4
4298189,4
4298289,4
4298364,4
4298464,4
4298481,4
4298564,4
4298581,4
4298664,4
4298764,4
4298789,4
4298964,4
4299060,4
4299085,5
4299285,4
4299393,4
4299485,3
