1185127,3
1185135,3
1185144,3
1185152,3
1185160,3
1185169,3
1185177,3
1185186,3
1185194,3
1185402,5
1185410,5
1185419,5
1185427,5
1185435,5
1185444,5
1185452,5
1185460,5
1185469,5
1185477,5
1185486,5
1185494,5
1185502,5
1185510,5
1185519,5
1185527,5
1185535,5
1185544,5
1185552,5
1185560,5
1185569,5
1185577,5
1185585,5
1185594,5
1185602,5
1185610,4
1185627,5
1185635,5
1185644,5
1185652,5
1185660,5
1185669,5
1185677,5
1185685,5
1185694,5
1185702,5
1185711,3
1185719,5
1185727,5
1185735,5
1185744,5
1185752,5
1185761,5
1185769,5
1185777,5
1185785,5
1185794,5
1185802,5
1185810,4
1185827,5
1185835,5
1185844,5
1185852,5
1185860,5
1185869,5
1185877,5
1185886,5
1185894,5
1185902,5
1185910,4
1185927,5
1185935,5
1185944,4
1185952,4
1185960,4
1185969,4
1185977,4
1185985,4
1185994,4
1186002,4
1186010,4
1186019,4
1186027,4
1186035,4
1186044,4
1186052,4
1186060,4
1186069,4
1186077,4
1186085,4
1186094,4
1186102,4
1186111,4
1186119,4
1186127,4
1186136,4
1186144,4
1186152,4
1186160,4
1186169,4
1186177,4
1186185,4
1186194,4
1186202,4
1186210,4
1186219,4
1186227,4
1186235,4
1186244,4
1186252,4
1186260,4
1186269,4
1186277,4
1186286,4
1186294,4
1186302,4
1186310,4
1186319,4
1186327,4
1186335,4
1186344,4
1186352,4
1186360,4
1186369,4
1186377,4
1186385,4
1186394,4
1186402,4
1186410,4
1186419,4
1186427,4
1186435,4
1186444,4
1186452,4
1186460,4
1186469,4
1186477,4
1186485,4
1186494,4
1186502,4
1186510,4
1186519,4
1186527,4
1186535,4
1186844,2
1186852,4
1186860,4
1186869,4
1186877,4
1186885,4
1186894,4
1186902,4
1186911,4
1186919,4
1186927,4
1186935,4
1186944,4
1186952,4
1186960,4
1186969,4
1186977,4
1186985,4
1186994,4
1187002,4
1187010,4
1187019,4
1187027,4
1187035,3
1187044,1
1187052,5
1187060,5
1187069,5
1187077,5
1187086,5
1187094,5
1187102,5
1187110,5
1187119,5
1187127,5
1187135,5
1187144,5
1187152,5
1187160,5
1187169,5
1187177,5
1187185,5
1187194,5
1187202,5
1187210,5
1187219,5
1187227,5
1187235,5
1187244,5
1187252,5
1187260,5
1187269,5
1187277,5
1187285,5
1187294,5
1187302,5
1187310,4
1187327,5
1187335,2
1187344,5
1187352,5
1187360,5
1187369,5
1187377,5
1187386,5
1187394,5
1187402,5
1187410,2
1187419,5
1187427,5
1187435,5
1187444,5
1187452,5
1187460,5
1187469,5
1187477,5
1187485,5
1187494,5
1187502,5
1187510,5
1187519,5
1187527,5
1187535,5
1187544,5
1187552,5
1187560,5
1187569,5
1187577,5
1187585,5
1187594,5
1187602,5
1187610,2
1187619,5
1187627,5
1187635,5
1187644,5
1187652,5
1187660,5
1187669,5
1187677,5
1187685,5
1187694,5
1187702,5
1187711,5
1187719,5
1187727,5
1187735,5
1187744,5
1187752,5
1187760,5
1187769,5
1187777,5
1187785,5
1187794,5
1187802,5
1187810,5
1187819,5
1187827,5
1187835,5
1187844,5
1187852,5
1187860,5
1187869,5
1187877,5
1187885,5
1187894,5
1187902,5
1187910,5
1187927,5
1187935,5
1187944,5
1187952,5
1187960,5
1187969,5
1187977,5
1187985,5
1187994,5
1188002,5
1188010,5
1188019,5
1188027,5
1188035,5
1188044,5
1188052,5
1188060,5
1188069,5
1188077,5
1188085,5
1188094,5
1188102,5
1188110,5
1188119,5
1188127,5
1188135,5
1188152,5
1188160,5
1188169,5
1188177,5
1188185,5
1188194,1
1188202,1
1188210,4
1188219,5
1188227,5
1188235,5
1188244,5
1188252,4
1188260,5
1188269,5
1188277,5
1188285,5
1188294,5
1188302,5
1188310,4
1188319,5
1188327,5
1188335,5
1188352,5
1188360,5
1188369,5
1188377,5
1188385,5
1188394,5
1188402,5
1188411,5
1188427,5
1188435,5
1188452,5
1188460,5
1188469,5
1188477,5
1188485,5
1188494,1
1188502,5
1188510,4
1188527,1
1188535,1
1188544,5
1188552,4
1188560,5
1188577,4
1188585,4
1188594,5
1188610,5
1188627,5
1188635,5
1188644,5
1188652,5
1188660,5
1188669,5
1188677,5
1188685,5
1188694,5
1188702,5
1188710,4
1188719,5
1188727,5
1188735,5
1188752,5
1188760,5
1188769,5
1188777,5
1188785,5
1188794,3
1188802,5
1188810,5
1188827,5
1188835,5
1188852,5
1188860,5
1188877,5
1188885,5
1188902,5
1188910,5
1188927,5
1188935,5
1188952,5
1188960,5
1188977,5
1188985,5
1189002,5
1189010,5
1189027,5
1189035,5
1189052,5
1189061,5
1189077,5
1189085,5
1189102,5
1189110,5
1189135,5
1189152,5
1189160,5
1189177,5
1189185,5
1189202,5
1189210,5
1189227,5
1189235,5
1189252,5
1189260,5
1189277,5
1189285,5
1189302,5
1189310,5
1189327,5
1189335,5
1189352,5
1189360,5
1189377,5
1189385,5
1189402,5
1189410,5
1189427,5
1189435,5
1189452,5
1189460,5
1189477,5
1189485,5
1189502,5
1189510,5
1189527,5
1189535,5
1189552,5
1189560,5
1189577,5
1189585,5
1189602,5
1189610,5
1189627,5
1189635,5
1189652,5
1189660,5
1189677,5
1189685,5
1189693,2
1189702,5
1189710,1
1189718,1
1189727,1
1189735,1
1189752,1
1189760,5
1189777,5
1189785,5
1189802,5
1189810,5
1189827,5
1189835,5
1189852,5
1189860,5
1189877,5
1189885,5
1189902,5
1189910,5
1189927,5
1189935,5
1189952,5
1189960,5
1189977,5
1189985,5
1190002,5
1190010,5
1190027,5
1190035,5
1190052,5
1190060,5
1190077,5
1190085,5
1190102,5
1190111,5
1190127,5
1190135,5
1190152,5
1190160,5
1190177,5
1190185,5
1190202,5
1190210,5
1190227,5
1190235,5
1190260,5
1190277,5
1190285,5
1190302,5
1190310,5
1190327,5
1190335,5
1190352,5
1190360,5
1190377,5
1190385,5
1190402,5
1190410,5
1190427,5
1190435,5
1190460,5
1190477,5
1190485,5
1190502,5
1190510,5
1190527,5
1190535,5
1190552,5
1190560,5
1190577,5
1190585,5
1190602,5
1190610,5
1190627,5
1190635,5
1190652,5
1190660,5
1190677,5
1190685,5
1190702,5
1190727,5
1190735,5
1190752,5
1190760,5
1190777,5
1190785,5
1190802,5
1190827,5
1190835,5
1190852,5
1190860,5
1190877,5
1190885,5
1190902,5
1190927,5
1190935,5
1190952,5
1190960,5
1190977,5
1190985,5
1191002,5
1191027,5
1191035,5
1191052,5
1191060,5
1191077,5
1191085,5
1191102,5
1191127,5
1191135,5
1191152,5
1191160,5
1191177,5
1191185,5
1191202,5
1191227,5
1191235,5
1191252,5
1191260,5
1191277,5
1191285,5
1191302,5
1191310,5
1191327,5
1191335,5
1191352,5
1191360,5
1191377,5
1191385,5
1191402,5
1191427,5
1191435,5
1191452,5
1191460,5
1191477,5
1191485,5
1191502,5
1191510,5
1191527,5
1191535,5
1191552,5
1191560,5
1191577,5
1191585,5
1191602,5
1191610,5
1191627,5
1191635,5
1191652,5
1191660,5
1191677,5
1191685,5
1191702,5
1191710,5
1191735,5
1191752,5
1191760,5
1191777,5
1191785,5
1191802,5
1191810,5
1191827,5
1191835,5
1191852,5
1191860,5
1191885,5
1191902,5
1191910,5
1191927,5
1191935,5
1191960,5
1191977,5
1191985,5
1192002,5
1192010,5
1192027,5
1192035,5
1192160,5
1192185,5
1192210,5
1192235,5
1192260,5
1192285,5
1192310,5
1192360,5
1192385,5
1192410,5
1192435,5
1192452,5
1192460,5
1192510,5
1192535,5
1192552,5
1192560,5
1192585,5
1192635,5
1192660,5
1192752,5
1192860,5
1192935,5
1192951,5
1192960,5
1193010,5
1193018,5
1193043,5
1193076,5
1193110,5
1193235,5
1193251,5
1193260,5
1193277,5
1193285,5
1193301,5
1193310,5
1193326,5
1193335,5
1193360,5
1193377,5
1193385,5
1193410,5
1193451,5
1193460,5
1193476,5
1193485,5
1193510,5
1193526,5
1193535,5
1193560,5
1193577,5
1193585,5
1193610,5
1193635,5
1193651,5
1193660,5
1193685,5
1193710,5
1193726,5
1193735,5
1193751,5
1193760,5
1193776,5
1193810,5
1193835,5
1193851,5
1193860,5
1193876,5
1193885,5
1193910,5
1193926,5
1193935,5
1193960,5
1193976,5
1193985,5
1194001,5
1194010,5
1194026,5
1194035,5
1194051,5
1194060,5
1194076,5
1194085,5
1194101,5
1194110,5
1194126,5
1194135,5
1194151,5
1194160,5
1194176,4
1194185,5
1194201,5
1194227,5
1194235,5
1194251,5
1194260,5
1194276,5
1194285,5
1194301,5
1194310,5
1194326,5
1194335,5
1194351,5
1194376,5
1194385,5
1194401,5
1194426,5
1194435,5
1194451,5
1194460,5
1194477,5
1194485,5
1194501,5
1194510,5
1194526,5
1194535,5
1194560,5
1194576,5
1194585,5
1194601,5
1194610,5
1194635,5
1194652,5
1194660,5
1194676,5
1194685,1
1194701,1
1194710,2
1194726,2
1194735,2
1194751,2
1194760,2
1194776,2
1194785,2
1194801,2
1194810,2
1194826,2
1194835,1
1194851,1
1194860,5
1194876,5
1194885,1
1194901,5
1194910,5
1194926,5
1194935,5
1194951,5
1194960,5
1194976,5
1194985,5
1195001,5
1195010,5
1195026,5
1195035,5
1195052,5
1195060,5
1195076,5
1195085,5
1195101,5
1195110,5
1195126,5
1195135,5
1195160,5
1195176,5
1195185,5
1195201,5
1195210,5
1195226,5
1195235,5
1195260,5
1195277,5
1195285,5
1195301,5
1195310,5
1195326,5
1195335,5
1195351,5
1195360,5
1195376,5
1195385,5
1195401,5
1195410,5
1195426,5
1195435,5
1195451,5
1195460,5
1195476,5
1195485,5
1195501,5
1195510,5
1195526,5
1195535,5
1195551,5
1195560,5
1195577,5
1195585,5
1195601,5
1195626,5
1195635,5
1195651,5
1195660,5
1195677,5
1195685,5
1195701,5
1195726,5
1195735,5
1195751,5
1195760,5
1195776,5
1195801,5
1195835,5
1195851,5
1195860,5
1195876,5
1195885,5
1195901,5
1195910,5
1195926,5
1195935,5
1195951,5
1195960,5
1195976,5
1196001,5
1196026,5
1196035,5
1196051,5
1196060,5
1196076,5
1196085,5
1196101,5
1196110,4
1196126,5
1196135,5
1196151,4
1196160,4
1196176,4
1196193,4
1196201,5
1196226,5
1196235,5
1196251,4
1196260,5
1196276,4
1196293,4
1196301,5
1196326,5
1196335,5
1196351,5
1196360,5
1196376,5
1196401,5
1196426,5
1196435,5
1196451,5
1196459,5
1196476,5
1196501,5
1196526,5
1196535,5
1196551,5
1196560,5
1196576,5
1196601,5
1196626,5
1196635,5
1196651,5
1196660,5
1196676,5
1196685,5
1196701,5
1196734,5
1196751,5
1196760,5
1196776,5
1196785,5
1196801,5
1196809,5
1196826,5
1196834,0
1196851,4
1196859,4
1196876,5
1196884,5
1196901,5
1196909,5
1196926,5
1196934,5
1196951,5
1196959,5
1196976,5
1196984,5
1197001,5
1197009,5
1197026,5
1197034,5
1197051,5
1197059,5
1197076,5
1197101,0
1197126,0
1197134,0
1197151,4
1197159,5
1197176,4
1197184,5
1197201,5
1197209,5
1197226,5
1197234,5
1197251,4
1197259,5
1197276,4
1197284,5
1197301,5
1197309,5
1197326,0
1197334,0
1197351,4
1197359,5
1197376,5
1197384,5
1197401,5
1197409,5
1197426,5
1197451,5
1197459,5
1197476,5
1197484,5
1197501,5
1197509,5
1197526,5
1197534,5
1197551,5
1197559,4
1197576,5
1197584,5
1197609,5
1197626,5
1197634,5
1197651,5
1197659,5
1197676,5
1197684,5
1197701,5
1197709,5
1197726,5
1197734,5
1197751,5
1197759,5
1197776,5
1197784,5
1197801,5
1197809,5
1197826,5
1197834,5
1197851,5
1197859,5
1197876,5
1197885,5
1197909,5
1197926,5
1197934,5
1197951,4
1197959,5
1197976,4
1197984,5
1198009,5
1198026,5
1198034,5
1198051,5
1198059,5
1198084,5
1198126,5
1198134,5
1198151,5
1198159,5
1198176,5
1198184,5
1198234,5
1198251,5
1198259,5
1198276,5
1198284,5
1198301,5
1198309,5
1198326,5
1198334,5
1198351,5
1198359,5
1198376,5
1198384,5
1198409,5
1198426,5
1198434,5
1198451,5
1198459,5
1198476,5
1198484,5
1198501,5
1198509,5
1198526,5
1198534,5
1198551,5
1198559,5
1198576,5
1198584,5
1198601,5
1198609,5
1198634,5
1198651,5
1198659,5
1198676,5
1198684,5
1198701,5
1198709,5
1198726,5
1198734,5
1198751,4
1198759,5
1198776,5
1198784,5
1198801,5
1198809,5
1198826,5
1198834,5
1198851,5
1198859,5
1198876,5
1198884,5
1198901,5
1198909,5
1198934,5
1198951,5
1198959,5
1198976,5
1198984,5
1199009,5
1199026,5
1199034,5
1199051,5
1199059,5
1199076,5
1199084,5
1199126,5
1199134,5
1199151,4
1199159,5
1199176,4
1199184,5
1199210,5
1199226,5
1199234,5
1199251,5
1199259,5
1199276,5
1199284,5
1199301,5
1199309,5
1199326,5
1199334,5
1199351,5
1199359,5
1199376,5
1199384,5
1199401,5
1199409,5
1199426,5
1199434,5
1199451,5
1199459,5
1199476,5
1199484,5
1199501,5
1199509,4
1199534,5
1199551,4
1199559,4
1199576,4
1199584,5
1199601,5
1199609,5
1199634,5
1199651,5
1199659,4
1199676,4
1199684,5
1199709,5
1199734,5
1199751,4
1199759,4
1199776,5
1199784,5
1199801,5
1199809,5
1199826,4
1199834,5
1199851,5
1199860,5
1199876,5
1199884,5
1199901,5
1199909,5
1199926,5
1199934,5
1199951,5
1199959,5
1199976,5
1199984,5
1200001,4
1200009,4
1200026,5
1200034,5
1200051,4
1200059,4
1200076,4
1200084,5
1200101,5
1200109,5
1200134,5
1200151,5
1200159,5
1200176,5
1200184,5
1200201,5
1200209,5
1200234,5
1200251,5
1200276,5
1200284,5
1200301,5
1200309,5
1200326,5
1200334,5
1200351,4
1200359,5
1200376,4
1200384,5
1200401,5
1200409,5
1200426,4
1200434,5
1200451,5
1200459,4
1200476,4
1200484,5
1200509,5
1200534,5
1200551,5
1200559,5
1200576,5
1200584,5
1200609,5
1200634,5
1200651,4
1200659,4
1200676,4
1200684,5
1200701,4
1200709,4
1200734,5
1200751,4
1200759,5
1200776,4
1200784,5
1200801,5
1200809,5
1200826,5
1200834,5
1200851,4
1200859,5
1200876,5
1200884,5
1200901,5
1200909,5
1200934,5
1200951,4
1200959,4
1200976,4
1200984,5
1201009,5
1201034,5
1201051,4
1201059,4
1201076,4
1201084,5
1201101,5
1201109,5
1201126,5
1201134,5
1201151,5
1201159,5
1201176,5
1201184,5
1201209,5
1201226,5
1201234,5
1201251,5
1201259,5
1201276,5
1201284,5
1201301,5
1201309,5
1201326,5
1201334,5
1201351,5
1201359,5
1201376,5
1201384,5
1201409,5
1201426,5
1201434,5
1201459,5
1201484,5
1201501,5
1201509,5
1201526,5
1201534,5
1201551,5
1201559,5
1201576,5
1201584,5
1201601,5
1201609,5
1201626,5
1201634,5
1201659,5
1201684,5
1201709,5
1201726,5
1201734,5
1201751,5
1201759,5
1201776,5
1201784,5
1201809,5
1201834,5
1201851,5
1201859,5
1201876,5
1201884,5
1201909,5
1201926,5
1201934,5
1201959,5
1201984,5
1202001,5
1202009,5
1202034,5
1202059,5
1202084,5
1202101,5
1202109,5
1202134,5
1202151,5
1202159,5
1202176,5
1202184,5
1202209,5
1202234,5
1202251,2
1202259,2
1202276,2
1202284,4
1202309,5
1202334,5
1202351,5
1202359,4
1202376,5
1202384,5
1202409,5
1202434,5
1202451,5
1202459,5
1202476,5
1202484,5
1202501,5
1202509,5
1202534,5
1202551,4
1202559,1
1202576,5
1202584,2
1202609,5
1202626,5
1202634,5
1202651,5
1202659,5
1202676,5
1202684,5
1202701,5
1202709,5
1202734,5
1202751,5
1202759,5
1202776,5
1202784,5
1202801,5
1202809,5
1202826,5
1202834,5
1202851,5
1202859,5
1202926,2
1202934,1
1202951,5
1202959,5
1202976,5
1203001,5
1203126,1
1203134,1
1203151,5
1203159,5
1203176,5
1203184,5
1203209,5
1203234,5
1203251,5
1203259,5
1203276,5
1203284,5
1203309,5
1203326,5
1203334,5
1203351,5
1203359,5
1203376,5
1203384,5
1203401,5
1203409,5
1203434,5
1203451,5
1203476,5
1203484,5
1203509,5
1203534,5
1203551,5
1203567,5
1203576,5
1203584,5
1203634,5
1203651,5
1203659,1
1203676,5
1203684,5
1203701,5
1203726,5
1203734,5
1203751,4
1203759,5
1203776,4
1203784,5
1203801,5
1203809,5
1203826,0
1203834,0
1203851,4
1203859,5
1203876,5
1203884,5
1203900,5
1203909,4
1203934,5
1203951,5
1203959,5
1203976,5
1203984,5
1204001,5
1204009,5
1204026,5
1204034,0
1204051,5
1204059,0
1204076,0
1204084,5
1204101,5
1204109,5
1204125,5
1204134,5
1204150,5
1204159,5
1204184,5
1204201,5
1204209,0
1204225,0
1204234,0
1204250,5
1204259,5
1204275,5
1204284,5
1204300,5
1204309,5
1204334,5
1204350,5
1204359,5
1204375,5
1204384,5
1204400,5
1204409,5
1204425,5
1204434,5
1204450,4
1204459,5
1204475,5
1204484,5
1204509,5
1204525,4
1204534,5
1204542,5
1204550,5
1204559,5
1204575,5
1204584,4
1204601,5
1204609,5
1204625,5
1204634,5
1204650,5
1204675,5
1204684,5
1204700,5
1204709,5
1204725,5
1204734,5
1204759,5
1204775,5
1204784,5
1204800,5
1204809,5
1204825,5
1204834,5
1204850,5
1204859,5
1204875,5
1204884,5
1204900,5
1204909,5
1204925,5
1204934,5
1204950,5
1204959,5
1204976,5
1204984,5
1205000,5
1205009,5
1205025,5
1205034,5
1205050,5
1205059,5
1205075,5
1205084,2
1205100,2
1205109,2
1205125,2
1205134,2
1205151,2
1205159,2
1205175,2
1205184,2
1205200,2
1205209,2
1205225,2
1205234,2
1205250,4
1205259,4
1205275,2
1205284,5
1205300,2
1205309,2
1205325,1
1205334,5
1205350,5
1205359,5
1205375,5
1205384,5
1205400,5
1205409,5
1205425,5
1205434,5
1205450,5
1205459,5
1205475,5
1205484,5
1205500,5
1205509,5
1205525,5
1205534,5
1205550,5
1205559,5
1205575,5
1205584,5
1205600,5
1205609,5
1205625,5
1205634,5
1205650,5
1205659,5
1205675,5
1205684,5
1205700,5
1205709,5
1205725,5
1205734,5
1205750,5
1205759,5
1205775,5
1205784,5
1205800,5
1205809,5
1205825,5
1205834,5
1205850,5
1205859,5
1205875,5
1205884,5
1205900,5
1205925,5
1205934,5
1205950,5
1205959,5
1205975,5
1205984,5
1206000,5
1206009,5
1206025,5
1206034,5
1206050,5
1206059,5
1206075,5
1206084,5
1206100,5
1206109,5
1206125,5
1206134,5
1206351,1
1206359,5
1206375,5
1206384,5
1206400,5
1206409,5
1206425,0
1206451,5
1206459,5
1206475,5
1206484,5
1206509,5
1206525,5
1206534,5
1206550,5
1206559,5
1206575,5
1206584,5
1206600,5
1206609,5
1206625,5
1206634,5
1206651,5
1206659,5
1206675,5
1206684,5
1206700,5
1206709,5
1206725,5
1206750,5
1206759,5
1206775,5
1206784,5
1206800,5
1206809,5
1206825,5
1206834,5
1206850,5
1206859,5
1206875,5
1206884,5
1206909,5
1206925,5
1206934,5
1206950,5
1206959,5
1206975,5
1206984,5
1207000,5
1207009,5
1207025,5
1207034,5
1207059,5
1207075,5
1207084,5
1207100,5
1207109,5
1207125,5
1207134,5
1207175,5
1207184,5
1207209,5
1207225,5
1207234,5
1207250,5
1207259,5
1207284,5
1207300,5
1207309,5
1207325,5
1207334,5
1207350,5
1207359,5
1207375,5
1207384,5
1207400,5
1207409,5
1207425,5
1207434,5
1207450,5
1207459,5
1207475,5
1207484,5
1207500,5
1207509,5
1207525,5
1207534,5
1207559,5
1207575,5
1207584,5
1207600,5
1207609,5
1207634,5
1207659,5
1207684,5
1207709,5
1207734,5
1207759,5
1207784,5
1207808,5
1207834,5
1207850,5
1207858,5
1207883,5
1207908,5
1207934,5
1207959,5
1207984,5
1208008,5
1208034,5
1208059,5
1208075,5
1208083,5
1208108,5
1208133,5
1208150,5
1208158,5
1208183,5
1208208,5
1208234,5
1208258,5
1208283,5
1208308,5
1208333,5
1208358,5
1208383,5
1208408,5
1208433,5
1208458,5
1208483,5
1208508,5
1208525,5
1208533,5
1208558,5
1208583,5
1208608,5
1208625,5
1208633,5
1208658,5
1208683,5
1208708,5
1208733,5
1208758,5
1208775,5
1208783,5
1208808,5
1208817,5
1208833,5
1208858,5
1208883,5
1208908,5
1208950,5
1208983,5
1209083,5
1209100,5
1209150,5
1209183,5
1209283,5
1209358,5
1209475,5
1209484,5
1209525,5
1209550,5
1209583,5
1209650,5
1209683,5
1209750,5
1209758,5
1209783,4
1209850,5
1209875,5
1209883,5
1209900,5
1209908,5
1209925,5
1209950,5
1209958,5
1209975,5
1209983,5
1210000,5
1210008,5
1210025,5
1210050,5
1210075,5
1210083,5
1210100,5
1210108,5
1210125,5
1210150,5
1210158,4
1210175,5
1210200,5
1210208,5
1210225,5
1210234,5
1210250,4
1210258,5
1210275,5
1210300,5
1210308,5
1210325,5
1210333,5
1210350,5
1210358,5
1210375,5
1210383,5
1210408,5
1210425,5
1210433,5
1210450,5
1210458,5
1210483,5
1210500,5
1210508,5
1210533,5
1210550,5
1210558,5
1210575,5
1210583,5
1210600,5
1210608,5
1210625,5
1210650,5
1210658,5
1210675,5
1210683,5
1210700,5
1210708,5
1210725,5
1210733,5
1210750,5
1210758,4
1210775,5
1210783,5
1210800,5
1210808,5
1210825,5
1210833,5
1210850,5
1210858,5
1210875,5
1210883,5
1210900,5
1210925,5
1210933,5
1210950,5
1210958,5
1210975,5
1210983,5
1211008,5
1211025,5
1211033,5
1211050,4
1211058,5
1211075,5
1211083,5
1211100,5
1211108,5
1211125,5
1211133,5
1211150,5
1211175,5
1211183,5
1211208,5
1211225,5
1211233,5
1211250,5
1211258,5
1211283,5
1211300,5
1211308,5
1211333,5
1211350,4
1211358,3
1211375,5
1211400,5
1211408,5
1211425,5
1211433,5
1211450,5
1211475,5
1211500,5
1211525,1
1211533,1
1211550,4
1211558,5
1211583,5
1211608,5
1211625,5
1211633,5
1211650,3
1211658,4
1211683,5
1211708,5
1211725,5
1211733,5
1211750,4
1211758,4
1211783,5
1211808,5
1211825,5
1211833,5
1211850,5
1211858,5
1211875,5
1211883,5
1211900,5
1211908,5
1211925,5
1211933,1
1211950,1
1211958,1
1211983,5
1212000,5
1212008,5
1212025,5
1212033,5
1212050,4
1212058,5
1212083,5
1212100,4
1212108,1
1212125,4
1212133,1
1212150,5
1212158,1
1212183,5
1212200,4
1212208,1
1212225,4
1212233,1
1212250,4
1212258,4
1212275,5
1212283,5
1212300,5
1212308,1
1212325,4
1212333,1
1212350,4
1212358,5
1212375,5
1212383,5
1212400,5
1212408,5
1212425,5
1212433,1
1212450,5
1212458,1
1212475,5
1212483,1
1212500,5
1212508,1
1212525,5
1212533,1
1212550,5
1212558,5
1212575,5
1212583,5
1212608,5
1212625,4
1212633,5
1212650,4
1212658,5
1212675,5
1212683,5
1212700,5
1212708,5
1212725,5
1212733,5
1212750,4
1212758,5
1212783,5
1212800,5
1212808,5
1212825,5
1212833,3
1212850,3
1212858,5
1212875,5
1212883,5
1212900,5
1212908,1
1212925,5
1212933,1
1212950,5
1212958,1
1212975,5
1212983,1
1213000,5
1213008,1
1213025,5
1213033,1
1213058,5
1213066,5
1213075,5
1213083,5
1213100,5
1213108,4
1213125,5
1213133,4
1213158,5
1213183,5
1213200,5
1213208,5
1213225,5
1213233,5
1213250,5
1213258,1
1213275,5
1213283,5
1213300,4
1213308,1
1213325,5
1213333,4
1213350,5
1213358,1
1213375,5
1213383,1
1213400,5
1213408,1
1213425,5
1213433,1
1213450,5
1213458,1
1213483,1
1213500,5
1213508,1
1213525,5
1213533,1
1213550,5
1213558,1
1213575,5
1213583,5
1213600,5
1213608,5
1213625,5
1213633,5
1213650,5
1213658,5
1213683,5
1213700,5
1213708,5
1213725,5
1213733,5
1213750,5
1213758,5
1213775,5
1213783,5
1213808,5
1213825,5
1213850,5
1213875,5
1213883,5
1213900,5
1213908,5
1213925,5
1213933,5
1213950,5
1213958,5
1213975,5
1213983,5
1214000,5
1214008,5
1214025,5
1214033,5
1214050,5
1214058,5
1214075,5
1214100,5
1214108,5
1214125,5
1214133,5
1214150,5
1214158,5
1214183,5
1214200,5
1214208,5
1214225,5
1214233,5
1214250,5
1214258,5
1214275,5
1214283,5
1214300,5
1214325,5
1214333,5
1214350,5
1214358,5
1214375,5
1214383,5
1214400,5
1214408,5
1214425,5
1214433,5
1214450,4
1214475,5
1214483,5
1214500,5
1214508,5
1214525,5
1214533,5
1214550,5
1214558,5
1214575,5
1214583,5
1214600,5
1214608,5
1214625,5
1214633,5
1214650,5
1214658,5
1214675,5
1214683,5
1214700,5
1214708,5
1214725,5
1214733,5
1214750,5
1214758,5
1214774,5
1214783,5
1214800,5
1214808,5
1214825,4
1214833,5
1214850,5
1214858,5
1214875,5
1214900,5
1214908,5
1214924,5
1214933,5
1214950,4
1214974,5
1215000,5
1215008,5
1215025,5
1215033,5
1215149,5
1215208,5
1215224,5
1215249,5
1215608,5
1215649,5
1215658,4
1215674,5
1215699,5
1215708,5
1215724,5
1215733,5
1215749,4
1215758,4
1215783,5
1215808,5
1215824,5
1215833,5
1215849,4
1215858,5
1215875,5
1215900,5
1215924,5
1215933,5
1215949,5
1215974,5
1215999,5
1216008,5
1216024,5
1216033,4
1216049,5
1216058,5
1216075,5
1216083,5
1216099,5
1216124,5
1216133,5
1216149,5
1216158,5
1216175,5
1216183,5
1216224,5
1216233,5
1216249,5
1216275,5
1216300,5
1216308,5
1216324,5
1216333,4
1216349,5
1216374,5
1216399,5
1216424,5
1216433,5
1216449,5
1216475,5
1216483,5
1216499,5
1216508,5
1216524,5
1216533,5
1216549,5
1216558,5
1216575,5
1216583,5
1216599,5
1216624,5
1216633,5
1216649,5
1216658,5
1216675,5
1216683,5
1216699,5
1216708,5
1216724,5
1216733,5
1216749,5
1216758,5
1216775,5
1216783,5
1216799,5
1216808,5
1216824,5
1216833,5
1216849,5
1216858,5
1216875,5
1216883,5
1216899,5
1216908,5
1216924,5
1216933,5
1216949,5
1216958,5
1216974,5
1216983,5
1217008,5
1217024,5
1217033,5
1217058,5
1217075,5
1217083,5
1217100,5
1217108,5
1217124,5
1217133,5
1217149,5
1217158,5
1217174,5
1217183,5
1217199,5
1217208,5
1217224,5
1217233,5
1217249,5
1217258,5
1217283,5
1217299,5
1217308,5
1217333,5
1217358,5
1217383,5
1217408,5
1217424,5
1217433,5
1217449,5
1217458,5
1217474,5
1217483,5
1217508,5
1217533,5
1217558,5
1217583,5
1217599,5
1217608,5
1217624,5
1217633,5
1217649,5
1217658,5
1217674,5
1217683,5
1217708,5
1217724,5
1217733,5
1217758,5
1217783,5
1217799,5
1217808,5
1217824,5
1217833,5
1217849,5
1217858,5
1217874,5
1217883,5
1217908,5
1217924,5
1217933,5
1217949,5
1217958,5
1217983,5
1217999,5
1218008,5
1218024,5
1218033,5
1218049,5
1218058,5
1218074,5
1218083,5
1218099,5
1218108,5
1218124,5
1218133,5
1218149,5
1218158,5
1218174,5
1218183,5
1218199,5
1218208,5
1218224,5
1218233,5
1218249,5
1218258,5
1218283,5
1218424,2
1218433,2
1218458,2
1218474,1
1218508,5
1218533,5
1218558,5
1218583,5
1218608,5
1218624,5
1218633,5
1218649,5
1218658,5
1218683,5
1218708,5
1218724,5
1218733,5
1218749,5
1218758,5
1218774,5
1218783,5
1218799,5
1218808,5
1218824,5
1218833,5
1218849,5
1218858,5
1218874,5
1218883,5
1218908,5
1218924,5
1218933,5
1218949,5
1218958,5
1218974,5
1218983,5
1218999,5
1219008,5
1219024,5
1219032,5
1219049,5
1219058,5
1219083,5
1219107,5
1219124,5
1219132,5
1219149,5
1219157,5
1219183,5
1219199,4
1219224,5
1219232,5
1219249,5
1219274,5
1219283,5
1219324,5
1219349,5
1219358,5
1219374,5
1219382,5
1219399,5
1219408,5
1219424,5
1219432,5
1219449,5
1219457,5
1219482,5
1219499,5
1219507,5
1219524,5
1219532,3
1219549,5
1219557,5
1219574,4
1219582,5
1219599,4
1219607,5
1219624,5
1219632,5
1219649,5
1219657,5
1219674,5
1219682,5
1219699,5
1219708,5
1219724,5
1219732,5
1219749,5
1219757,5
1219782,5
1219799,5
1219808,5
1219824,5
1219832,5
1219849,5
1219857,5
1219882,5
1219899,5
1219907,5
1219924,5
1219932,5
1219949,5
1219957,5
1219974,5
1219982,5
1219999,5
1220007,5
1220024,5
1220032,5
1220049,5
1220057,5
1220074,5
1220082,5
1220099,5
1220108,5
1220124,5
1220132,5
1220149,5
1220157,5
1220174,4
1220182,5
1220199,4
1220207,5
1220232,5
1220257,5
1220274,5
1220282,5
1220299,5
1220307,5
1220324,5
1220332,5
1220349,5
1220357,5
1220374,5
1220382,5
1220407,5
1220424,5
1220432,5
1220449,5
1220457,5
1220474,5
1220482,5
1220507,5
1220524,5
1220533,5
1220549,5
1220557,5
1220582,5
1220607,5
1220624,5
1220633,5
1220649,5
1220657,5
1220682,5
1220707,5
1220724,5
1220732,5
1220749,5
1220757,5
1220774,4
1220782,4
1220807,5
1220824,5
1220832,5
1220849,5
1220857,5
1220882,5
1220899,5
1220907,5
1221057,5
1221074,5
1221099,5
1221124,5
1221157,0
1221183,0
1221207,5
1221224,5
1221232,0
1221249,0
1221257,4
1221282,0
1221307,0
1221324,5
1221349,5
1221357,4
1221399,4
1221407,5
1221424,5
1221457,0
1221482,0
1221499,5
1221507,5
1221525,5
1221549,5
1221557,4
1221574,4
1221599,4
1221624,5
1221632,5
1221657,5
1221674,5
1221682,4
1221699,4
1221732,5
1221749,5
1221757,5
1221774,5
1221782,5
1221799,5
1221807,5
1221824,5
1221832,5
1221849,5
1221857,5
1221874,5
1221882,5
1221899,5
1221907,5
1221924,5
1221932,5
1221949,5
1221957,5
1221974,5
1221982,5
1221999,5
1222024,5
1222032,5
1222049,5
1222057,5
1222074,5
1222082,5
1222099,5
1222107,5
1222124,5
1222132,5
1222149,5
1222157,5
1222174,5
1222182,5
1222207,5
1222224,5
1222232,5
1222249,5
1222257,5
1222282,5
1222299,4
1222308,5
1222324,5
1222332,5
1222357,5
1222382,5
1222399,5
1222407,5
1222424,5
1222432,5
1222449,5
1222457,5
1222474,5
1222482,5
1222499,5
1222507,5
1222524,5
1222532,5
1222557,5
1222699,5
1222707,5
1222724,5
1222807,5
1222824,5
1222849,5
1223049,2
1223074,1
1223082,5
1223099,5
1223124,5
1223132,0
1223157,0
1223207,0
1223224,5
1223232,0
1223257,0
1223274,0
1223282,0
1223307,0
1223324,4
1223332,0
1223357,0
1223374,0
1223382,0
1223407,5
1223424,5
1223432,5
1223457,5
1223482,5
1223507,5
1223524,5
1223557,5
1223574,5
1223582,5
1223607,5
1223624,5
1223632,0
1223657,0
1223682,0
1223699,5
1223707,5
1223724,5
1223749,5
1223757,5
1223774,5
1223782,5
1223807,5
1223824,5
1223832,5
1223857,5
1223882,5
1223899,5
1223907,5
1223932,5
1223957,5
1223974,4
1223982,5
1223999,4
1224007,5
1224032,5
1224057,5
1224074,5
1224082,5
1224099,5
1224107,5
1224132,5
1224149,5
1224157,5
1224174,5
1224182,5
1224199,5
1224207,5
1224232,5
1224249,5
1224257,5
1224274,5
1224282,5
1224299,5
1224307,5
1224324,5
1224332,5
1224349,5
1224357,5
1224374,5
1224382,5
1224399,5
1224407,5
1224424,5
1224432,5
1224457,5
1224474,5
1224482,5
1224499,5
1224507,5
1224524,5
1224532,5
1224549,5
1224557,5
1224574,5
1224582,5
1224599,5
1224607,5
1224624,5
1224632,5
1224649,5
1224657,5
1224682,5
1224699,5
1224707,5
1224724,5
1224732,5
1224749,5
1224757,5
1224774,5
1224782,5
1224799,5
1224807,5
1224824,5
1224832,5
1224849,5
1224857,5
1224874,5
1224882,5
1224899,5
1224907,5
1224924,5
1224932,5
1224949,5
1224957,5
1224974,5
1224982,5
1224999,5
1225007,5
1225024,5
1225032,5
1225049,5
1225057,5
1225074,5
1225082,5
1225099,5
1225107,5
1225124,5
1225132,5
1225149,5
1225157,5
1225174,5
1225182,5
1225190,5
1225199,5
1225207,5
1225224,4
1225232,5
1225249,5
1225257,5
1225274,5
1225282,5
1225299,5
1225307,5
1225324,3
1225332,5
1225349,5
1225357,5
1225374,5
1225382,5
1225399,5
1225407,5
1225424,3
1225432,5
1225457,5
1225474,5
1225482,5
1225499,5
1225507,5
1225524,5
1225532,5
1225549,5
1225557,5
1225582,5
1225599,5
1225607,5
1225624,5
1225632,5
1225657,5
1225682,5
1225699,5
1225707,5
1225724,5
1225732,5
1225749,5
1225757,5
1225774,5
1225782,5
1225799,5
1225807,5
1225824,5
1225832,5
1225849,5
1225857,4
1225874,3
1225882,5
1225899,2
1225907,5
1225924,5
1225932,3
1225949,5
1225957,2
1225974,4
1225982,5
1225999,4
1226007,5
1226024,4
1226032,5
1226049,5
1226057,2
1226074,2
1226082,5
1226099,5
1226107,5
1226124,5
1226132,4
1226149,5
1226157,4
1226174,4
1226182,5
1226199,4
1226207,5
1226224,5
1226232,5
1226249,5
1226257,4
1226273,4
1226282,5
1226299,4
1226307,5
1226324,5
1226332,5
1226349,5
1226357,5
1226382,5
1226399,5
1226407,5
1226424,5
1226432,5
1226449,5
1226457,5
1226473,5
1226482,5
1226499,5
1226507,5
1226523,5
1226532,5
1226557,5
1226574,5
1226582,5
1226598,5
1226607,5
1226623,5
1226632,5
1226649,5
1226657,5
1226674,5
1226682,5
1226698,5
1226707,5
1226932,5
1226948,5
1226957,5
1226973,5
1227023,5
1227032,3
1227057,5
1227098,5
1227107,5
1227123,5
1227182,5
1227198,5
1227207,5
1227224,5
1227257,5
1227273,5
1227282,5
1227307,5
1227323,5
1227332,5
1227357,5
1227374,5
1227382,5
1227407,5
1227423,4
1227432,4
1227482,5
1227498,5
1227507,5
1227523,5
1227532,5
1227557,5
1227582,5
1227598,5
1227607,5
1227623,5
1227632,5
1227648,5
1227657,5
1227673,5
1227682,5
1227698,5
1227707,5
1227723,5
1227732,5
1227757,5
1227774,4
1227798,5
1227807,5
1227823,5
1227832,5
1227857,5
1227874,5
1227882,1
1227973,5
1228032,3
1228048,1
1228057,5
1228065,5
1228074,5
1228082,5
1228090,5
1228107,5
1228123,0
1228132,5
1228148,5
1228157,5
1228165,0
1228173,0
1228198,0
1228207,5
1228223,5
1228232,5
1228248,5
1228257,5
1228265,0
1228273,0
1228282,5
1228298,0
1228307,5
1228323,5
1228332,5
1228348,5
1228357,5
1228373,5
1228398,5
1228423,5
1228432,5
1228448,5
1228457,5
1228474,5
1228498,5
1228507,5
1228532,5
1228548,5
1228557,5
1228573,5
1228582,5
1228598,5
1228607,5
1228623,4
1228632,5
1228648,5
1228657,5
1228673,5
1228682,5
1228698,5
1228707,5
1228732,5
1228748,5
1228773,5
1228782,5
1228790,5
1228798,5
1228807,5
1228823,0
1228832,5
1228848,5
1228857,5
1228873,5
1228882,5
1228898,5
1228907,5
1228932,5
1228948,5
1228957,5
1228973,5
1228982,5
1228998,5
1229007,5
1229023,5
1229032,5
1229048,5
1229057,5
1229098,5
1229257,5
1229273,5
1229282,5
1229298,5
1229307,5
1229323,5
1229332,5
1229382,5
1229432,5
1229457,5
1229482,5
1229490,5
1229507,5
1229532,5
1229548,5
1229832,5
1229848,5
1229857,5
1229874,5
1229907,5
1229923,5
1229974,5
1229998,5
1230048,5
1230074,5
1230082,5
1230148,5
1230173,5
1230181,5
1230407,5
1230423,5
1230448,5
1230473,5
1230481,5
1230498,5
1230506,5
1230523,5
1230531,5
1230548,5
1230573,5
1230648,5
1230674,5
1230748,5
1230774,5
1230848,5
1230873,5
1230881,5
1230898,5
1230923,5
1230948,5
1230973,5
1230981,5
1230998,5
1231007,5
1231023,5
1231048,5
1231073,5
1231081,5
1231098,5
1231106,5
1231123,5
1231148,5
1231156,5
1231173,5
1231181,5
1231198,5
1231223,5
1231248,5
1231273,5
1231281,5
1231298,5
1231307,5
1231348,5
1231373,5
1231381,5
1231398,5
1231423,5
1231448,5
1231473,5
1231506,5
1231523,5
1231548,5
1231573,5
1231606,5
1231623,5
1231648,1
1231656,5
1231673,4
1231681,4
1231698,4
1231706,4
1231723,4
1231731,4
1231748,4
1231773,4
1231781,4
1231798,4
1231806,4
1231823,4
1231831,4
1231848,4
1231856,4
1231873,3
1231881,4
1231898,4
1231906,4
1231923,4
1231931,4
1231948,4
1231956,4
1231973,4
1231981,4
1231998,4
1232006,4
1232023,4
1232031,4
1232048,4
1232056,5
1232081,2
1232098,2
1232106,2
1232123,2
1232131,5
1232148,2
1232156,5
1232181,2
1232198,2
1232206,2
1232223,2
1232232,5
1232248,1
1232256,1
1232273,1
1232281,1
1232298,5
1232306,5
1232323,5
1232348,5
1232373,5
1232381,5
1232398,5
1232406,5
1232423,4
1232448,5
1232473,5
1232481,5
1232498,5
1232506,5
1232523,5
1232548,5
1232556,5
1232573,5
1232581,5
1232598,5
1232606,5
1232623,5
1232631,5
1232648,5
1232665,5
1232673,5
1232681,5
1232698,5
1232707,5
1232723,5
1232731,5
1232748,5
1232773,5
1232781,5
1232798,5
1232807,5
1232823,5
1232848,5
1232873,5
1232881,5
1233006,4
1233031,5
1233048,5
1233056,5
1233073,5
1233081,5
1233098,5
1233106,5
1233123,4
1233131,5
1233173,5
1233198,5
1233231,5
1233248,5
1233256,5
1233282,5
1233306,5
1233323,5
1233365,0
1233381,5
1233398,5
1233406,5
1233423,5
1233481,5
1233498,4
1233507,5
1233523,4
1233548,5
1233565,5
1233573,5
1233582,5
1233598,2
1233606,5
1233623,5
1233673,5
1233681,5
1233698,4
1233706,5
1233723,4
1233748,5
1233773,5
1233781,5
1233798,4
1233806,5
1233823,4
1233848,5
1233865,5
1233881,5
1233898,2
1233906,5
1233923,5
1233931,5
1233948,5
1233965,5
1233973,5
1233981,5
1233998,5
1234006,5
1234023,4
1234048,5
1234073,5
1234081,5
1234098,4
1234106,5
1234123,4
1234173,5
1234181,5
1234198,4
1234206,5
1234223,4
1234248,5
1234273,5
1234281,5
1234298,5
1234306,5
1234323,4
1234331,5
1234373,5
1234381,5
1234398,4
1234406,5
1234423,4
1234456,5
1234481,5
1234489,5
1234498,5
1234506,5
1234523,5
1234531,5
1234556,5
1234573,5
1234581,5
1234598,5
1234606,5
1234623,5
1234631,5
1234648,5
1234656,5
1234673,5
1234681,5
1234698,5
1234706,5
1234723,5
1234731,5
1234748,1
1234756,5
1234781,5
1234798,5
1234806,5
1234823,5
1234831,5
1234848,5
1234856,5
1234873,5
1234881,5
1234898,5
1234906,5
1234923,5
1234931,5
1234948,5
1234956,5
1234973,5
1234981,5
1234998,5
1235006,5
1235023,5
1235031,5
1235048,5
1235056,5
1235073,5
1235081,5
1235098,5
1235106,5
1235123,5
1235164,0
1235173,5
1235181,5
1235198,5
1235206,5
1235223,5
1235248,5
1235273,5
1235281,5
1235298,5
1235306,5
1235323,4
1235331,5
1235348,5
1235364,5
1235373,5
1235381,5
1235398,5
1235406,5
1235423,4
1235431,5
1235448,5
1235465,5
1235473,5
1235481,5
1235498,5
1235506,5
1235523,4
1235548,1
1235556,5
1235573,1
1235581,5
1235598,4
1235606,5
1235623,4
1235648,1
1235656,5
1235664,0
1235681,0
1235698,4
1235706,5
1235723,5
1235731,5
1235748,5
1235756,5
1235773,1
1235781,5
1235789,5
1235798,4
1235806,5
1235823,5
1235831,5
1235856,5
1235873,5
1235881,5
1235898,5
1235906,5
1235923,4
1235931,5
1235956,5
1235981,5
1235989,5
1235998,5
1236006,5
1236023,5
1236031,1
1236098,2
1236106,2
1236123,2
1236131,1
1236148,1
1236156,5
1236173,5
1236181,5
1236198,5
1236206,5
1236223,5
1236231,5
1236248,5
1236281,5
1236298,5
1236306,5
1236323,5
1236331,5
1236348,5
1236356,5
1236373,5
1236381,5
1236398,5
1236406,5
1236423,5
1236431,5
1236456,5
1236581,2
1236606,5
1236623,1
1236631,5
1236648,5
1236656,5
1236664,5
1236673,5
1236681,5
1236698,5
1236706,5
1236748,5
1236756,5
1236781,5
1236798,5
1236806,5
1236823,5
1236831,5
1236848,5
1236856,5
1236864,5
1236881,5
1236898,4
1236906,5
1236923,5
1236931,5
1236948,5
1236956,5
1236973,5
1236981,5
1236998,5
1237006,5
1237023,5
1237031,5
1237056,5
1237073,5
1237081,5
1237098,5
1237106,5
1237123,4
1237131,5
1237156,5
1237181,5
1237198,5
1237206,5
1237223,4
1237231,5
1237256,5
1237273,5
1237281,5
1237298,5
1237306,5
1237323,4
1237331,5
1237356,5
1237381,5
1237398,5
1237406,5
1237423,4
1237431,5
1237456,5
1237481,5
1237498,5
1237506,5
1237523,4
1237531,5
1237556,5
1237573,5
1237598,5
1237623,5
1237631,5
1237647,5
1237656,5
1237673,5
1237681,5
1237698,5
1237706,5
1237723,4
1237731,5
1237748,5
1237756,5
1237781,5
1237798,5
1237806,5
1237823,4
1237831,5
1237848,5
1237856,5
1237864,5
1237881,5
1237897,4
1237906,5
1237922,5
1237931,5
1237956,5
1237973,5
1237981,5
1237998,4
1238006,5
1238023,4
1238031,5
1238048,5
1238056,4
1238081,5
1238097,4
1238106,5
1238122,4
1238131,5
1238156,5
1238173,5
1238181,5
1238197,5
1238206,5
1238222,5
1238231,5
1238256,5
1238281,5
1238297,5
1238306,5
1238322,5
1238331,5
1238356,5
1238372,5
1238381,5
1238397,5
1238406,5
1238422,5
1238431,5
1238447,5
1238456,5
1238472,5
1238481,5
1238497,5
1238506,5
1238522,5
1238531,5
1238547,5
1238556,5
1238581,5
1238589,5
1238597,5
1238606,5
1238622,5
1238631,5
1238647,5
1238656,5
1238664,5
1238672,5
1238681,5
1238698,5
1238706,5
1238722,5
1238731,5
1238756,5
1238764,5
1238781,5
1238798,4
1238806,5
1238831,5
1238847,5
1238856,5
1238881,5
1238897,5
1238906,5
1238922,4
1238931,5
1238947,5
1238956,5
1238973,5
1238981,5
1239006,5
1239022,5
1239031,5
1239047,5
1239056,5
1239072,5
1239081,5
1239097,5
1239106,5
1239122,5
1239131,5
1239147,5
1239156,5
1239172,5
1239181,5
1239189,5
1239197,5
1239206,5
1239222,5
1239231,5
1239247,5
1239256,5
1239272,5
1239281,5
1239297,5
1239306,5
1239322,5
1239331,5
1239347,5
1239372,5
1239381,5
1239397,5
1239406,5
1239431,5
1239447,5
1239456,5
1239806,5
1239822,5
1239831,5
1239847,5
1239856,5
1239864,5
1239872,5
1239881,5
1239889,5
1239897,5
1239906,5
1239922,5
1239931,5
1239956,5
1239997,5
1240006,5
1240022,5
1240031,5
1240073,5
1240081,5
1240097,5
1240122,5
1240131,5
1240147,5
1240156,5
1240172,5
1240181,5
1240189,5
1240197,5
1240206,5
1240222,5
1240231,5
1240247,5
1240256,5
1240273,5
1240281,5
1240289,5
1240306,5
1240322,5
1240331,5
1240347,5
1240356,5
1240372,5
1240381,5
1240397,5
1240406,5
1240422,5
1240431,5
1240448,5
1240456,5
1240473,5
1240481,5
1240489,5
1240506,5
1240522,5
1240531,5
1240547,5
1240556,5
1240572,5
1240581,5
1240589,5
1240606,5
1240622,5
1240631,5
1240647,5
1240656,5
1240672,5
1240681,5
1240689,5
1240706,5
1240722,5
1240731,5
1240747,5
1240764,5
1240772,5
1240781,5
1240806,5
1240822,5
1240831,5
1240847,5
1240856,5
1240872,5
1240881,5
1240897,5
1240906,5
1241097,2
1241106,5
1241122,5
1241131,5
1241147,5
1241156,5
1241172,5
1241181,5
1241222,5
1241231,5
1241247,5
1241256,5
1241272,5
1241281,5
1241297,5
1241322,5
1241331,5
1241347,5
1241356,5
1241364,5
1241372,5
1241380,5
1241397,0
1241406,5
1241431,5
1241447,5
1241456,5
1241481,5
1241489,5
1241497,0
1241506,5
1241522,5
1241531,5
1241547,5
1241556,5
1241580,5
1241598,5
1241605,5
1241630,5
1241655,5
1241681,5
1241705,5
1241730,5
1241747,5
1241755,5
1241780,5
1241805,5
1241831,5
1241855,5
1241880,5
1241905,5
1241930,5
1241947,5
1241955,5
1241980,5
1241997,5
1242006,5
1242030,5
1242055,5
1242072,5
1242080,5
1242097,5
1242105,5
1242122,5
1242130,5
1242147,5
1242155,5
1242172,5
1242181,5
1242205,5
1242230,5
1242247,5
1242255,5
1242264,5
1242272,5
1242280,5
1242297,5
1242306,5
1242322,5
1242331,5
1242347,5
1242355,5
1242372,5
1242380,1
1242397,5
1242405,5
1242430,5
1242447,5
1242455,5
1242472,5
1242480,5
1242497,5
1242505,5
1242522,5
1242530,1
1242547,5
1242555,5
1242572,5
1242580,5
1242597,5
1242605,5
1242630,5
1242647,5
1242655,5
1242672,1
1242680,1
1242705,1
1242722,5
1242731,5
1242747,5
1242755,5
1242772,5
1242780,5
1242797,5
1242805,5
1242830,5
1242847,5
1242855,5
1242872,5
1242880,5
1242897,5
1242905,5
1242930,5
1242947,5
1242955,5
1242972,5
1242980,5
1242997,5
1243005,5
1243022,5
1243030,5
1243047,5
1243055,5
1243072,5
1243080,5
1243105,5
1243122,5
1243131,5
1243147,5
1243155,5
1243180,5
1243197,5
1243205,5
1243222,5
1243230,5
1243247,5
1243255,5
1243272,5
1243281,5
1243297,5
1243306,5
1243322,5
1243330,5
1243347,5
1243355,5
1243364,5
1243372,5
1243380,5
1243405,5
1243422,5
1243430,5
1243472,5
1243497,5
1243722,5
1243780,2
1243805,5
1243822,5
1243830,5
1243847,5
1243855,5
1243897,5
1243905,5
1243922,5
1243930,5
1243947,5
1243955,5
1243980,5
1243997,4
1244005,5
1244030,5
1244047,5
1244055,5
1244072,5
1244080,1
1244097,5
1244105,5
1244122,5
1244130,5
1244147,5
1244155,5
1244172,5
1244180,5
1244197,5
1244205,5
1244222,5
1244230,5
1244239,5
1244255,5
1244272,4
1244280,5
1244297,5
1244305,5
1244322,5
1244330,5
1244355,5
1244380,5
1244405,5
1244422,5
1244447,5
1244472,5
1244480,5
1244497,4
1244505,5
1244522,5
1244547,5
1244555,5
1244572,5
1244580,5
1244597,4
1244605,5
1244639,5
1244647,5
1244655,0
1244680,0
1244697,4
1244705,5
1244747,5
1244755,5
1244772,5
1244780,5
1244797,5
1244805,5
1244838,0
1244855,0
1244872,5
1244880,5
1244905,5
1244922,5
1244930,5
1244947,5
1244955,5
1244980,5
1245005,5
1245030,5
1245047,5
1245055,5
1245072,5
1245080,5
1245097,5
1245105,5
1245130,5
1245155,5
1245172,5
1245180,5
1245205,5
1245230,5
1245255,5
1245280,5
1245305,5
1245322,5
1245330,5
1245355,5
1245372,5
1245380,5
1245397,5
1245405,5
1245422,5
1245430,5
1245455,5
1245472,5
1245480,5
1245505,5
1245522,5
1245530,5
1245547,5
1245580,5
1245605,5
1245622,5
1245630,5
1245647,5
1245655,5
1245680,5
1245705,5
1245722,5
1245730,5
1245755,5
1245772,5
1245780,5
1245797,5
1245805,5
1245822,5
1245830,5
1245847,5
1245855,5
1245880,5
1245905,5
1245922,5
1245930,5
1245938,5
1245947,5
1245955,5
1245972,5
1245980,5
1245997,5
1246005,5
1246022,5
1246030,5
1246047,5
1246055,5
1246072,5
1246080,5
1246105,5
1246122,5
1246130,5
1246147,5
1246155,5
1246172,5
1246181,5
1246197,5
1246205,5
1246222,5
1246230,5
1246247,5
1246255,5
1246263,5
1246272,5
1246280,5
1246305,5
1246322,5
1246330,5
1246347,5
1246355,5
1246372,5
1246397,5
1246572,5
1246580,2
1246597,5
1246605,5
1246630,5
1246655,5
1246672,5
1246680,5
1246697,5
1246705,5
1246722,5
1246730,5
1246747,5
1246755,5
1246772,5
1246780,5
1246797,5
1246805,5
1246830,5
1246897,5
1246905,5
1246922,5
1246930,5
1246947,5
1246955,5
1246997,4
1247005,5
1247022,5
1247030,5
1247038,0
1247047,5
1247055,0
1247063,0
1247072,5
1247080,0
1247097,5
1247105,0
1247130,5
1247138,0
1247155,0
1247172,5
1247180,0
1247197,4
1247205,5
1247222,5
1247230,5
1247238,0
1247255,0
1247272,0
1247280,0
1247297,5
1247305,5
1247322,5
1247330,5
1247338,0
1247355,0
1247372,5
1247380,0
1247397,5
1247405,5
1247430,5
1247455,5
1247472,5
1247480,5
1247497,5
1247505,5
1247530,5
1247547,5
1247555,5
1247572,5
1247580,5
1247597,5
1247605,5
1247630,5
1247647,5
1247655,3
1247772,2
1247830,5
1247855,5
1247863,0
1247872,0
1247880,0
1247897,5
1247905,0
1247930,5
1247972,5
1247997,5
1248005,5
1248047,5
1248055,5
1248072,5
1248080,5
1248097,5
1248105,5
1248122,5
1248130,5
1248147,5
1248155,5
1248172,5
1248180,5
1248197,5
1248205,5
1248222,5
1248230,5
1248247,5
1248255,5
1248272,5
1248280,5
1248297,5
1248305,5
1248322,5
1248330,5
1248347,5
1248355,5
1248372,5
1248380,5
1248397,5
1248405,5
1248422,5
1248430,5
1248447,5
1248455,5
1248463,0
1248480,0
1248505,0
1248522,5
1248530,5
1248547,5
1248555,5
1248580,5
1248605,5
1248622,5
1248630,5
1248647,5
1248655,5
1248680,5
1248705,5
1248722,5
1248730,5
1248747,5
1248755,5
1248780,5
1248805,5
1248822,5
1248830,5
1248847,5
1248855,5
1248880,5
1248905,5
1248922,5
1248930,5
1248955,5
1248972,5
1248980,5
1249005,5
1249030,5
1249046,5
1249055,5
1249063,5
1249080,5
1249105,5
1249121,5
1249130,5
1249146,5
