3619169,5
3619177,5
3619185,5
3619202,5
3619210,5
3619228,5
3619236,5
3619261,5
3619285,1
3619294,1
3619302,1
3619310,5
3619319,5
3619452,5
3619486,5
3619502,5
3619510,5
3619694,5
3619702,5
3619719,5
3619727,5
3619744,0
3619752,5
3619769,0
3619777,5
3619785,5
3619794,5
3619802,5
3619810,5
3619819,5
3619844,5
3619852,5
3619869,5
3619877,5
3619885,5
3619894,5
3619902,5
3619910,5
3619919,5
3619927,5
3619944,5
3619952,5
3619969,5
3619977,0
3619994,0
3620002,0
3620010,5
3620019,5
3620027,5
3620044,5
3620169,5
3620177,5
3620194,5
3620202,0
3620219,0
3620244,0
3620252,0
3620269,0
3620277,0
3620285,0
3620294,0
3620310,0
3620319,0
3620327,0
3620335,5
3620344,5
3620352,5
3620369,5
3620377,5
3620385,5
3620394,5
3620402,5
3620410,5
3620419,5
3620427,5
3620444,5
3620452,5
3620469,5
3620477,0
3620485,0
3620494,5
3620502,5
3620577,5
3620602,5
3621812,0
3621819,0
3621836,0
3621844,0
3621861,0
3621870,0
3621886,0
3621894,0
3621911,0
3621919,0
3621936,0
3621944,0
3621961,0
3621970,0
3621986,0
3621994,0
3622011,5
3622161,5
3622170,0
3622186,0
3622194,0
3622211,0
3622219,0
3622244,0
3622261,0
3622269,0
3622286,0
3622294,0
3622311,0
3622319,0
3622336,0
3622344,0
3622361,0
3622369,0
3622378,0
3622394,0
3622403,5
3622419,5
3622428,5
3622444,5
3622453,5
3622469,5
3622478,5
3622494,5
3622503,5
3622511,5
3622528,5
3622536,5
3622553,5
3622561,5
3622578,5
3622586,5
3622594,5
3622603,5
3622611,5
3622619,5
3622628,5
3622644,5
3622653,5
3622669,5
3622678,0
3622686,0
3622694,0
3622703,0
3622711,0
3622719,0
3622728,0
3622736,0
3622744,0
3622753,0
3622761,0
3622769,0
3622778,0
3622786,0
3622794,0
3622882,0
3622890,0
3622899,0
3622907,0
3622915,0
3622924,0
3622932,0
3622940,0
3622949,0
3622957,0
3622965,0
3622974,0
3622982,0
3622990,0
3623007,0
3623015,5
3623032,5
3623041,5
3623049,5
3623065,5
3623090,5
3623107,5
3623115,5
3623124,5
3623132,5
3623149,5
3623157,5
3623165,5
3623174,5
3623182,5
3623190,5
3623440,5
3623449,5
3623490,5
3623515,5
3623540,5
3623549,5
3623565,5
3623590,5
3623615,5
3623624,5
3623640,5
3623649,5
3623665,5
3623690,5
3623715,5
3623740,5
3623749,5
3623765,0
3623774,5
3623790,5
3623840,5
3623865,5
3624145,5
3624153,5
3624170,5
3624178,5
3624203,0
3624220,0
3624228,0
3624245,0
3624253,0
3624270,5
3624278,5
3624295,5
3624303,5
3624328,5
3624345,0
3624353,0
3624370,0
3624378,0
3624395,0
3624403,0
3624420,0
3624428,0
3624445,0
3624453,0
3624470,5
3624478,0
3624495,0
3624503,0
3624520,0
3624528,0
3624545,0
3624553,0
3624570,0
3624578,0
3624595,0
3624603,0
3624620,0
3624628,0
3624645,0
3624653,0
3624670,0
3624678,0
3624687,0
3624703,0
3624712,0
3624720,0
3624728,0
3624745,0
3624753,0
3624770,0
3624778,0
3624787,0
3624795,0
3624812,0
3624820,0
3624837,0
3624845,0
3624870,0
3624887,0
3624895,5
3624903,5
3624912,5
3624920,5
3624929,5
3624937,5
3624945,5
3624953,5
3624962,5
3624978,5
3624987,5
3625003,5
3625012,5
3625020,5
3625028,5
3625037,5
3625045,5
3625053,5
3625062,5
3625070,0
3625078,0
3625087,5
3625103,5
3625112,5
3625120,5
3625128,5
3625216,5
3625224,5
3625241,5
3625249,5
3625258,5
3625266,5
3625274,5
3625283,1
3625291,1
3625316,1
3625358,5
3625366,5
3625374,5
3625383,5
3625391,5
3625399,5
3625416,5
3625424,5
3625441,5
3625449,5
3625474,5
3625483,5
3625499,5
3625508,5
3625524,5
3625541,5
3625549,5
3625566,5
3625574,5
3625591,5
3625599,5
3625616,5
3625624,5
3625641,5
3625649,5
3625666,5
3625674,5
3625791,1
3625799,5
3625816,5
3625824,5
3625841,5
3625849,5
3625924,5
3626016,0
3626024,0
3626041,0
3626049,0
3626066,5
3626074,5
3626091,5
3626116,5
3626124,5
3626141,5
3626149,5
3626166,5
3626174,5
3626191,5
3626199,5
3626216,5
3626224,5
3626241,0
3626249,0
3626266,0
3626274,0
3626291,0
3626299,0
3626316,0
3626324,0
3626341,0
3626349,5
3626366,0
3626374,0
3626391,0
3626416,0
3626424,0
3626441,0
3626449,0
3626466,0
3626474,0
3626491,5
3626499,5
3626516,5
3626524,5
3626541,0
3626549,0
3626566,0
3626574,0
3626591,0
3626599,0
3626616,0
3626624,5
3626641,0
3626649,0
3626666,0
3626674,0
3626691,0
3626699,0
3626716,0
3626724,0
3626741,0
3626749,0
3626766,0
3626774,5
3626791,0
3626816,0
3626824,0
3626841,0
3626849,0
3626866,0
3626874,0
3626891,0
3626899,5
3626916,5
3626924,5
3626941,0
3626949,0
3626966,0
3626974,0
3626991,0
3626999,0
3627016,0
3627024,5
3627041,0
3627049,0
3627066,0
3627149,5
3627166,5
3627224,5
3627249,5
3627349,5
3627441,5
3627566,5
3627574,5
3627599,5
3627624,5
3627649,5
3627674,5
3627699,5
3627724,5
3627749,5
3627774,0
3627799,0
3627824,0
3627849,0
3627874,0
3627924,0
3627949,0
3628299,5
3635489,0
3635497,0
3635514,0
3635522,0
3635539,0
3635547,0
3635564,0
3635572,0
3635589,0
3635597,0
3635614,0
3635622,0
3635647,0
3635672,1
3635689,1
3635697,1
3635722,1
3635739,1
3635747,1
3635772,5
3635797,5
3635814,5
3635822,1
3635839,1
3635847,1
3635872,1
3635889,1
3635897,5
3635914,1
3635922,2
3635939,1
3635947,1
3635972,1
3636022,1
3636038,1
3636047,2
3636097,5
3636122,1
3636147,1
3636164,5
3636189,5
3636197,1
3636214,1
3636222,1
3636247,1
3636264,1
3636272,1
3636289,1
3636297,5
3636314,5
3636322,1
3636347,1
3636364,1
3636485,1
3636493,1
3636518,1
3636543,5
3636568,5
3636585,5
3636593,1
3636635,1
3636660,1
3636668,1
3636685,1
3636693,1
3636710,1
3636718,1
3636735,2
3636743,1
3636760,1
3636768,2
3636785,2
3636793,2
3636818,3
3636843,1
3636868,2
3636885,2
3636893,2
3636943,2
3636960,2
3636968,2
3636985,2
3636993,2
3637010,1
3637018,2
3637035,3
3637043,1
3637059,1
3637068,1
3637084,1
3637093,3
3637109,3
3637118,2
3637134,2
3637193,2
3637209,1
3637235,2
3637243,2
3637259,2
3637268,2
3637285,2
3637293,2
3637318,3
3637335,3
3637343,1
3637359,2
3637384,2
3637393,2
3637409,2
3637418,2
3637435,5
3637443,5
3637459,1
