4036286,0
4036311,0
4036319,0
4036336,0
4036361,0
4036386,0
4036411,0
4036436,0
4036461,0
4036486,0
4036527,0
4036536,0
4036602,0
4036611,0
4036627,0
4036636,0
4036653,0
4036677,0
4036686,0
4036702,0
4036711,0
4036727,0
4036753,0
4036777,0
4036786,0
4036802,0
4036811,0
4036827,0
4036852,0
4036877,0
4036886,0
4036902,0
4036911,0
4036927,0
4036952,0
4037049,0
4037057,0
4037073,0
4037082,0
4037098,0
4037107,0
4037123,0
4037148,0
4037157,0
4037173,0
4037182,0
4037348,0
4037357,0
4037373,0
4037382,0
4037398,0
4037407,0
4037423,0
4037448,0
4037457,0
4037473,0
4037482,0
4037498,0
4037507,0
4037523,0
4037548,0
4037557,0
4037574,0
4037582,0
4037598,5
4037607,5
4037615,3
4037623,0
4037648,0
4037657,0
4037673,0
4037682,0
4037698,5
4037707,5
4037723,0
4037748,0
4037757,0
4037773,0
4037782,0
4037798,0
4037807,0
4037823,0
4037832,0
4037848,0
4037857,0
4037873,0
4037882,0
4037890,0
4037898,0
4037907,0
4037923,0
4037932,0
4037948,0
4037957,0
4037973,0
4037982,0
4037998,0
4038007,0
4038015,0
4038023,0
4038032,0
4038040,0
4038048,0
4038057,0
4038065,0
4038073,0
4038082,0
4038090,0
4038098,0
4038107,0
4038115,0
4038123,0
4038132,0
4038140,0
4038148,0
4038157,0
4038165,5
4038173,5
4038182,5
4038190,5
4038198,5
4038207,5
4038223,5
4038232,5
4038240,2
4038248,2
4038257,2
4038273,2
4038282,2
4038290,5
4038298,5
4038307,5
4038315,5
4038323,2
4038332,1
4038340,1
4038348,1
4038357,1
4038365,2
4038373,2
4038382,2
4038390,5
4038398,5
4038407,0
4038415,0
4038423,0
4038432,0
4038440,0
4038448,0
4038457,0
4038465,0
4038473,0
4038482,0
4038490,0
4038498,0
4038507,0
4038515,4
4038648,5
4038665,0
4038673,0
4038682,0
4038690,0
4038698,0
4038707,0
4038715,0
4038723,0
4038732,0
4038740,0
4038748,0
4038757,0
4038765,0
4038773,0
4038782,0
4038790,0
4038798,0
4038807,0
4038815,0
4038823,0
4038832,0
4038840,0
4038848,0
4038857,0
4038865,0
4038873,0
4038882,0
4038890,0
4038898,0
4038907,0
4038915,0
4038923,0
4038932,0
4038940,0
4038948,0
4038957,0
4038965,0
4038973,0
4038982,0
4038990,0
4038998,0
4039007,0
4039015,0
4039023,0
4039032,0
4039040,0
4039048,0
4039057,0
4039065,0
4039073,0
4039082,0
4039090,0
4039098,0
4039107,0
4039115,0
4039123,0
4039132,0
4039140,0
4039148,0
4039157,0
4039165,0
4039173,0
4039182,0
4039190,0
4039198,0
4039207,0
4039215,0
4039223,0
4039232,0
4039240,0
4039248,0
4039257,0
4039265,0
4039273,0
4039282,0
4039290,0
4039298,0
4039307,0
4039315,0
4039323,0
4039332,0
4039340,0
4039348,0
4039357,0
4039365,0
4039373,0
4039382,0
4039390,0
4039398,0
4039407,4
4039423,0
4039432,0
4039440,0
4039448,0
4039457,0
4039465,0
4039473,0
4039482,0
4039490,0
4039498,0
4039507,0
4039515,0
4039523,0
4039532,0
4039540,0
4039548,0
4039557,0
4039565,0
4039573,0
4039582,0
4039590,0
4039598,0
4039607,0
4039615,0
4039623,0
4039632,0
4039640,0
4039648,0
4039656,0
4039665,0
4039673,0
4039682,0
4039690,0
4039698,0
4039707,0
4039715,0
4039723,0
4039732,0
4039740,0
4039748,0
4039756,0
4039765,0
4039773,0
4039782,0
4039790,0
4039798,0
4039807,0
4039815,0
4039823,0
4039831,0
4039840,0
4039848,0
4039857,0
4039865,0
4039873,0
4039882,0
4039890,0
4039898,0
4039907,0
4039915,0
4039923,0
4039932,0
4039940,0
4039948,0
4039956,0
4039965,0
4039974,0
4039982,0
4039990,0
4039998,0
4040006,0
4040015,0
4040023,0
4040031,0
4040040,0
4040048,0
4040057,0
4040065,0
4040073,0
4040082,0
4040090,0
4040098,0
4040106,0
4040115,0
4040123,0
4040131,0
4040140,0
4040148,0
4040156,0
4040165,0
4040173,0
4040182,0
4040190,0
4040198,0
4040206,0
4040215,0
4040223,0
4040231,0
4040240,0
4040248,0
4040256,0
4040265,0
4040273,0
4040282,0
4040290,0
4040298,0
4040306,0
4040315,0
4040323,0
4040332,0
4040340,0
4040348,0
4040356,0
4040365,0
4040373,0
4040381,0
4040390,0
4040398,0
4040406,0
4040415,0
4040423,0
4040431,0
4040440,0
4040448,0
4040457,0
4040465,0
4040473,0
4040481,0
4040490,0
4040498,0
4040506,0
4040515,0
4040523,0
4040531,0
4040540,0
4040548,0
4040556,0
4040565,0
4040573,0
4040581,0
4040590,0
4040598,0
4040606,0
4040615,0
4040623,0
4040631,0
4040640,0
4040648,0
4040656,0
4040665,0
4040673,0
4040682,0
4040690,0
4040698,0
4040706,0
4040715,0
4040723,0
4040731,0
4040740,0
4040748,0
4040757,0
4040765,0
4040773,0
4040782,0
4040790,0
4040798,0
4040806,0
4040815,0
4040823,0
4040831,0
4040840,0
4040848,0
4040856,0
4040865,0
4040873,0
4040881,0
4040890,0
4040898,0
4040906,0
4040915,0
4040923,0
4040931,0
4040940,0
4040948,0
4040956,0
4040965,0
4040973,0
4040981,0
4040990,0
4040998,0
4041006,0
4041015,0
4041023,0
4041031,0
4041040,0
4041048,0
4041056,0
4041065,0
4041073,0
4041082,0
4041090,0
4041098,0
4041106,0
4041115,0
4041123,0
4041131,0
4041140,0
4041148,0
4041156,0
4041165,0
4041173,0
4041182,0
4041190,0
4041198,0
4041206,0
4041215,0
4041223,0
4041231,0
4041240,0
4041248,0
4041256,0
4041265,0
4041273,0
4041281,0
4041290,0
4041298,0
4041306,0
4041315,0
4041323,0
4041331,5
4041340,5
4041348,0
4041356,0
4041365,0
4041373,0
4041381,0
4041390,0
4041398,0
4041406,0
4041415,0
4041423,0
4041431,0
4041440,0
4041448,0
4041456,0
4041465,0
4041473,0
4041481,0
4041490,0
4041498,0
4041506,0
4041515,0
4041523,0
4041531,0
4041540,0
4041548,0
4041556,0
4041565,0
4041573,0
4041581,0
4041590,0
4041598,0
4041606,0
4041615,0
4041623,0
4041631,1
4041640,1
4041648,0
4041656,0
4041665,0
4041673,0
4041682,0
4041690,0
4041698,0
4041706,4
4041723,0
4041731,0
4041740,0
4041756,0
4041765,0
4041773,0
4041781,0
4041790,0
4041806,0
4041815,0
4041823,0
4042015,0
4042023,0
4042031,0
4042040,0
4042048,0
4042056,0
4042065,0
4042073,0
4042081,0
4042090,0
4042098,0
4042106,4
4042123,0
4042131,0
4042140,0
4042148,0
4042156,0
4042165,0
4042173,0
4042181,0
4042190,0
4042198,0
4042206,4
4042223,0
4042231,0
4042240,0
4042248,0
4042256,0
4042265,0
4042273,0
4042281,0
4042290,0
4042298,0
4042306,4
4042323,0
4042331,0
4042340,0
4042348,0
4042356,0
4042365,0
4042373,0
4042381,0
4042390,0
4042398,0
4042406,4
4042423,0
4042431,0
4042440,0
4042448,0
4042465,0
4042473,4
4042482,0
4042490,0
4042498,0
4042506,0
4042515,0
4042523,0
4042531,0
4042540,0
4042548,0
4042556,0
4042565,0
4042573,0
4042582,0
4042590,0
4042598,0
4042606,0
4042615,0
4042623,0
4042631,0
4042640,0
4042648,0
4042656,0
4042665,0
4042673,0
4042681,0
4042690,0
4042698,0
4042706,4
4042723,0
4042731,0
4042740,0
4042756,0
4042765,0
4042773,0
4042781,0
4042790,0
4042798,0
4042806,4
4042823,0
4042831,0
4042840,0
4042848,0
4042856,0
4042865,0
4042873,0
4042881,0
4042890,0
4042898,0
4042906,4
4042923,0
4042931,0
4042940,0
4042948,0
4042956,0
4042965,0
4042973,0
4042981,0
4042990,0
4042998,0
4043006,4
4043023,0
4043031,0
4043040,0
4043048,0
4043056,0
4043065,0
4043073,0
4043081,0
4043090,0
4043098,0
4043106,0
4043115,0
4043123,0
4043131,0
4043140,0
4043148,0
4043156,0
4043165,0
4043173,0
4043181,0
4043190,0
4043206,4
4043223,0
4043231,0
4043240,0
4043256,0
4043265,0
4043273,0
4043281,0
4043290,0
4043298,0
4043306,0
4043315,0
4043323,0
4043331,0
4043340,0
4043348,0
4043356,0
4043365,0
4043373,0
4043381,0
4043390,0
4043398,0
4043406,4
4043423,0
4043431,0
4043440,0
4043448,0
4043456,0
4043465,0
4043473,0
4043481,0
4043490,0
4043498,0
4043506,4
4043523,0
4043531,0
4043540,0
4043548,0
4043556,0
4043564,0
4043573,0
4043581,0
4043590,0
4043598,0
4043606,4
4043623,0
4043631,0
4043640,0
4043648,0
4043656,0
4043665,0
4043673,0
4043681,0
4043689,0
4043698,0
4043706,4
4043723,0
4043731,0
4043740,0
4043748,0
4043756,0
4043764,0
4043773,0
4043781,0
4043789,0
4043798,0
4043806,0
4043815,0
4043823,0
4043831,0
4043839,0
4043848,0
4043856,0
4043865,0
4043873,0
4043881,0
4043889,0
4043898,0
4043906,4
4043923,0
4043931,0
4043939,0
4043948,0
4043956,0
4043964,0
4043973,0
4043981,0
4043989,0
4043998,0
4044006,4
4044023,0
4044031,0
4044039,0
4044048,0
4044056,0
4044064,0
4044073,0
4044081,0
4044090,0
4044098,0
4044106,4
4044123,0
4044131,0
4044139,0
4044148,0
4044156,0
4044164,0
4044173,0
4044181,0
4044189,0
4044198,0
4044206,4
4044223,0
4044231,0
4044239,0
4044256,0
4044264,0
4044273,0
4044281,0
4044290,0
4044298,0
4044306,4
4044323,0
4044331,0
4044339,0
4044348,0
4044356,0
4044364,0
4044373,0
4044381,0
4044389,0
4044398,0
4044406,0
4044415,0
4044423,0
4044431,0
4044439,0
4044448,0
4044456,0
4044464,0
4044473,0
4044481,0
4044489,0
4044498,0
4044506,0
4044514,0
4044523,0
4044531,0
4044539,0
4044548,0
4044556,0
4044564,0
4044573,0
4044581,0
4044589,0
4044598,0
4044606,0
4044614,0
4044623,0
4044631,0
4044639,0
4044648,0
4044656,0
4044664,0
4044673,0
4044681,0
4044689,0
4044698,0
4044706,0
4044715,0
4044723,0
4044731,0
4044739,0
4044748,0
4044756,0
4044764,0
4044773,0
4044781,0
4044789,0
4044798,0
4044806,4
4044823,0
4044831,0
4044839,0
4044848,0
4044856,0
4044864,0
4044873,0
4044881,0
4044889,0
4044898,0
4044906,4
4044923,0
4044931,0
4044939,0
4044948,0
4044956,0
4044964,0
4044973,0
4044981,0
4044989,0
4044998,0
4045006,4
4045023,0
4045031,0
4045039,0
4045048,0
4045056,0
4045064,0
4045073,5
4045081,5
4045089,5
4045098,5
4045106,4
4045123,5
4045131,5
4045139,5
4045148,5
4045156,5
4045164,5
4045173,5
4045181,5
4045189,5
4045206,4
4045223,5
4045231,5
4045240,5
4045248,5
4045256,5
4045264,5
4045273,5
4045281,5
4045289,5
4045298,5
4045306,4
4045323,5
4045331,5
4045339,5
4045348,5
4045356,5
4045364,5
4045373,5
4045381,5
4045389,0
4045398,0
4045406,4
4045423,0
4045431,0
4045439,5
4045448,5
4045456,5
4045464,5
4045473,5
4045481,5
4045489,5
4045498,5
4045506,4
4045523,5
4045531,5
4045539,1
4045548,1
4045556,5
4045564,5
4045573,5
4045581,5
4045589,5
4045598,5
4045606,4
4045623,5
4045631,5
4045639,0
4045648,0
4045656,0
4045664,0
4045673,0
4045681,0
4045689,0
4045698,0
4045706,4
4045723,0
4045731,0
4045740,0
4045748,0
4045756,0
4045764,0
4045773,0
4045781,0
4045789,0
4045798,0
4045806,4
4045823,0
4045831,0
4045839,0
4045848,0
4045856,0
4045864,0
4045873,0
4045881,0
4045889,0
4045898,0
4045906,4
4045923,0
4045931,0
4045939,0
4045948,0
4045956,0
4045964,0
4045973,0
4045981,0
4045989,0
4045998,0
4046006,4
4046023,0
4046031,0
4046039,0
4046048,0
4046056,0
4046064,0
4046073,0
4046081,0
4046089,0
4046098,0
4046106,4
4046123,0
4046131,0
4046140,0
4046148,0
4046156,0
4046164,0
4046173,0
4046181,0
4046189,0
4046198,0
4046206,4
4046223,0
4046231,0
4046239,0
4046248,0
4046256,0
4046264,0
4046273,0
4046281,0
4046289,0
4046298,0
4046306,4
4046323,0
4046331,0
4046339,0
4046348,0
4046356,0
4046364,0
4046373,0
4046381,0
4046389,0
4046398,0
4046406,4
4046423,0
4046431,0
4046439,0
4046448,0
4046456,0
4046464,0
4046473,0
4046481,0
4046489,0
4046498,0
4046506,4
4046523,0
4046531,0
4046539,0
4046548,0
4046556,0
4046564,0
4046573,0
4046581,0
4046589,0
4046598,0
4046606,4
4046623,0
4046631,0
4046639,0
4046648,0
4046656,0
4046664,0
4046673,0
4046681,0
4046689,0
4046698,0
4046706,4
4046723,0
4046731,0
4046739,0
4046748,0
4046756,0
4046764,0
4046773,0
4046781,0
4046789,0
4046798,0
4046806,4
4046823,0
4046831,0
4046839,0
4046848,0
4046856,0
4046864,0
4046873,0
4046881,0
4046889,0
4046898,0
4046906,4
4046923,0
4046931,0
4046939,0
4046948,0
4046956,0
4046964,0
4046973,0
4046981,0
4046989,0
4046998,0
4047006,0
4047014,0
4047022,0
4047031,0
4047039,0
4047048,0
4047056,0
4047064,0
4047073,0
4047081,0
4047089,0
4047098,0
4047106,4
4047123,0
4047131,0
4047139,0
4047148,0
4047156,0
4047164,0
4047173,0
4047181,0
4047189,0
4047198,0
4047206,4
4047223,0
4047231,0
4047239,0
4047248,0
4047256,0
4047264,0
4047273,0
4047281,0
4047289,0
4047306,4
4047323,0
4047331,0
4047339,0
4047356,0
4047364,0
4047373,0
4047381,0
4047389,0
4047398,0
4047406,4
4047423,0
4047431,0
4047439,0
4047447,0
4047456,0
4047464,0
4047473,0
4047481,0
4047489,0
4047498,0
4047506,4
4047522,0
4047531,0
4047539,0
4047547,0
4047556,0
4047564,0
4047572,0
4047581,0
4047589,0
4047597,0
4047606,4
4047622,0
4047631,0
4047639,0
4047647,0
4047656,0
4047664,0
4047673,0
4047681,0
4047689,0
4047697,0
4047706,4
4047722,0
4047731,0
4047739,0
4047747,0
4047756,0
4047764,0
4047772,0
4047781,0
4047789,0
4047797,0
4047806,4
4047822,0
4047831,0
4047839,0
4047847,0
4047856,0
4047864,0
4047872,0
4047881,0
4047889,0
4047897,0
4047906,3
4047922,0
4047931,0
4047939,0
4047947,0
4047956,0
4047964,0
4047972,0
4047981,0
4047989,0
4047997,0
4048006,0
4048014,0
4048131,0
4048147,0
4048156,0
4048164,0
4048172,0
4048181,0
4048189,0
4048197,0
4048206,0
4048214,0
4048222,0
4048231,0
4048239,0
4048247,0
4048256,0
4048264,0
4048272,0
4048281,0
4048289,0
4048297,0
4048306,0
4048314,0
4048322,0
4048331,0
4048339,0
4048347,0
4048356,0
4048364,0
4048372,0
4048381,0
4048389,0
4048397,0
4048406,4
4048422,0
4048431,0
4048439,0
4048447,0
4048456,0
4048464,0
4048472,0
4048481,0
4048489,0
4048497,0
4048506,4
4048522,0
4048531,0
4048539,0
4048547,0
4048556,0
4048564,0
4048572,0
4048581,0
4048589,0
4048597,0
4048606,4
4048622,0
4048631,0
4048639,0
4048647,0
4048656,0
4048664,0
4048672,0
4048681,0
4048689,0
4048697,0
4048706,4
4048722,0
4048731,0
4048739,0
4048747,0
4048756,0
4048764,0
4048772,0
4048781,0
4048789,0
4048797,0
4048806,4
4048822,0
4048831,0
4048839,0
4048847,0
4048856,0
4048864,0
4048872,0
4048881,0
4048889,0
4048897,0
4048906,4
4048922,0
4048931,0
4048939,0
4048947,0
4048956,0
4048964,0
4048972,0
4048981,0
4048989,0
4048997,0
4049006,0
4049014,0
4049022,0
4049031,0
4049039,0
4049047,0
4049056,0
4049064,0
4049072,0
4049081,0
4049089,0
4049097,0
4049106,0
4049114,0
4049122,0
4049131,0
4049139,0
4049147,0
4049156,0
4049164,0
4049172,0
4049181,0
4049189,0
4049197,0
4049206,0
4049214,0
4049222,0
4049231,0
4049239,0
4049247,0
4049256,0
4049264,0
4049272,0
4049281,0
4049289,0
4049306,4
4049322,0
4049331,0
4049339,0
4049356,0
4049364,0
4049372,0
4049381,0
4049389,0
4049397,0
4049406,4
4049422,0
4049431,0
4049439,0
4049447,0
4049456,0
4049464,0
4049472,0
4049481,0
4049489,0
4049506,4
4049522,0
4049531,0
4049539,0
4049556,0
4049564,0
4049572,0
4049581,0
4049589,0
4049597,0
4049606,4
4049622,0
4049631,0
4049639,0
4049647,0
4049656,0
4049664,0
4049672,0
4049681,0
4049689,0
4049697,0
4049706,4
4049722,0
4049731,0
4049739,0
4049747,0
4049756,0
4049764,0
4049772,0
4049781,0
4049956,0
4049964,0
4049972,0
4049981,0
4049989,0
4049997,0
4050006,0
4050014,0
4050022,0
4050031,0
4050039,0
4050047,0
4050056,0
4050064,0
4050072,0
4050081,0
4050089,0
4050097,0
4050106,4
4050122,0
4050131,0
4050139,0
4050147,0
4050156,0
4050164,0
4050172,0
4050181,0
4050189,0
4050197,0
4050206,4
4050222,0
4050231,0
4050239,0
4050247,0
4050256,0
4050264,0
4050272,0
4050281,0
4050289,0
4050306,4
4050322,0
4050331,0
4050339,0
4050356,0
4050364,0
4050372,0
4050381,0
4050389,0
4050397,0
4050406,4
4050422,0
4050431,0
4050439,0
4050447,0
4050456,0
4050464,0
4050473,0
4050481,0
4050489,0
4050497,0
4050506,4
4050522,0
4050531,0
4050539,0
4050547,0
4050556,0
4050564,0
4050572,0
4050581,0
4050589,0
4050597,0
4050606,0
4050614,0
4050622,0
4050631,0
4050639,0
4050647,0
4050656,0
4050664,0
4050672,0
4050681,0
4050689,0
4050697,0
4050706,0
4050714,0
4050722,0
4050731,0
4050739,0
4050747,0
4050756,0
4050764,0
4050772,0
4050781,0
4050789,0
4050797,0
4050806,0
4050814,0
4050822,0
4050831,0
4050839,0
4050847,0
4050856,0
4050864,0
4050872,0
4050881,0
4050889,0
4050897,0
4050906,0
4050914,0
4050922,0
4050931,0
4050939,0
4050947,0
4050956,0
4050964,0
4050972,0
4050981,0
4050989,0
4050997,0
4051006,4
4051022,0
4051181,0
4051197,0
4051206,0
4051214,0
4051222,0
4051231,0
4051239,0
4051247,0
4051256,0
4051264,0
4051272,0
4051281,0
4051289,0
4051297,0
4051306,4
4051322,0
4051331,5
4051339,5
4051347,5
4051355,5
4051364,5
4051372,5
4051381,1
4051389,1
4051397,1
4051405,1
4051414,1
4051422,1
4051430,1
4051439,1
4051447,1
4051455,1
4051464,1
4051472,1
4051481,1
4051489,1
4051497,1
4051505,1
4051514,1
4051522,1
4051530,1
4051539,1
4051547,1
4051555,1
4051564,1
4051572,1
4051580,1
4051589,1
4051597,1
4051605,4
4051622,1
4051630,1
4051639,1
4051647,1
4051655,1
4051664,1
4051672,1
4051680,1
4051689,1
4051697,1
4051706,4
4051714,1
4051722,1
4051730,1
4051739,1
4051747,1
4051755,1
4051764,1
4051772,1
4051780,1
4051789,1
4051797,5
4051805,5
4051814,5
4051822,1
4051830,1
4051839,1
4051847,1
4051855,1
4051864,1
4052055,0
4052064,0
4052072,0
4052080,0
4052089,0
4052097,0
4052105,0
4052114,0
4052122,0
4052130,0
4052139,0
4052147,0
4052155,0
4052164,0
4052172,0
4052180,0
4052189,0
4052197,0
4052205,0
4052214,0
4052222,0
4052230,0
4052239,0
4052247,0
4052255,0
4052264,0
4052272,0
4052280,0
4052289,0
4052297,0
4052305,4
4052322,0
4052330,0
4052339,0
4052347,0
4052355,0
4052364,0
4052372,0
4052380,0
4052389,0
4052397,0
4052405,0
4052414,0
4052422,0
4052431,0
4052439,0
4052447,0
4052455,0
4052464,0
4052630,0
4052639,0
4052647,0
4052655,0
4052664,0
4052672,0
4052680,0
4052689,0
4052697,0
4052705,0
4052714,0
4052722,0
4052730,0
4052739,0
4052747,0
4052755,0
4052764,0
4052772,0
4052780,0
4052789,0
4052797,0
4052805,0
4052814,0
4052822,0
4052830,0
4052839,0
4052847,0
4052855,0
4052864,0
4052872,0
4052880,0
4052889,0
4052897,0
4052906,0
4052914,0
4052922,0
4052930,0
4052939,0
4052947,0
4052955,0
4052964,0
4052972,0
4052980,0
4052989,0
4052997,0
4053005,0
4053014,0
4053022,0
4053030,0
4053039,0
4053047,0
4053055,0
4053064,0
4053072,0
4053080,0
4053089,0
4053097,0
4053105,4
4053122,0
4053130,0
4053139,0
4053147,0
4053155,0
4053164,0
4053172,0
4053180,0
4053189,0
4053197,0
4053205,4
4053222,0
4053230,0
4053239,0
4053247,0
4053255,0
4053264,0
4053272,0
4053281,0
4053289,0
4053297,0
4053305,4
4053322,0
4053330,0
4053339,0
4053347,0
4053355,0
4053364,0
4053372,0
4053380,0
4053389,0
4053397,0
4053405,4
4053422,0
4053430,0
4053439,0
4053447,0
4053455,0
4053464,0
4053472,0
4053480,0
4053489,0
4053497,0
4053505,0
4053514,0
4053522,0
4053530,0
4053539,0
4053547,0
4053555,0
4053564,0
4053572,0
4053580,0
4053589,0
4053597,0
4053605,0
4053614,0
4053622,0
4053630,0
4053639,0
4053647,0
4053655,0
4053664,0
4053672,0
4053680,0
4053689,0
4053697,0
4053705,0
4053714,0
4053722,0
4053730,0
4053739,0
4053747,0
4053755,0
4053764,0
4053772,0
4053780,0
4053789,0
4053797,0
4053805,4
4053822,0
4053830,0
4053839,0
4053855,0
4053864,0
4053872,0
4053880,0
4053889,0
4053897,0
4053905,5
4053914,0
4053922,0
4053930,0
4053939,0
4053947,0
4053955,0
4053964,0
4053972,0
4053980,0
4053989,0
4054005,4
4054022,0
4054030,0
4054039,0
4054047,0
4054055,0
4054064,0
4054072,0
4054080,0
4054089,0
4054097,0
4054105,5
4054114,0
4054122,0
4054130,0
4054139,0
4054147,0
4054155,0
4054164,0
4054172,0
4054180,0
4054189,0
4054197,0
4054205,0
4054214,0
4054222,0
4054230,0
4054239,0
4054247,0
4054255,0
4054264,0
4054272,0
4054280,0
4054289,0
4054297,0
4054305,0
4054314,0
4054322,0
4054330,0
4054339,0
4054347,0
4054355,0
4054364,0
4054372,0
4054381,0
4054389,0
4054397,0
4054405,0
4054414,0
4054422,0
4054430,0
4054439,0
4054447,0
4054455,0
4054464,0
4054472,0
4054480,0
4054489,0
4054497,0
4054505,0
4054514,0
4054522,0
4054530,0
4054539,0
4054547,0
4054555,0
4054564,0
4054572,0
4054580,0
4054589,0
4054597,0
4054605,0
4054614,0
4054622,0
4054630,0
4054639,0
4054647,0
4054655,0
4054664,0
4054672,0
4054680,0
4054689,0
4054697,0
4054705,0
4054714,0
4054722,0
4054730,0
4054739,0
4054747,0
4054755,0
4054763,0
4054772,0
4054780,0
4054788,0
4054797,0
4054805,0
4054814,0
4054822,0
4054830,0
4054838,0
4054847,0
4054855,0
4054864,0
4054872,0
4054880,0
4054889,0
4054897,0
4054905,0
4054913,0
4054922,0
4054930,0
4054939,0
4054947,0
4054955,0
4054964,0
4054972,0
4054980,0
4054988,0
4054997,0
4055005,0
4055014,0
4055022,0
4055030,0
4055038,0
4055047,0
4055055,0
4055064,0
4055263,0
4055280,0
4055288,0
4055297,0
4055305,0
4055313,0
4055322,0
4055330,0
4055338,0
4055347,0
4055355,0
4055363,0
4055372,0
4055380,0
4055388,0
4055397,0
4055405,0
4055413,0
4055422,0
4055430,0
4055438,0
4055447,0
4055455,0
4055463,0
4055472,0
4055480,0
4055489,0
4055497,0
4055505,0
4055513,0
4055522,0
4055530,0
4055538,0
4055547,0
4055555,0
4055563,0
4055572,0
4055580,0
4055588,0
4055597,0
4055605,0
4055613,0
4055622,0
4055630,0
4055639,0
4055647,0
4055655,0
4055663,0
4055672,0
4055680,0
4055688,0
4055697,0
4055705,0
4055713,0
4055722,0
4055730,0
4055738,0
4055747,0
4055755,0
4055763,0
4055772,0
4055780,0
4055788,0
4055797,0
4055805,0
4055813,0
4055822,0
4055830,0
4055838,0
4055847,0
4055855,0
4055863,0
4055872,0
4055880,0
4055888,0
4055897,0
4055905,0
4055914,0
4055922,0
4055930,0
4055938,0
4055947,0
4055955,0
4055963,0
4055972,0
4055980,0
4055988,0
4055997,0
4056005,0
4056013,0
4056022,0
4056030,0
4056038,0
4056047,0
4056055,0
4056063,0
4056072,0
4056080,0
4056088,0
4056097,0
4056105,0
4056114,0
4056122,0
4056130,0
4056138,0
4056147,0
4056155,0
4056163,0
4056172,0
4056180,0
4056188,0
4056197,0
4056205,0
4056213,0
4056222,0
4056230,0
4056238,0
4056247,0
4056255,0
4056263,0
4056272,0
4056280,0
4056288,0
4056297,0
4056305,0
4056313,0
4056322,0
4056330,0
4056338,0
4056347,0
4056355,0
4056363,0
4056372,0
4056380,0
4056388,0
4056397,0
4056405,0
4056413,0
4056422,0
4056430,0
4056438,0
4056447,0
4056455,0
4056463,0
4056472,0
4056480,0
4056488,0
4056497,0
4056505,0
4056513,0
4056522,0
4056530,0
4056538,0
4056547,0
4056555,0
4056563,0
4056572,0
4056580,0
4056588,0
4056597,0
4056605,0
4056613,0
4056622,0
4056630,0
4056638,0
4056647,0
4056655,0
4056663,0
4056672,0
4056680,0
4056688,0
4056697,0
4056705,0
4056713,0
4056722,0
4056872,0
4056880,0
4056888,0
4056897,0
4056905,0
4056913,0
4056922,0
4056930,0
4056938,0
4056947,0
4056955,0
4056963,0
4056972,0
4056980,0
4056988,0
4056997,0
4057005,0
4057013,0
4057022,0
4057030,0
4057038,0
4057047,0
4057055,0
4057063,0
4057072,0
4057080,0
4057088,0
4057097,0
4057105,0
4057113,0
4057122,0
4057130,0
4057138,0
4057147,0
4057155,0
4057163,0
4057172,0
4057180,0
4057188,0
4057197,0
4057205,0
4057213,0
4057222,0
4057230,0
4057238,0
4057247,0
4057255,0
4057263,0
4057272,0
4057280,0
4057288,0
4057297,0
4057305,0
4057313,0
4057322,0
4057330,0
4057338,0
4057347,0
4057355,0
4057363,0
4057372,0
4057380,0
4057388,0
4057397,0
4057405,0
4057413,0
4057422,0
4057430,0
4057438,0
4057447,0
4057455,0
4057463,0
4057472,0
4057480,0
4057489,0
4057497,0
4057505,0
4057513,0
4057522,0
4057530,0
4057538,0
4057547,0
4057555,0
4057563,0
4057572,0
4057580,0
4057588,0
4057597,0
4057605,0
4057613,0
4057622,0
4057630,0
4057638,0
4057647,0
4057655,0
4057663,0
4057672,0
4057680,0
4057855,0
4057880,0
4057888,0
4057897,0
4057905,0
4057913,0
4057922,0
4057930,0
4057938,0
4057947,0
4057955,0
4057963,0
4057972,0
4057980,0
4057988,0
4057997,0
4058005,0
4058013,0
4058022,0
4058030,0
4058038,0
4058047,0
4058055,0
4058063,0
4058072,0
4058080,0
4058088,0
4058097,0
4058105,0
4058113,0
4058122,0
4058130,0
4058138,0
4058147,0
4058155,0
4058163,0
4058172,0
4058180,0
4058188,0
4058197,0
4058205,0
4058213,0
4058222,0
4058230,0
4058238,0
4058247,0
4058255,0
4058263,0
4058272,0
4058280,0
4058288,0
4058297,0
4058305,0
4058313,0
4058322,0
4058330,0
4058338,0
4058347,0
4058355,0
4058363,0
4058372,0
4058380,0
4058388,0
4058397,0
4058405,0
4058413,0
4058422,0
4058430,0
4058438,0
4058447,0
4058455,0
4058463,0
4058472,0
4058480,0
4058488,0
4058497,0
4058505,0
4058513,0
4058522,0
4058530,0
4058538,0
4058546,0
4058555,0
4058563,0
4058572,0
4058580,0
4058588,0
4058597,0
4058605,0
4058613,0
4058622,0
4058630,0
4058638,0
4058647,0
4058655,0
4058663,0
4058672,0
4058680,0
4058688,0
4058697,0
4058705,0
4058713,0
4058722,0
4058730,0
4058738,0
4058746,0
4058755,0
4058763,0
4058772,0
4058780,0
4058788,0
4058797,0
4058805,0
4058813,0
4058821,0
4058830,0
4058838,0
4058846,0
4058855,0
4058863,0
4058872,0
4058880,0
4058888,0
4058896,0
4058905,0
4058913,0
4058922,0
4058930,0
4058938,0
4058946,0
4058955,0
4058963,0
4058972,0
4058980,4
4058996,0
4059005,0
4059013,0
4059021,0
4059030,0
4059038,0
4059221,0
4059230,0
4059238,0
4059246,0
4059255,0
4059263,0
4059271,0
4059280,0
4059288,0
4059296,0
4059305,0
4059313,0
4059321,0
4059330,0
4059338,0
4059346,0
4059355,0
4059363,0
4059371,0
4059380,0
4059388,0
4059396,0
4059405,0
4059413,0
4059422,0
4059430,0
4059438,0
4059446,0
4059455,0
4059463,0
4059480,0
4059488,0
4059496,0
4059505,0
4059513,0
4059521,0
4059530,0
4059538,0
4059546,0
4059555,0
4059563,0
4059571,0
4059580,4
4059596,0
4059605,0
4059613,0
4059621,0
4059630,0
4059638,0
4059646,0
4059655,0
4059663,0
4059672,0
4059680,0
4059688,0
4059696,0
4059705,0
4059713,0
4059721,0
4059730,0
4059738,0
4059746,0
4059755,0
4059763,0
4059771,0
4059780,4
4059796,0
4059805,0
4059813,0
4059821,0
4059830,0
4059838,0
4059846,0
4059855,0
4059863,0
4059880,0
4059888,0
4059896,0
4059905,0
4059913,0
4059930,0
4059938,0
4059946,0
4059955,0
4059963,0
4059971,0
4059980,0
4059988,0
4059996,0
4060005,0
4060013,0
4060021,0
4060030,0
4060038,0
4060046,0
4060055,0
4060063,0
4060071,0
4060080,4
4060096,0
4060105,0
4060113,0
4060121,0
4060130,0
4060138,0
4060146,0
4060155,0
4060163,0
4060171,0
4060180,4
4060196,0
4060205,0
4060213,0
4060221,0
4060230,0
4060238,0
4060246,0
4060255,0
4060263,0
4060271,0
4060280,4
4060296,0
4060305,0
4060313,0
4060321,0
4060330,0
4060338,0
4060346,0
4060355,0
4060363,0
4060380,4
4060396,0
4060405,0
4060413,0
4060596,0
4060605,0
4060613,0
4060621,0
4060630,0
4060638,0
4060646,0
4060655,0
4060663,0
4060671,0
4060680,0
4060688,0
4060696,0
4060705,0
4060713,0
4060721,0
4060730,0
4060738,0
4060746,0
4060755,0
4060763,0
4060771,0
4060780,0
4060788,0
4060796,0
4060805,0
4060813,0
4060821,0
4060830,0
4060838,0
4060846,0
4060855,0
4060863,0
4060871,0
4060880,0
4060888,0
4060896,0
4060905,0
4060913,0
4060921,0
4060930,0
4060938,0
4060946,0
4060955,0
4060963,0
4060971,0
4060980,0
4060988,0
4060996,0
4061005,0
4061013,0
4061021,0
4061030,0
4061038,0
4061046,0
4061055,0
4061063,0
4061071,0
4061080,0
4061088,0
4061096,0
4061105,0
4061113,0
4061121,0
4061130,0
4061138,0
4061146,0
4061155,0
4061163,0
4061171,0
4061180,0
4061188,0
4061196,0
4061205,0
4061213,0
4061221,0
4061230,0
4061238,0
4061246,0
4061255,0
4061263,0
4061280,4
4061296,0
4061305,0
4061313,0
4061330,0
4061338,0
4061346,0
4061355,0
4061363,0
4061371,0
4061380,4
4061396,0
4061405,0
4061413,0
4061421,0
4061430,0
4061438,0
4061446,0
4061455,0
4061463,0
4061471,0
4061480,0
4061488,0
4061496,0
4061505,0
4061513,0
4061521,0
4061530,0
4061538,0
4061546,0
4061555,0
4061563,0
4061571,0
4061580,0
4061588,0
4061596,0
4061605,0
4061613,0
4061621,0
4061630,0
4061638,0
4061646,0
4061655,0
4061663,0
4061671,0
4061680,0
4061688,0
4061696,0
4061705,0
4061713,0
4061721,0
4061730,0
4061738,0
4061746,0
4061755,0
4061763,0
4061771,0
4061780,4
4061796,0
4061805,0
4061813,0
4061821,0
4061830,0
4061838,0
4061846,0
4061855,0
4061863,0
4061871,0
4061880,4
4061896,0
4061905,0
4061913,0
4061921,0
4061930,0
4061938,0
4061946,0
4061955,0
4061963,0
4061971,0
4061980,0
4061988,0
4061996,0
4062005,0
4062013,0
4062021,0
4062029,0
4062038,0
4062046,0
4062055,0
4062063,0
4062071,0
4062080,0
4062088,0
4062096,0
4062105,0
4062113,0
4062121,0
4062130,0
4062138,0
4062146,0
4062155,0
4062163,0
4062171,0
4062180,4
4062196,0
4062205,0
4062213,0
4062221,0
4062229,0
4062238,0
4062246,0
4062255,0
4062263,0
4062271,0
4062280,4
4062296,0
4062305,0
4062313,0
4062321,0
4062330,0
4062338,0
4062346,0
4062354,0
4062363,0
4062371,0
4062380,4
4062396,0
4062405,0
4062413,0
4062421,0
4062429,0
4062438,0
4062446,0
4062455,0
4062463,0
4062471,0
4062480,4
4062496,0
4062505,0
4062513,0
4062521,0
4062529,0
4062538,0
4062546,0
4062555,0
4062563,0
4062571,0
4062579,0
4062588,0
4062596,0
4062605,0
4062613,0
4062621,0
4062629,0
4062638,0
4062646,0
4062654,0
4062663,0
4062671,0
4062679,0
4062688,0
4062696,0
4062704,0
4062713,0
4062721,0
4062729,0
4062738,0
4062746,0
4062754,0
4062763,0
4062771,0
4062780,0
4062788,0
4062796,0
4062805,0
4062813,0
4062821,0
4062829,0
4062838,0
4062846,0
4062854,0
4062863,0
4062871,0
4062880,0
4062888,0
4062896,0
4062904,0
4062913,0
4062921,0
4062929,0
4062938,0
4062946,0
4062954,0
4062963,0
4062971,0
4062979,4
4062996,0
4063004,0
4063013,0
4063021,0
4063029,0
4063038,0
4063046,0
4063054,0
4063063,0
4063071,0
4063080,0
4063088,0
4063096,0
4063104,0
4063113,0
4063121,0
4063130,0
4063138,0
4063146,0
4063154,0
4063163,0
4063171,0
4063180,0
4063188,0
4063196,0
4063204,0
4063213,0
4063221,0
4063229,0
4063396,0
4063404,0
4063413,0
4063429,0
4063438,0
4063446,0
4063454,0
4063463,0
4063471,0
4063479,3
4063496,0
4063504,0
4063513,0
4063521,0
4063529,0
4063538,0
4063546,0
4063554,0
4063563,0
4063571,0
4063579,4
4063596,0
4063604,0
4063613,0
4063621,0
4063629,0
4063638,0
4063646,0
4063654,0
4063663,0
4063671,0
4063679,4
4063696,0
4063704,0
4063713,0
4063721,0
4063730,0
4063738,0
4063746,0
4063754,0
4063763,0
4063771,0
4063779,0
4063788,0
4063796,0
4063804,0
4063813,0
4063821,0
4063830,0
4063838,0
4063846,0
4063854,0
4063863,0
4063871,0
4063879,4
4063896,0
4063904,0
4063913,0
4063921,0
4063930,0
4063938,0
4063946,0
4063954,0
4063963,0
4063971,0
4063979,4
4063996,0
4064004,0
4064013,0
4064021,0
4064030,0
4064038,0
4064046,0
4064054,0
4064063,0
4064071,0
4064079,4
4064096,0
4064104,0
4064113,0
4064121,0
4064130,0
4064138,0
4064146,0
4064154,0
4064163,0
4064171,0
4064179,0
4064188,0
4064196,0
4064204,0
4064213,0
4064221,0
4064230,0
4064238,0
4064246,0
4064254,0
4064263,0
4064271,0
4064279,0
4064288,0
4064296,0
4064304,0
4064313,0
4064321,0
4064329,0
4064338,0
4064346,0
4064354,0
4064363,0
4064371,0
4064380,4
4064396,0
4064404,0
4064413,0
4064421,0
4064429,0
4064438,0
4064446,0
4064454,0
4064463,0
4064471,0
4064479,0
4064488,0
4064496,0
4064504,0
4064513,0
4064521,0
4064529,0
4064538,0
4064546,0
4064554,0
4064563,0
4064571,0
4064579,4
4064596,0
4064604,0
4064613,0
4064621,0
4064629,0
4064638,0
4064646,0
4064654,0
4064663,0
4064671,0
4064679,0
4064688,0
4064696,0
4064704,0
4064713,0
4064721,0
4064729,0
4064738,0
4064746,0
4064754,0
4064763,0
4064771,0
4064779,0
4064788,0
4064796,0
4064804,0
4064813,0
4064821,0
4064829,0
4064838,0
4064846,0
4064854,0
4064863,0
4064871,0
4064879,0
4064888,0
4064896,0
4064904,0
4064913,0
4064921,0
4064929,0
4064938,0
4064946,0
4064954,0
4064963,0
4064971,0
4064979,4
4064996,0
4065004,0
4065013,0
4065021,0
4065029,0
4065038,0
4065046,0
4065054,0
4065063,0
4065071,0
4065079,4
4065096,0
4065104,0
4065113,0
4065121,0
4065129,0
4065138,0
4065146,0
4065154,0
4065163,0
4065171,0
4065179,4
4065196,0
4065204,0
4065213,0
4065221,0
4065229,0
4065238,0
4065246,0
4065254,0
4065263,0
4065271,0
4065279,4
4065296,0
4065304,0
4065313,0
4065321,0
4065329,0
4065338,0
4065346,0
4065354,0
4065363,0
4065371,0
4065379,4
4065396,0
4065404,0
4065413,0
4065421,0
4065429,0
4065438,0
4065446,0
4065454,0
4065463,0
4065471,0
4065479,4
4065496,0
4065504,0
4065513,0
4065521,0
4065529,0
4065538,0
4065546,0
4065554,0
4065563,0
4065571,0
4065579,4
4065596,0
4065604,0
4065613,0
4065621,0
4065629,0
4065638,0
4065771,0
4065779,0
4065788,0
4065796,0
4065804,0
4065813,0
4065821,0
4065829,0
4065838,0
4065846,0
4065854,0
4065863,0
4065871,0
4065879,0
4065888,0
4065896,0
4065904,0
4065912,0
4065921,0
4065929,0
4065938,0
4065946,0
4065954,0
4065962,0
4065971,0
4065979,0
4065988,0
4065996,0
4066004,0
4066013,0
4066021,0
4066029,0
4066038,0
4066046,0
4066054,0
4066063,0
4066071,0
4066079,0
4066088,0
4066096,0
4066104,0
4066112,0
4066121,0
4066129,0
4066138,0
4066146,0
4066154,0
4066162,0
4066171,0
4066179,0
4066188,0
4066196,0
4066204,0
4066213,0
4066221,0
4066229,0
4066238,0
4066246,0
4066254,0
4066263,0
4066271,0
4066279,0
4066288,0
4066296,0
4066304,0
4066313,0
4066321,0
4066329,0
4066338,0
4066346,0
4066354,0
4066362,0
4066371,0
4066379,0
4066387,0
4066396,0
4066404,0
4066412,0
4066421,0
4066429,0
4066437,0
4066446,0
4066454,0
4066462,0
4066471,0
4066479,4
4066496,0
4066504,0
4066512,0
4066521,0
4066529,0
4066537,0
4066546,0
4066554,0
4066563,0
4066571,0
4066579,0
4066587,0
4066596,0
4066604,0
4066612,0
4066621,0
4066629,0
4066637,0
4066646,0
4066654,0
4066829,0
4066846,0
4066854,0
4066871,0
4066879,0
4066896,0
4066904,0
4066921,0
4066929,0
4066946,0
4066954,0
4066971,0
4066979,4
4066996,0
4067004,0
4067021,0
4067029,0
4067046,0
4067054,0
4067071,0
4067079,4
4067096,0
4067104,0
4067121,0
4067129,0
4067146,0
4067154,0
4067171,0
4067179,4
4067196,0
4067204,0
4067221,0
4067229,0
4067246,0
4067254,0
4067271,0
4067279,4
4067296,0
4067304,0
4067321,0
4067329,0
4067346,0
4067354,0
4067371,0
4067379,4
4067396,0
4067404,0
4067421,0
4067429,0
4067446,0
4067454,0
4067471,0
4067479,4
4067496,0
4067504,0
4067521,0
4067529,0
4067546,0
4067554,0
4067571,0
4067579,4
4067596,0
4067604,0
4067621,0
4067629,0
4067646,0
4067654,0
4067671,0
4067679,4
4067696,0
4067704,0
4067721,0
4067729,0
4067746,0
4067754,0
4067771,0
4067779,0
4067796,0
4067804,0
4067821,0
4067829,0
4067846,0
4067854,0
4067871,0
4067879,4
4067896,0
4067904,0
4067921,0
4067929,0
4067946,0
4067954,0
4067971,0
4067979,4
4067996,0
4068004,0
4068021,0
4068029,0
4068046,0
4068054,0
4068071,0
4068079,4
4068096,0
4068104,0
4068112,3
4068229,0
4068237,0
4068254,0
4068262,0
4068271,0
4068279,0
4068287,0
4068296,0
4068304,0
4068312,0
4068321,0
4068329,0
4068337,0
4068346,0
4068354,0
4068362,0
4068371,0
4068379,4
4068396,0
4068404,0
4068412,0
4068421,0
4068429,0
4068437,0
4068446,0
4068454,0
4068462,0
4068471,0
4068479,5
4068487,0
4068496,0
4068504,0
4068512,0
4068521,0
4068529,0
4068537,0
4068546,0
4068554,0
4068562,0
4068571,0
4068579,0
4068587,0
4068596,0
4068604,0
4068612,0
4068621,0
4068629,0
4068637,0
4068646,0
4068654,0
4068662,0
4068671,0
4068679,4
4068696,0
4068704,0
4068712,0
4068721,0
4068729,0
4068737,0
4068746,0
4068754,0
4068762,0
4068771,0
4068779,0
4068787,0
4068796,0
4068804,0
4068812,0
4068821,0
4068829,0
4068837,0
4068846,0
4068854,0
4068862,0
4068871,0
4068879,0
4068887,0
4068896,0
4068904,0
4068912,0
4068921,0
4068929,0
4068937,0
4068946,0
4068954,0
4068962,0
4068971,0
4068979,0
4068987,0
4068996,0
4069004,0
4069012,0
4069021,0
4069029,0
4069037,0
4069046,0
4069054,0
4069062,0
4069071,0
4069079,0
4069087,0
4069096,0
4069104,0
4069112,0
4069121,0
4069129,0
4069137,0
4069146,0
4069154,0
4069162,0
4069171,0
4069179,0
4069187,0
4069196,0
4069204,0
4069212,0
4069221,0
4069229,0
4069237,0
4069246,0
4069254,0
4069262,0
4069271,0
4069279,5
4069287,0
4069296,0
4069304,0
4069312,0
4069321,0
4069329,0
4069337,0
4069346,0
4069354,0
4069362,0
4069371,0
4069379,0
4069387,0
4069396,0
4069404,0
4069412,0
4069421,0
4069429,0
4069437,0
4069446,0
4069454,0
4069462,0
4069471,0
4069479,0
4069487,0
4069496,0
4069504,0
4069512,0
4069521,0
4069529,0
4069537,0
4069546,0
4069554,0
4069562,0
4069571,0
4069579,5
4069587,0
4069596,0
4069604,0
4069612,0
4069621,0
4069629,0
4069637,0
4069646,0
4069654,0
4069662,0
4069671,0
4069679,0
4069687,0
4069696,0
4069704,0
4069712,0
4069721,0
4069729,0
4069737,0
4069746,0
4069754,0
4069762,0
4069771,0
4069779,0
4069787,0
4069796,0
4069804,0
4069812,0
4069821,0
4069829,0
4069837,0
4069846,0
4069854,0
4069862,0
4069871,0
4069879,0
4069887,0
4069896,0
4069904,0
4069912,0
4069921,0
4069929,0
4069937,0
4069945,0
4069954,0
4069962,0
4069971,0
4069979,0
4069987,0
4069995,0
4070004,0
4070012,0
4070021,0
4070029,0
4070037,0
4070046,0
4070054,0
4070062,0
4070070,0
4070079,0
4070087,0
4070095,0
4070104,0
4070112,0
4070120,0
4070129,0
4070137,0
4070146,0
4070154,0
4070162,0
4070170,0
4070179,0
4070187,0
4070196,0
4070204,0
4070212,0
4070220,0
4070229,0
4070237,0
4070245,0
4070254,0
4070262,0
4070271,0
4070279,0
4070287,0
4070296,0
4070304,0
4070312,0
4070320,0
4070329,0
4070337,0
4070346,0
4070354,0
4070362,0
4070370,0
4070379,0
4070387,0
4070395,0
4070404,0
4070412,0
4070420,0
4070429,0
4070437,0
4070446,0
4070454,0
4070462,0
4070470,0
4070479,0
4070487,0
4070495,0
4070504,0
4070512,0
4070520,0
4070529,0
4070537,0
4070545,0
4070554,0
4070562,0
4070570,0
4070579,5
4070587,0
4070595,0
4070604,0
4070612,0
4070620,0
4070629,0
4070637,0
4070646,0
4070654,0
4070662,0
4070670,0
4070679,0
4070687,0
4070695,0
4070870,0
4070887,0
4070895,0
4070904,0
4070912,0
4070920,0
4070929,0
4070937,0
4070945,0
4070954,0
4070962,0
4070970,0
4070979,0
4070987,0
4070995,0
4071004,0
4071012,0
4071020,0
4071029,0
4071037,0
4071045,0
4071054,0
4071062,0
4071070,0
4071079,0
4071087,0
4071095,0
4071104,0
4071112,0
4071120,0
4071129,0
4071137,0
4071146,0
4071154,0
4071162,0
4071170,0
4071179,0
4071187,0
4071195,0
4071204,0
4071212,0
4071220,0
4071229,0
4071237,0
4071245,0
4071254,0
4071262,0
4071270,0
4071279,0
4071287,0
4071295,0
4071304,0
4071312,0
4071320,0
4071329,0
4071337,0
4071345,0
4071354,0
4071362,0
4071370,0
4071379,0
4071387,0
4071395,0
4071404,0
4071412,0
4071420,0
4071429,0
4071437,0
4071445,0
4071454,0
4071462,0
4071470,0
4071479,0
4071487,0
4071495,0
4071504,0
4071512,0
4071520,0
4071529,0
4071537,0
4071545,0
4071554,0
4071562,0
4071570,0
4071579,0
4071587,0
4071595,0
4071604,0
4071612,0
4071620,0
4071629,0
4071637,0
4071645,0
4071654,0
4071662,0
4071670,0
4071679,0
4071687,0
4071695,0
4071704,0
4071712,0
4071720,0
4071729,0
4071737,0
4071745,0
4071754,0
4071762,0
4071770,0
4071779,0
4071787,0
4071795,0
4071804,0
4071812,0
4071820,0
4071829,0
4071837,0
4072245,0
4072254,0
4072270,0
4072295,0
4072445,0
4072454,0
4072470,0
4072545,0
4072554,0
4072570,0
4072645,0
4072654,0
4072670,0
4072695,0
4072804,0
4072829,0
4072837,0
4072845,0
4072854,0
4072862,0
4072870,0
4072879,0
4072887,0
4072895,0
4072904,0
4072912,0
4072920,0
4072929,0
4072937,0
4072945,0
4072954,0
4072962,0
4072970,0
4072979,0
4072987,0
4072995,0
4073004,0
4073012,0
4073020,0
4073029,0
4073037,0
4073045,0
4073054,0
4073062,0
4073070,0
4073079,0
4073087,0
4073095,0
4073104,0
4073112,0
4073120,0
4073129,0
4073137,0
4073145,0
4073154,0
4073162,0
4073170,0
4073179,0
4073187,0
4073195,0
4073204,0
4073212,0
4073220,0
4073229,0
4073237,0
4073245,0
4073254,0
4073262,0
4073270,0
4073279,0
4073287,0
4073295,0
4073304,0
4073312,0
4073320,0
4073329,0
4073337,0
4073345,0
4073353,0
4073362,0
4073370,0
4073379,0
4073387,0
4073395,0
4073404,0
4073412,0
4073420,0
4073429,0
4073437,0
4073445,0
4073454,0
4073462,0
4073470,0
4073479,0
4073487,0
4073495,0
4073504,0
4073512,0
4073520,0
4073529,0
4073537,0
4073695,0
4073704,0
4073712,0
4074145,0
4074170,4
4074178,4
4075575,2
4075600,2
4075608,5
4075616,5
4075625,5
4075633,5
4075641,5
4075650,5
4075658,5
4075666,5
4075675,0
4075683,0
4075691,0
4075700,0
4075708,0
4075716,0
4075725,0
4075733,0
4075741,0
4075750,2
4075766,0
4075775,0
4075783,0
4075791,0
4075800,0
4075808,0
4075816,0
4075825,0
4075833,0
4075850,0
4075866,0
4075875,0
4075883,0
4075900,0
4075908,0
4075916,0
4075924,0
4075933,0
4075950,0
4075966,0
4075975,0
4075983,0
4076000,0
4076008,0
4076016,0
4076024,0
4076033,0
4076050,0
4076066,0
4076074,0
4076083,0
4076100,0
4076108,0
4076116,0
4076124,0
4076133,5
4076141,5
4076149,5
4076158,5
4076166,5
4076174,5
4076183,5
4076191,5
4076199,5
4076208,5
4076216,5
4076224,5
4076233,5
4076241,5
4076249,5
4076258,5
4076266,5
4076274,5
4076283,5
4076291,5
4076299,5
4076308,5
4076316,5
4076324,5
4076333,5
4076341,5
4076349,5
4076358,5
4076366,5
4076374,2
4076383,5
4076391,5
4076399,5
4076408,5
4076416,5
4076424,5
4076433,5
4076449,5
4076458,2
4076466,2
4076474,2
4076483,5
4076499,5
4076508,5
4076516,5
4076524,5
4076533,5
4076549,5
4076558,5
4076566,5
4076575,5
4076583,5
4076599,5
4076608,5
4076616,5
4076624,5
4076633,5
4076641,5
4076649,5
4076658,2
4076824,2
4076833,2
4076841,5
4076850,4
4076858,2
4076866,5
4076874,5
4076883,5
4076891,5
4076899,5
4076908,5
4076916,5
4076924,5
4076933,5
4076941,5
4076949,5
4076958,5
4076966,5
4076974,5
4076983,5
4076991,5
4076999,5
4077008,5
4077016,5
4077024,5
4077033,5
4077041,5
4077049,5
4077058,5
4077066,5
4077074,5
4077083,5
4077091,2
4077099,2
4077108,2
4077116,2
4077124,2
4077133,2
4077141,2
4077149,5
4077158,5
4077166,5
4077174,5
4077183,5
4077191,5
4077199,5
4077208,5
4077216,5
4077224,5
4077233,5
4077241,5
4077249,5
4077258,5
4077266,5
4077274,5
4077283,5
4077291,5
4077299,5
4077308,2
4077316,2
4077324,2
4077333,2
4077341,2
4077349,2
4077358,5
4077366,5
4077374,5
4077383,5
4077391,5
4077399,5
4077408,5
4077416,5
4077424,5
4077433,5
4077441,5
4077449,5
4077458,5
4077466,5
4077474,5
4077483,5
4077491,5
4077499,5
4077508,5
4077516,5
4077524,5
4077533,5
4077541,5
4077549,5
4077558,5
4077566,5
4077574,5
4077583,5
4077591,5
4077599,5
4077608,5
4077616,5
4077624,5
4077633,5
4077641,5
4077649,5
4077658,5
4077666,5
4077674,5
4077683,5
4077691,5
4077866,5
4077874,5
4077883,5
4077891,0
4077899,0
4077908,0
4077916,0
4077924,0
4077933,0
4077941,0
4077949,0
4077958,0
4077966,0
4077974,0
4077983,0
4077991,0
4077999,0
4078008,0
4078016,0
4078024,0
4078033,0
4078041,0
4078049,5
4078058,5
4078066,5
4078074,5
4078083,5
4078091,1
4078099,1
4078108,1
4078116,6
4078124,6
4078133,6
4078141,6
4078149,6
4078158,6
4078166,5
4078174,5
4078183,5
4078191,5
4078199,5
4078208,5
4078216,5
4078224,5
4078233,5
4078241,5
4078249,5
4078258,5
4078266,5
4078274,5
4078283,5
4078291,5
4078299,5
4078308,5
4078316,5
4078324,5
4078333,5
4078341,5
4078349,5
4078358,5
4078366,5
4078374,5
4078383,5
4078391,5
4078399,5
4078408,5
4078416,5
4078424,5
4078433,5
4078441,5
4078449,1
4078458,1
4078466,1
4078474,1
4078483,1
4078491,1
4078499,1
4078508,1
4078516,1
4078524,1
4078533,1
4078541,1
4078549,1
4078558,1
4078566,1
4078574,1
4078583,1
4078591,1
4078599,1
4078608,1
4078616,1
4078624,1
4078633,1
4078641,1
4078649,1
4078658,1
4078666,1
4078674,1
4078683,1
4078691,5
4078699,5
4078708,5
4078716,5
4078724,5
4078733,5
4078741,5
4078749,5
4078758,5
4078766,1
4078774,1
4078783,1
4078791,1
4078799,1
4078808,1
4078816,1
4078824,1
4078833,1
4078841,1
4078849,1
4078858,1
4078866,1
4078874,1
4078883,1
4078891,1
4078900,1
4078908,1
4078916,1
4078924,1
4078933,5
4078941,5
4078949,4
4078958,0
4078966,0
4078974,0
4078983,0
4078991,0
4078999,0
4079008,0
4079016,0
4079024,0
4079033,0
4079041,0
4079049,1
4079058,0
4079066,0
4079074,0
4079083,0
4079091,0
4079100,0
4079108,0
4079116,0
4079124,0
4079133,0
4079141,0
4079149,2
4079158,0
4079166,0
4079174,0
4079183,0
4079191,0
4079199,0
4079208,0
4079216,0
4079224,0
4079233,0
4079241,0
4079249,0
4079258,0
4079266,0
4079274,0
4079283,0
4079291,0
4079299,0
4079308,0
4079316,0
4079324,0
4079332,0
4079341,0
4079349,0
4079358,0
4079366,0
4079374,0
4079383,0
4079391,0
4079399,0
4079408,0
4079416,0
4079424,0
4079433,0
4079441,0
4079449,4
4079466,0
4079474,0
4079483,0
4079491,0
4079499,0
4079507,0
4079516,0
4079524,0
4079532,0
4079541,0
4079549,4
4079566,0
4079574,0
4079583,0
4079591,0
4079599,0
4079608,0
4079616,0
4079624,0
4079633,0
4079649,4
4079666,0
4079674,0
4079683,0
4079691,0
4079699,0
4079708,0
4079716,0
4079724,0
4079732,0
4079741,0
4079749,0
4079758,0
4079766,0
4079774,0
4079782,0
4079791,0
4079799,0
4079808,0
4079816,0
4079824,0
4079833,0
4079841,0
4079849,0
4079858,0
4079866,0
4079874,0
4079882,0
4079891,0
4079899,0
4079907,0
4079916,0
4079924,0
4079932,0
4079941,0
4079949,0
4080124,0
4080133,0
4080141,0
4080149,0
4080158,0
4080166,0
4080174,0
4080182,0
4080191,0
4080199,0
4080207,0
4080216,0
4080224,0
4080232,0
4080241,0
4080249,5
4080257,0
4080266,0
4080274,0
4080282,0
4080291,0
4080299,0
4080307,0
4080316,0
4080324,0
4080332,0
4080341,0
4080349,0
4080357,0
4080366,0
4080374,0
4080382,0
4080391,0
4080399,0
4080407,0
4080416,0
4080424,0
4080432,0
4080441,0
4080449,0
4080457,0
4080466,0
4080474,0
4080482,0
4080491,0
4080499,0
4080507,0
4080516,0
4080524,0
4080532,0
4080541,0
4080549,0
4080557,0
4080566,0
4080574,0
4080582,0
4080591,0
4080600,0
4080607,0
4080616,0
4080624,0
4080632,0
4080641,0
4080649,4
4080666,0
4080674,0
4080682,5
4080691,5
4080699,5
4080707,5
4080716,5
4080724,5
4080732,5
4080741,6
4080749,6
4080757,6
4080774,6
4080782,6
4080791,6
4080799,6
4080807,6
4080816,6
4080824,6
4080832,6
4080841,6
4080849,6
4080857,6
4080874,6
4080882,6
4080899,6
4080907,6
4080924,6
4080932,5
4080949,5
4080957,5
4080974,5
4080982,5
4080999,5
4081007,6
4081016,6
4081024,6
4081032,6
4081049,0
4081066,5
4081074,4
4081082,5
4081091,5
4081099,6
4081107,6
4081116,6
4081124,6
4081132,5
4081141,5
4081149,4
4081157,5
4081166,5
4081174,5
4081182,5
4081191,5
4081199,5
4081207,5
4081216,5
4081224,5
4081232,5
4081241,5
4081249,5
4081257,5
4081266,5
4081274,5
4081282,5
4081291,5
4081299,5
4081307,5
4081316,5
4081324,5
4081332,5
4081341,5
4081349,5
4081357,5
4081366,5
4081374,5
4081382,5
4081391,5
4081399,5
4081407,5
4081416,5
4081424,5
4081432,5
4081441,5
4081449,5
4081457,5
4081466,5
4081474,5
4081482,5
4081491,5
4081499,5
4081507,5
4081516,5
4081524,5
4081532,5
4081541,5
4081549,4
4081557,5
4081566,5
4081574,5
4081582,5
4081591,5
4081599,5
4081607,5
4081616,5
4081624,5
4081632,5
4081641,5
4081649,5
4081657,5
4081666,5
4081674,5
4081682,5
4081691,5
4081699,5
4081707,5
4081716,5
4081724,5
4081733,5
4081741,5
4081749,5
4081757,5
4081766,5
4081774,5
4081782,5
4081791,5
4081799,5
4081807,0
4081816,0
4081824,5
4081833,5
4081841,5
4081857,5
4081874,0
4081882,5
4081907,2
4082024,5
4082032,5
4082049,5
4082057,0
4082066,0
4082074,0
4082082,0
4082091,0
4082099,0
4082107,0
4082116,0
4082124,0
4082132,0
4082141,0
4082149,0
4082157,0
4082166,0
4082174,0
4082182,0
4082191,0
4082199,0
4082207,0
4082216,0
4082224,0
4082233,0
4082241,0
4082249,0
4082257,0
4082266,0
4082274,0
4082282,0
4082291,0
4082299,0
4082307,0
4082316,0
4082324,0
4082332,0
4082341,0
4082349,0
4082357,0
4082366,0
4082374,0
4082382,0
4082391,0
4082399,0
4082407,0
4082416,0
4082424,0
4082432,0
4082441,0
4082449,0
4082457,0
4082466,0
4082474,0
4082482,0
4082491,0
4082499,0
4082507,0
4082516,0
4082524,0
4082532,0
4082541,0
4082549,0
4082557,0
4082566,0
4082574,0
4082582,0
4082591,0
4082599,0
4082607,0
4082616,0
4082624,0
4082632,0
4082641,0
4082649,0
4082657,0
4082666,0
4082674,0
4082682,0
4082691,0
4082699,0
4082707,0
4082716,0
4082724,0
4082732,0
4082741,0
4082749,0
4082757,0
4082766,0
4082774,0
4082782,0
4082791,0
4082799,0
4082807,0
4082816,0
4082824,0
4082832,0
4082841,0
4082849,0
4082857,0
4082866,0
4082874,0
4082882,0
4082891,0
4082899,0
4082907,0
4082916,0
4082924,0
4082932,0
4082941,0
4082949,0
4082957,0
4082966,0
4082974,0
4082982,0
4082991,0
4082999,0
4083007,0
4083016,0
4083024,0
4083032,0
4083041,0
4083049,0
4083057,0
4083066,0
4083074,0
4083082,0
4083091,0
4083099,0
4083107,0
4083116,0
4083124,0
4083132,0
4083141,0
4083149,0
4083157,0
4083165,0
4083174,0
4083182,0
4083191,0
4083199,0
4083207,0
4083216,0
4083224,0
4083232,0
4083241,0
4083249,0
4083257,0
4083265,0
4083274,0
4083282,0
4083291,0
4083299,0
4083307,0
4083316,0
4083324,0
4083332,0
4083341,0
4083349,0
4083357,0
4083366,0
4083374,0
4083382,0
4083391,0
4083399,0
4083407,0
4083415,0
4083424,0
4083432,0
4083441,0
4083449,0
4083457,0
4083466,0
4083474,0
4083482,0
4083491,0
4083499,0
4083507,0
4083516,0
4083524,0
4083532,0
4083541,0
4083549,0
4083557,0
4083566,0
4083574,0
4083582,0
4083591,0
4083599,0
4083607,0
4083616,0
4083624,0
4083632,0
4083640,0
4083649,0
4083657,0
4083665,0
4083674,0
4083682,0
4083690,0
4083699,0
4083707,0
4083715,0
4083724,0
4083732,0
4083740,0
4083749,0
4083757,0
4083765,0
4083774,0
4083782,0
4083790,0
4083799,0
4083807,0
4083815,0
4083824,0
4083832,0
4083841,0
4083849,0
4083857,0
4083866,0
4083874,0
4083882,0
4083890,0
4083899,0
4083907,0
4083915,0
4083924,0
4083932,0
4083940,0
4083949,0
4083957,0
4083965,0
4083974,0
4083983,0
4083990,0
4083999,0
4084007,0
4084016,0
4084024,0
4084032,0
4084040,0
4084049,0
4084057,0
4084065,0
4084074,0
4084082,0
4084090,0
4084099,0
4084107,0
4084115,0
4084124,0
4084132,0
4084140,0
4084149,0
4084157,0
4084165,0
4084174,0
4084182,0
4084190,0
4084199,0
4084207,0
4084215,0
4084224,0
4084232,0
4084240,0
4084249,0
4084257,0
4084266,0
4084274,0
4084282,0
4084290,0
4084299,0
4084307,0
4084315,0
4084324,0
4084332,0
4084340,0
4084349,0
4084357,0
4084365,0
4084374,0
4084382,0
4084390,0
4084399,0
4084407,0
4084415,0
4084424,0
4084432,0
4084440,0
4084449,0
4084457,0
4084465,0
4084474,0
4084482,0
4084490,0
4084499,0
4084507,0
4084515,0
4084524,0
4084532,0
4084540,0
4084549,0
4084557,0
4084566,0
4084574,0
4084582,0
4084590,0
4084599,0
4084607,0
4084615,0
4084624,0
4084632,0
4084640,0
4084649,0
4084657,0
4084665,0
4084674,0
4084682,0
4084690,0
4084699,0
4084707,0
4084715,0
4084724,0
4084732,0
4084740,0
4084749,0
4084757,0
4084765,0
4084774,0
4084782,0
4084790,0
4084799,0
4084807,0
4084815,0
4084824,0
4084832,0
4084840,0
4084849,0
4084857,0
4084865,0
4084874,0
4084882,0
4084890,0
4084899,0
4084907,0
4084915,0
4084924,0
4084932,0
4084940,0
4084949,0
4084957,0
4084966,0
4084974,0
4084982,0
4084990,0
4084999,0
4085007,0
4085015,0
4085024,0
4085032,0
4085040,0
4085049,0
4085057,0
4085065,0
4085074,0
4085082,0
4085090,0
4085099,0
4085107,0
4085115,0
4085124,0
4085132,0
4085140,0
4085149,0
4085157,0
4085165,0
4085174,0
4085182,0
4085190,0
4085199,0
4085207,5
4085215,5
4085224,5
4085232,5
4085240,5
4085249,5
4085257,5
4085265,5
4085274,5
4085282,5
4085290,5
4085299,5
4085307,5
4085315,5
4085324,5
4085332,5
4085340,5
4085349,5
4085357,5
4085365,5
4085374,5
4085382,5
4085390,5
4085399,5
4085407,5
4085415,5
4085424,5
4085432,5
4085440,5
4085449,5
4085457,5
4085465,5
4085474,5
4085482,5
4085490,5
4085499,5
4085507,5
4085515,5
4085524,5
4085532,5
4085540,5
4085549,5
4085557,5
4085565,5
4085574,5
4085582,5
4085590,5
4085599,5
4085607,5
4085615,5
4085624,5
4085632,5
4085640,5
4085649,5
4085657,5
4085665,5
4085674,5
4085682,5
4085690,5
4085699,5
4085707,5
4085715,5
4085724,5
4085732,5
4085740,5
4085749,5
4085757,5
4085765,5
4085774,5
4085782,5
4085790,5
4085799,5
4085807,5
4085815,5
4085824,5
4085832,5
4085840,5
4085849,5
4085857,5
4085866,5
4085874,5
4085882,5
4085890,5
4085899,5
4085907,5
4085915,5
4085924,5
4085932,5
4085940,5
4085949,5
4085957,5
4085965,5
4085974,5
4085982,5
4085990,5
4085999,5
4086007,5
4086015,5
4086024,5
4086032,5
4086040,5
4086049,5
4086057,5
4086065,5
4086074,1
4086082,1
4086090,1
4086099,1
4086107,1
4086115,1
4086124,1
4086132,1
4086140,1
4086149,1
4086157,1
4086165,1
4086174,1
4086182,1
4086190,1
4086199,1
4086207,1
4086215,1
4086224,1
4086232,1
4086240,1
4086249,1
4086257,1
4086265,1
4086274,1
4086282,1
4086290,1
4086299,1
4086307,1
4086315,1
4086324,1
4086332,1
4086340,1
4086349,1
4086357,1
4086365,1
4086374,1
4086382,5
4086390,5
4086399,5
4086407,5
4086415,5
4086424,5
4086432,5
4086440,5
4086449,5
4086457,5
4086465,5
4086474,5
4086482,5
4086490,5
4086499,5
4086507,5
4086515,5
4086524,5
4086532,5
4086540,5
4086549,5
4086557,5
4086565,5
4086574,5
4086582,5
4086590,5
4086599,5
4086607,5
4086615,5
4086624,4
4086640,5
4086649,5
4086657,5
4086665,5
4086674,5
4086682,5
4086690,5
4086699,5
4086707,5
4086715,5
4086724,5
4086732,5
4086740,5
4086749,5
4086757,5
4086765,5
4086774,5
4086782,5
4086790,5
4086799,5
4086807,5
4086815,5
4086824,5
4086832,5
4086840,5
4086849,5
4086857,5
4086865,5
4086873,5
4086882,5
4086890,5
4086899,5
4086907,5
4086915,5
4086924,4
4086940,5
4086949,5
4086957,5
4086965,5
4086974,5
4086982,5
4086990,5
4086999,5
4087007,5
4087015,5
4087024,4
4087040,5
4087048,5
4087057,5
4087066,5
4087074,5
4087082,5
4087090,5
4087099,5
4087107,5
4087115,0
4087124,0
4087132,0
4087140,5
4087149,5
4087157,5
4087165,5
4087174,5
4087182,5
4087190,5
4087307,0
4087315,0
4087324,0
4087332,0
4087340,0
4087349,0
4087357,0
4087365,0
4087373,0
4087382,0
4087390,0
4087399,0
4087407,0
4087415,0
4087423,4
4087440,0
4087448,0
4087457,0
4087465,0
4087474,0
4087482,0
4087490,0
4087499,0
4087507,0
4087515,0
4087524,0
4087532,0
4087540,0
4087548,0
4087557,0
4087565,0
4087573,0
4087582,0
4087590,0
4087598,0
4087607,0
4087615,0
4087623,0
4087632,0
4087640,0
4087648,0
4087657,0
4087665,0
4087673,0
4087682,0
4087690,0
4087698,0
4087707,0
4087723,0
4087732,0
4087740,0
4087748,0
4087757,0
4087774,0
4087782,0
4087790,0
4087798,0
4087807,0
4087815,0
4087823,0
4087832,0
4087840,0
4087848,0
4087857,0
4087865,0
4087873,0
4087882,0
4087890,0
4087898,0
4087907,0
4087915,0
4087923,0
4087932,0
4087940,0
4087948,0
4087957,0
4087965,0
4087973,0
4087982,0
4087990,0
4087998,0
4088007,0
4088015,0
4088023,0
4088032,0
4088040,0
4088049,0
4088057,0
4088065,0
4088073,0
4088082,0
4088090,0
4088098,0
4088107,0
4088115,0
4088124,0
4088132,0
4088140,0
4088148,0
4088157,0
4088165,0
4088173,0
4088182,0
4088190,0
4088198,0
4088207,0
4088215,0
4088223,0
4088232,0
4088240,0
4088248,0
4088257,0
4088265,0
4088273,0
4088282,0
4088290,0
4088298,0
4088307,0
4088315,0
4088323,0
4088332,0
4088340,0
4088348,0
4088357,0
4088365,0
4088373,0
4088382,0
4088390,0
4088398,0
4088407,0
4088415,0
4088423,4
4088440,0
4088448,0
4088457,0
4088465,0
4088474,0
4088482,0
4088490,0
4088498,0
4088507,0
4088523,4
4088540,0
4088548,0
4088557,0
4088565,0
4088573,0
4088582,0
4088590,0
4088598,0
4088607,0
4088615,0
4088623,0
4088632,0
4088640,0
4088648,0
4088657,0
4088665,0
4088673,0
4088682,0
4088690,0
4088699,0
4088707,0
4088715,0
4088723,4
4088740,0
4088748,0
4088757,0
4088765,0
4088773,0
4088782,0
4088790,0
4088798,0
4088807,0
4088815,0
4088823,4
4088840,0
4088848,0
4088857,0
4088865,0
4088873,0
4088882,0
4088890,0
4088898,0
4088907,0
4088915,0
4088923,0
4088932,0
4088940,0
4088948,0
4088957,0
4088965,0
4088973,0
4088982,0
4088990,0
4088998,0
4089007,0
4089015,0
4089023,0
4089032,0
4089040,0
4089048,0
4089057,0
4089065,0
4089073,0
4089082,0
4089090,0
4089098,0
4089107,0
4089115,0
4089123,4
4089140,0
4089148,0
4089157,0
4089165,0
4089173,0
4089182,0
4089190,0
4089198,0
4089207,0
4089223,4
4089240,0
4089248,0
4089257,0
4089265,0
4089273,0
4089282,0
4089290,0
4089298,0
4089307,0
4089315,0
4089323,4
4089340,0
4089348,0
4089357,0
4089365,0
4089373,0
4089382,0
4089390,0
4089398,0
4089407,0
4089415,0
4089423,0
4089432,0
4089440,0
4089448,0
4089457,0
4089465,0
4089473,0
4089482,0
4089490,0
4089498,0
4089507,0
4089515,0
4089523,4
4089540,0
4089548,0
4089557,0
4089565,0
4089573,0
4089582,0
4089590,0
4089598,0
4089607,0
4089615,0
4089623,0
4089632,0
4089640,0
4089648,0
4089657,0
4089665,0
4089673,0
4089682,0
4089690,0
4089699,0
4089707,0
4089715,0
4089723,0
4089732,0
4089740,0
4089748,0
4089757,0
4089765,0
4089773,0
4089782,0
4089790,0
4089799,0
4089807,0
4089815,0
4089823,0
4089832,0
4089840,0
4089848,0
4089857,0
4089865,0
4089873,0
4089882,0
4089890,0
4089898,0
4089907,0
4089915,0
4089923,0
4089932,0
4089940,0
4089948,0
4089957,0
4089965,0
4089973,0
4089982,0
4089990,0
4089998,0
4090007,0
4090015,0
4090023,0
4090032,0
4090040,0
4090049,0
4090057,0
4090065,0
4090073,0
4090082,0
4090090,0
4090098,0
4090107,0
4090115,0
4090123,0
4090132,0
4090140,0
4090148,0
4090157,0
4090165,0
4090173,0
4090182,0
4090190,0
4090198,0
4090207,0
4090215,0
4090223,0
4090232,0
4090240,0
4090248,0
4090257,0
4090265,0
4090273,0
4090282,0
4090290,0
4090298,0
4090307,0
4090315,0
4090323,0
4090332,0
4090340,0
4090348,0
4090357,0
4090365,0
4090373,0
4090382,0
4090390,0
4090398,0
4090407,0
4090415,0
4090423,0
4090432,0
4090440,0
4090448,0
4090457,0
4090465,0
4090473,0
4090482,0
4090490,0
4090498,0
4090507,0
4090515,0
4090523,0
4090532,0
4090540,0
4090548,0
4090557,0
4090565,0
4090573,0
4090582,0
4090590,0
4090598,0
4090607,0
4090615,0
4090623,0
4090632,0
4090640,0
4090648,0
4090657,0
4090665,0
4090673,0
4090682,0
4090690,0
4090698,0
4090707,0
4090715,0
4090723,0
4090732,0
4090740,0
4090748,0
4090757,0
4090765,0
4090773,0
4090782,0
4090790,0
4090798,0
4090807,0
4090815,0
4090823,0
4090832,0
4090840,0
4090848,0
4090857,0
4090865,0
4090873,0
4090882,0
4090890,0
4090898,0
4090907,0
4090915,0
4090923,0
4090932,0
4090940,0
4090948,0
4090957,0
4090965,0
4090973,0
4090982,0
4090998,0
4091007,0
4091015,0
4091023,0
4091032,0
4091040,0
4091048,0
4091057,0
4091065,0
4091073,0
4091081,0
4091090,0
4091098,0
4091106,0
4091115,0
4091123,0
4091140,0
4091148,0
4091165,0
4091173,0
4091190,0
4091198,0
4091206,0
4091215,0
4091223,0
4091240,0
4091248,0
4091256,0
4091265,0
4091273,0
4091290,0
4091298,0
4091307,0
4091315,0
4091323,0
4091332,0
4091340,0
4091348,0
4091356,0
4091365,0
4091373,0
4091381,0
4091390,0
4091398,0
4091407,0
4091415,0
4091423,0
4091432,0
4091440,0
4091448,0
4091456,0
4091465,0
4091473,0
4091481,0
4091490,0
4091498,0
4091506,0
4091515,0
4091523,0
4091531,0
4091540,0
4091548,0
4091556,0
4091565,0
4091573,0
4091582,0
4091590,0
4091598,0
4091606,0
4091615,0
4091623,0
4091631,0
4091640,0
4091648,0
4091665,0
4091673,0
4091681,0
4091690,0
4091698,0
4091706,0
4091715,0
4091723,0
4091732,0
4091740,0
4091748,0
4091756,0
4091765,0
4091773,0
4091781,0
4091790,0
4091798,0
4091806,0
4091815,0
4091823,0
4091831,0
4091840,0
4091848,0
4091856,0
4091865,0
4091873,0
4091881,0
4091890,0
4091898,0
4091906,0
4091915,5
4091923,5
4091931,5
4091940,5
4091948,1
4091956,1
4091965,5
4091973,5
4091981,5
4091990,5
4091998,5
4092006,5
4092015,5
4092023,5
4092031,5
4092040,5
4092048,5
4092056,5
4092065,5
4092073,5
4092081,5
4092090,5
4092098,5
4092106,5
4092115,5
4092123,5
4092131,5
4092140,5
4092148,5
4092156,5
4092165,5
4092173,5
4092181,5
4092190,5
4092198,5
4092206,5
4092215,5
4092223,5
4092231,5
4092240,5
4092248,5
4092256,5
4092265,5
4092273,5
4092281,5
4092290,5
4092298,5
4092306,5
4092315,5
4092323,5
4092331,5
4092340,5
4092348,5
4092356,5
4092365,5
4092373,5
4092381,5
4092390,5
4092398,5
4092406,5
4092415,5
4092423,5
4092431,5
4092440,5
4092448,5
4092456,5
4092465,5
4092473,5
4092481,5
4092490,5
4092498,5
4092506,5
4092515,5
4092523,5
4092532,5
4092540,5
4092548,5
4092556,5
4092565,5
4092573,5
4092581,5
4092590,5
4092598,5
4092606,5
4092615,6
4092623,6
4092632,6
4092640,5
4092648,5
4092656,5
4092665,5
4092673,5
4092681,5
4092690,5
4092698,5
4092706,5
4092715,5
4092723,5
4092731,5
4092740,5
4092748,5
4092756,5
4092765,5
4092773,5
4092781,5
4092790,5
4092798,5
4092806,5
4092815,6
4092823,6
4092831,6
4092840,6
4092848,6
4092856,5
4092865,5
4092873,5
4092881,5
4092890,5
4092898,6
4092906,6
4092915,6
4092923,6
4092931,6
4092940,5
4092948,5
4092956,5
4092965,5
4092973,5
4092981,5
4092990,5
4092998,5
4093006,5
4093015,5
4093023,5
4093031,5
4093040,5
4093048,5
4093056,5
4093065,5
4093073,5
4093081,5
4093090,5
4093098,5
4093106,5
4093115,5
4093123,5
4093131,5
4093140,5
4093148,5
4093156,5
4093165,5
4093173,5
4093181,5
4093190,5
4093198,5
4093206,5
4093215,5
4093223,5
4093231,5
4093240,5
4093248,5
4093256,5
4093265,5
4093273,5
4093281,5
4093290,5
4093298,5
4093306,5
4093315,5
4093323,5
4093331,5
4093340,5
4093348,5
4093356,5
4093365,5
4093373,5
4093381,5
4093390,5
4093398,5
4093406,5
4093415,5
4093423,5
4093431,5
4093440,5
4093448,5
4093456,5
4093465,5
4093473,5
4093481,5
4093490,5
4093498,5
4093506,5
4093515,5
4093523,4
4093540,5
4093548,5
4093556,5
4093565,5
4093573,5
4093582,5
4093590,5
4093598,5
4093606,5
4093615,5
4093623,5
4093631,5
4093640,5
4093648,5
4093656,5
4093665,5
4093673,5
4093681,5
4093690,5
4093698,5
4093706,5
4093715,5
4093723,5
4093731,5
4093740,5
4093748,5
4093756,5
4093765,5
4093773,5
4093781,5
4093790,5
4093798,5
4093806,5
4093815,5
4093823,5
4093831,5
4093840,5
4093848,1
4093856,1
4093865,1
4093873,1
4093881,1
4093890,1
4093898,1
4093906,1
4093915,1
4093923,1
4093931,1
4093940,1
4093948,1
4093956,1
4093965,1
4093973,1
4093982,1
4093990,1
4093998,1
4094006,1
4094015,1
4094023,1
4094031,1
4094040,1
4094048,1
4094056,1
4094065,1
4094073,1
4094081,1
4094090,1
4094098,1
4094106,1
4094115,1
4094123,1
4094132,1
4094140,1
4094148,1
4094156,1
4094164,1
4094173,1
4094181,1
4094190,1
4094198,1
4094206,1
4094215,1
4094223,1
4094390,2
4094398,2
4094406,2
4094415,2
4094423,2
4094431,2
4094440,2
4094448,2
4094456,2
4094465,2
4094698,2
4094706,2
4094714,2
4094723,1
4094731,1
4094740,3
4094748,1
4094756,2
4094765,2
4094773,2
4094781,2
4094789,2
4094798,2
4094806,2
4094823,2
4094831,2
4095039,5
4095064,2
4095073,5
