3655928,2
3655936,2
3655953,2
3655961,2
3656003,2
3656028,5
3656036,2
3656053,2
3656061,3
3656103,3
3656128,1
3656136,2
3656161,2
3656203,2
3656228,1
3656236,1
3656303,1
3656328,2
3656361,2
3656403,2
3656428,2
3656436,2
3656461,2
3656603,0
3656661,0
3656678,0
3656703,0
3656728,0
3656736,0
3656753,0
3656761,0
3656803,0
3656828,0
3656836,0
3656861,0
3657086,0
3657136,0
3657161,0
3657236,0
3657261,0
3657286,5
3657311,5
3657336,5
3657361,0
3657386,5
3657411,5
3657436,0
3657461,5
3657486,5
3657511,5
3657536,5
3657561,5
3657586,5
3657611,5
3657636,0
3657661,5
3657811,5
3657836,5
3657861,0
3657903,0
3657911,0
3657928,0
3657936,0
3658011,0
3658061,0
3658136,0
3658161,0
3673294,0
3673344,0
3673403,0
3673444,6
3673469,1
3673478,6
3673494,0
3673519,0
3673545,5
3673569,0
3673594,0
3674917,5
3674925,5
3674950,5
3674967,5
3674991,5
3675000,5
3675016,5
3675025,5
3675041,5
3675050,5
3675066,5
3675075,5
3675092,5
3675100,5
3675116,5
3675125,5
3675142,5
3675150,5
3675166,5
3675175,5
3675191,5
3675200,5
3675216,5
3675225,5
3675241,5
3675250,5
3675266,5
3675275,5
3675291,5
3675300,5
3675316,5
3675325,5
3675341,5
3675350,0
3675366,0
3675375,0
3675391,2
3675400,5
3675425,0
3675441,0
3675450,0
3675466,0
3675475,5
3675491,5
3675500,5
3675516,5
3675525,5
3675541,5
3675550,5
3675566,5
3675575,0
3675591,5
3675600,5
3675625,5
3675641,0
3675650,0
3675675,2
3675691,0
3675700,0
3675716,0
3675725,0
3675741,0
3675750,0
3675767,0
3675791,0
3675800,0
3675816,0
3675825,0
3675841,0
3675850,0
3675866,0
3675875,0
3675900,0
3675916,0
3675925,0
3675941,0
3675950,0
3675966,0
3675975,0
3675991,0
3676000,0
3676016,0
3676025,0
3676041,0
3676050,0
3676066,0
3676075,0
3676091,0
3676100,0
3676116,0
3676125,0
3676141,0
3676150,0
3676166,0
3676175,0
3676191,0
3676200,0
3676216,0
3676225,0
3676241,0
3676250,0
3676266,0
3676275,0
3676291,0
3676300,0
3676316,0
3676325,0
3676341,0
3676350,0
3676366,0
3676375,0
3676391,0
3676400,0
3676416,0
3676425,0
3676441,0
3676450,0
3676466,0
3676475,0
3676491,0
3676500,0
3676516,0
3676525,0
3676541,0
3676550,0
3676566,0
3676575,0
3676591,0
3676600,0
3676616,0
3676625,0
3676641,0
3676650,0
