3838633,0
3838641,0
3838658,0
3838666,0
3838683,0
3838691,0
3838708,0
3838716,0
3838733,0
3838741,0
3838758,0
3838766,0
3838783,0
3838791,0
3838808,0
3838816,0
3838833,0
3838841,0
3838858,0
3838866,0
3838883,0
3838891,0
3838908,0
3838916,0
3838933,0
3838941,0
3838958,0
3838966,0
3838983,0
3838991,0
3839008,0
3839016,0
3839033,0
3839041,0
3839058,0
3839066,0
3839083,0
3839091,0
3839108,0
3839116,0
3839133,0
3839141,0
3839158,0
3839166,0
3839183,0
3839191,0
3839208,0
3839216,0
3839233,0
3839241,0
3839258,0
3839266,0
3839283,0
3839291,0
3839308,0
3839316,0
3839333,0
3839341,0
3839358,0
3839366,0
3839383,0
3839391,0
3839408,0
3839416,0
3839433,0
3839441,0
3839458,0
3839466,0
3839483,0
3839491,0
3839508,0
3839516,0
3839533,0
3839541,0
3839558,0
3839566,0
3839583,0
3839591,0
3839608,0
3839616,0
3839633,0
3839641,0
3839658,0
3839666,0
3839683,0
3839691,0
3839708,0
3839716,0
3839733,0
3839741,0
3839758,0
3839766,0
3839783,0
3839791,0
3839808,0
3839816,0
3839833,0
3839841,0
3839858,0
3839866,0
3839883,0
3839891,0
3839908,0
3839916,0
3839933,0
3839941,0
3839958,0
3839966,0
3839983,0
3839991,0
3840008,0
3840016,0
3840033,0
3840041,0
3840058,0
3840066,0
3840083,0
3840091,0
3840108,0
3840116,0
3840133,0
3840141,0
3840158,0
3840166,0
3840183,0
3840191,0
3840208,0
3840216,0
3840233,0
3840241,0
3840258,0
3840266,0
3840283,0
3840291,0
3840308,0
3840316,0
3840333,0
3840341,0
3840358,0
3840366,0
3840383,0
3840391,0
3840408,0
3840416,0
3840433,0
3840441,0
3840458,0
3840466,0
3840483,0
3840491,0
3840508,0
3840516,0
3840533,0
3840541,0
3840558,0
3840566,0
3840583,0
3840591,0
3840608,0
3840616,0
3840633,0
3840641,0
3840658,0
3840666,0
3840683,0
3840691,0
3840708,0
3840716,0
3840732,0
3840741,0
3841008,0
3841016,0
3841032,0
3841041,0
3841057,0
3841066,0
3841083,0
3841091,0
3841107,0
3841116,0
3841132,0
3841141,0
3841157,0
3841166,0
3841182,0
3841191,0
3841207,0
3841216,0
3841232,0
3841241,0
3841258,0
3841266,0
3841282,0
3841291,0
3841307,0
3841316,0
3841332,0
3841341,0
3841357,0
3841366,0
3841382,0
3841391,0
3841407,0
3841416,0
3841432,0
3841441,0
3841457,0
3841466,0
3841482,0
3841491,0
3841508,0
3841516,0
3841532,0
3841541,0
3841557,0
3841566,0
3841582,0
3841591,0
3841607,0
3841616,0
3841632,0
3841641,0
3841657,0
3841666,0
3841682,0
3841691,0
3841707,0
3841716,0
3841732,0
3841741,0
3841758,0
3841766,0
3841782,0
3841791,0
3841982,0
3841991,0
3842008,0
3842016,0
3842032,0
3842041,0
3842057,0
3842066,0
3842082,0
3842091,0
3842107,0
3842116,0
3842132,0
3842141,0
3842157,0
3842166,0
3842182,0
3842191,0
3842207,0
3842216,0
3842232,0
3842241,0
3842257,0
3842266,0
3842282,0
3842291,0
3842307,0
3842316,0
3842332,0
3842341,0
3842357,0
3842366,0
3842382,0
3842391,0
3842407,0
3842416,0
3842432,0
3842441,0
3842457,0
3842466,0
3842482,0
3842491,0
3842507,0
3842516,0
3842532,0
3842541,0
3842557,0
3842566,0
3842582,0
3842591,0
3842607,0
3842616,0
3842632,0
3842641,0
3842657,0
3842666,0
3842682,0
3842691,0
3842707,0
3842716,0
3842732,0
3842741,0
3842757,0
3842766,0
3842782,0
3842807,0
3842816,0
3842832,0
3842841,0
3842857,0
3842866,0
3842882,0
3842891,0
3842907,0
3842932,0
3842941,0
3842957,0
3842966,0
3842982,0
3842991,0
3843007,0
3843016,0
3843032,0
3843041,0
3843057,0
3843066,0
3843082,0
3843091,0
3843108,0
3843116,0
3843132,0
3843141,0
3843157,0
3843166,0
3843182,0
3843191,0
3843208,0
3843216,0
3843232,0
3843241,0
3843249,0
3843257,0
3843266,0
3843282,0
3843291,0
3843307,0
3843316,0
3843332,0
3843341,0
3843357,0
3843366,0
3843383,0
3843391,0
3843407,0
3843416,0
3843432,0
3843441,0
3843457,0
3843466,0
3843482,0
3843491,0
3843507,0
3843516,5
3843682,4
3843707,0
3843732,0
3843757,0
3843782,0
3843807,0
3843832,0
3843841,0
3843857,0
3843882,0
3843907,4
3843932,0
3843957,0
3843982,0
3844007,0
3844032,0
3844057,0
3844082,0
3844107,0
3844132,0
3844157,0
3844182,0
3844207,0
3844232,0
3844249,0
3844257,0
3844274,0
3844282,0
3844307,0
3844332,0
3844357,0
3844382,0
3844407,3
3844432,0
3844449,0
3844457,0
3844482,0
3844507,0
3844532,0
3844549,0
3844557,0
3844582,0
3844607,0
3844632,0
3844657,0
3844674,2
3844682,0
3844707,0
3844732,0
3844757,0
3844774,0
3844782,0
3844807,0
3844832,0
3844857,0
3844882,0
3844907,2
3844932,0
3844949,0
3844957,0
3844982,0
3845007,0
3845032,0
3845057,0
3845082,0
3845107,0
3845132,0
3845157,0
3845182,0
3845207,0
3845232,0
3845257,0
3845282,0
3845307,0
3845332,0
3845357,0
3845374,3
3845382,5
3845407,0
3845432,0
3845457,0
3845482,0
3845507,0
3845532,0
3845557,0
3845582,0
3845607,0
3845632,0
3845649,2
3845657,5
3845682,5
3845707,0
3845732,5
3845740,2
3845757,1
3845765,5
3845782,2
3845790,5
3845807,5
3845815,5
3845832,5
3845840,5
3845857,5
3845865,5
3845882,3
3845907,5
3845915,5
3845932,5
3845940,5
3845957,5
3845965,5
3845982,5
3845990,5
3846007,5
3846016,2
3846032,2
3846040,2
3846057,2
3846065,2
3846082,2
3846090,1
3846107,1
3846115,1
3846132,1
3846140,1
3846149,2
3846157,2
3846165,2
3846182,2
3846190,2
3846207,2
3846216,2
3846232,2
3846240,2
3846257,2
3846265,2
3846282,2
3846290,2
3846307,2
3846315,2
3846332,2
3846340,2
3846357,2
3846365,2
3846382,2
3846390,2
3846407,2
3846415,2
3846432,2
3846440,2
3846457,2
3846465,2
3846482,2
3846490,2
3846507,2
3846515,2
3846532,2
3846540,2
3846557,2
3846565,2
3846582,2
3846590,2
3846607,2
3846616,2
3846632,3
3846640,4
3846857,2
3846865,2
3846882,2
3846890,2
3846907,2
3846915,1
3846932,1
3846940,1
3846957,1
3846965,1
3846982,1
3846990,1
3847007,1
3847015,1
3847032,1
3847040,1
3847057,1
3847065,1
3847082,1
3847090,1
3847107,1
3847115,1
3847132,1
3847140,1
3847157,1
3847165,1
3847182,1
3847190,1
3847207,1
3847215,1
3847232,1
3847240,1
3847257,1
3847266,1
3847282,1
3847290,1
3847307,1
3847315,1
3847332,1
3847340,1
3847357,5
3847365,5
3847382,0
3847390,0
3847407,0
3847415,0
3847432,0
3847440,0
3847457,0
3847465,0
3847482,0
3847490,0
3847507,0
3847515,0
3847532,0
3847540,0
3847557,0
3847565,0
3847582,0
3847607,0
3847615,0
3847632,0
3847640,0
3847657,0
3847665,0
3847682,0
3847707,0
3847715,0
3847732,0
3847740,0
3847749,0
3847757,0
3847765,0
3847782,0
3847790,0
3847807,0
3847815,4
3847832,4
3847840,0
3847857,0
3847865,0
3847882,2
3847907,0
3847915,0
3847932,0
3847940,0
3847957,5
3847965,5
3847982,5
3847990,5
3848007,5
3848015,5
3848032,5
3848040,5
3848057,5
3848065,5
3848082,5
3848090,5
3848107,5
3848115,5
3848132,5
3848140,5
3848157,5
3848165,5
3848182,1
3848190,2
3848207,2
3848215,2
3848232,2
3848240,2
3848257,2
3848265,2
3848282,2
3848290,2
3848307,2
3848315,2
3848332,2
3848340,1
3848357,1
3848365,1
3848382,1
3848390,1
3848407,1
3848415,1
3848432,1
3848440,1
3848457,1
3848465,1
3848482,1
3848490,1
3848507,1
3848515,1
3848532,1
3848540,1
3848557,1
3848565,1
3848582,1
3848590,1
3848607,1
3848615,1
3848632,1
3848640,1
3848657,1
3848665,1
3848682,1
3848690,1
3848707,1
3848715,1
3848732,1
3848740,1
3848757,1
3848765,1
3848782,1
3848790,1
3848807,1
3848815,1
3848832,1
3848840,1
3848857,1
3848865,1
3848882,1
3848890,1
3848907,1
3848915,1
3848932,1
3848940,1
3848957,1
3848965,1
3848982,1
3848990,1
3849007,1
3849015,1
3849032,1
3849040,1
3849048,1
3849057,1
3849065,1
3849082,1
3849090,1
3849107,1
3849115,1
3849132,1
3849140,1
3849157,1
3849165,1
3849182,1
3849190,1
3849207,1
3849215,1
3849232,1
3849240,1
3849257,1
3849265,1
3849282,1
3849290,1
3849307,1
3849315,1
3849332,1
3849340,1
3849357,1
3849365,1
3849382,1
3849390,1
3849407,1
3849415,1
3849432,1
3849440,1
3849448,2
3849457,1
3849465,1
3849482,1
3849490,1
3849507,1
3849515,1
3849532,1
3849540,1
3849557,1
3849565,1
3849582,1
3849590,1
3849607,1
3849615,1
3849632,1
3849640,1
3849657,1
3849665,1
3849682,1
3849690,1
3849707,1
3849715,1
3849732,1
3849740,1
3849748,1
3849757,1
3849765,1
3849782,1
3849790,1
3849807,1
3849815,1
3849832,1
3849840,1
3849857,1
3849865,1
3849882,1
3849890,1
3849907,1
3849915,1
3849932,1
3849940,1
3849957,1
3849965,1
3849982,1
3849990,1
3850457,2
3850465,2
3850490,2
3850507,5
3850515,5
3850532,0
3850540,0
3850557,0
3850565,0
3850582,0
3850590,0
3850607,0
3850615,0
3850632,0
3850640,0
3850657,0
3850665,0
3850682,0
3850690,0
3850707,0
3850715,0
3850732,0
3850740,0
3850757,0
3850765,0
3850782,0
3850790,0
3850807,0
3850815,0
3850832,0
3850840,0
