3851892,0
3851900,0
3851909,0
3851917,0
3851925,0
3851942,0
3851950,0
3851959,0
3851967,0
3851975,0
3851984,0
3851992,0
3852000,0
3852009,0
3852017,0
3852025,0
3852042,0
3852050,0
3852059,0
3852067,0
3852075,0
3852084,0
3852092,0
3852100,0
3852109,0
3852117,0
3852125,0
3852142,0
3852150,0
3852159,0
3852167,0
3852175,0
3852184,0
3852192,0
3852200,0
3852209,0
3852217,0
3852225,0
3852234,0
3852242,0
3852250,0
3852259,0
3852267,0
3852275,0
3852284,0
3852292,0
3852300,0
3852309,0
3852317,0
3852325,0
3852334,0
3852342,0
3852350,0
3852359,0
3852367,0
3852375,0
3852384,0
3852392,0
3852400,0
3852434,0
3852442,0
3852450,0
3852459,0
3852467,0
3852475,0
3852484,0
3852492,0
3852500,0
3852509,0
3852517,0
3852525,0
3852534,0
3852542,0
3852550,0
3852559,0
3852567,0
3852575,0
3852584,0
3852592,0
3852600,0
3852609,0
3852617,0
3852625,0
3852634,0
3852642,0
3852650,0
3852659,0
3852667,0
3852675,0
3852684,0
3852692,0
3852700,0
3852709,0
3852717,0
3852725,0
3852734,0
3852742,0
3852750,0
3852759,0
3852767,0
3852775,0
3852784,0
3852792,0
3852800,0
3852809,0
3852817,0
3852825,0
3852834,0
3852842,0
3852850,0
3852859,0
3852867,0
3852875,0
3852884,0
3852892,0
3852900,0
3852909,0
3852917,0
3852925,0
3852934,0
3852942,0
3852950,0
3852959,0
3852967,0
3852975,0
3852992,0
3853000,0
3853009,0
3853017,0
3853025,0
3853042,0
3853050,0
3853059,0
3853067,0
3853075,0
3853092,0
3853100,0
3853109,0
3853117,0
3853125,0
3853134,0
3853142,0
3853150,0
3853159,0
3853167,0
3853175,0
3853183,0
3853192,0
3853200,0
3853208,0
3853217,0
3853225,0
3853233,0
3853242,0
3853250,0
3853258,0
3853267,0
3853276,0
3853284,0
3853292,0
3853300,0
3853308,0
3853317,0
3853325,5
3853333,3
3853342,0
3853350,0
3853358,0
3853367,0
3853375,0
3853383,0
3853392,0
3853400,0
3853408,0
3853417,0
3853425,0
3853434,3
3853442,0
3853450,0
3853459,0
3853467,0
3853475,0
3853484,0
3853492,0
3853500,0
3853508,0
3853517,0
3853525,0
3853533,0
3853542,0
3853550,0
3853559,0
3853567,0
3853575,0
3853584,0
3853592,0
3853600,0
3853608,0
3853617,0
3853625,0
3853633,0
3853642,0
3853650,0
3853658,0
3853667,0
3853675,0
3853684,0
3853692,0
3853700,0
3853709,0
3853717,0
3853725,0
3853734,0
3853742,0
3853750,0
3853758,0
3853767,0
3853775,0
3853783,0
3853792,0
3853800,0
3853808,0
3853817,0
3853825,0
3853833,0
3853842,0
3853850,0
3853858,0
3853867,0
3853875,0
3853884,0
3853892,0
3853900,0
3853908,0
3853917,0
3853925,0
3853942,0
3853950,0
3853958,0
3853967,0
3853975,0
3853983,0
3853992,0
3854000,0
3854008,0
3854017,0
3854025,0
3854033,2
3854042,0
3854050,0
3854058,0
3854067,0
3854075,0
3854083,0
3854100,0
3854108,0
3854117,0
3854125,0
3854142,0
3854150,0
3854158,0
3854167,0
3854175,0
3854208,0
3854217,0
3854225,0
3854233,0
3854242,0
3854250,0
3854258,0
3854267,0
3854275,0
3854284,0
3854292,0
3854300,0
3854308,0
3854317,0
3854325,0
3854333,0
3854342,0
3854350,0
3854358,0
3854367,0
3854375,0
3854383,0
3854392,0
3854400,0
3854408,0
3854417,0
3854425,4
3854433,3
3854442,0
3854450,0
3854458,0
3854467,0
3854475,0
3854483,0
3854492,0
3854500,0
3854508,0
3854517,0
3854525,0
3854542,0
3854550,0
3854559,0
3854567,0
3854575,0
3854583,0
3854592,0
3854600,0
3854608,0
3854617,0
3854625,0
3854633,0
3854642,0
3854658,0
3854667,0
3854675,0
3854683,0
3854692,0
3854700,0
3854708,0
3854717,0
3854725,2
3854742,0
3854750,0
3854758,0
3854767,0
3854775,0
3854783,0
3854792,0
3854800,0
3854808,0
3854817,0
3854825,0
3854833,0
3854842,0
3854850,0
3854858,0
3854867,0
3854875,0
3854883,0
3854892,0
3854900,0
3854908,0
3854917,0
3854925,0
3854933,0
3854942,0
3854950,0
3854959,0
3854967,0
3854975,0
3854983,0
3854992,0
3855000,0
3855008,0
3855017,0
3855025,0
3855033,0
3855042,0
3855050,0
3855058,0
3855067,0
3855075,0
3855083,0
3855092,0
3855100,0
3855108,0
3855117,0
3855125,0
3855133,0
3855142,0
3855150,0
3855158,0
3855167,0
3855175,0
3855183,0
3855192,0
3855200,0
3855208,0
3855217,0
3855225,0
3855234,0
3855242,0
3855250,0
3855258,0
3855267,0
3855275,0
3855284,0
3855292,0
3855300,0
3855308,0
3855317,0
3855325,0
3855333,0
3855342,0
3855350,0
3855358,0
3855367,0
3855375,0
3855384,0
3855392,0
3855400,0
3855408,0
3855417,0
3855425,0
3855433,0
3855442,0
3855450,0
3855458,0
3855467,0
3855475,0
3855483,0
3855492,0
3855500,0
3855508,0
3855517,0
3855525,0
3855533,0
3855542,0
3855550,0
3855558,0
3855842,0
3855850,0
3855858,0
3855867,0
3855875,0
3855883,0
3855892,0
3855900,0
3855908,0
3855917,0
3855925,0
3855933,0
3855942,0
3855950,0
3855958,0
3855967,0
3855975,0
3855983,0
3855992,0
3856000,0
3856008,0
3856017,0
3856025,0
3856033,0
3856042,0
3856050,0
3856058,0
3856067,0
3856075,0
3856083,0
3856092,0
3856100,0
3856108,0
3856117,0
3856125,0
3856133,0
3856142,0
3856150,0
3856158,0
3856167,0
3856175,0
3856183,0
3856192,0
3856200,0
3856208,0
3856217,0
3856225,0
3856234,0
3856242,0
3856250,0
3856258,0
3856267,0
3856275,0
3856283,0
3856292,0
3856300,0
3856308,0
3856317,0
3856325,0
3856333,0
3856342,0
3856350,0
3856358,0
3856367,0
3856375,0
3856383,0
3856392,0
3856400,0
3856408,0
3856417,0
3856425,0
3856433,0
3856442,0
3856450,0
3856458,0
3856467,0
3856475,0
3856483,0
3856492,0
3856500,0
3856508,0
3856517,0
3856525,0
3856533,0
3856542,0
3856550,0
3856558,0
3856567,0
3856575,0
3856583,0
3856592,0
3856600,0
3856608,0
3856617,0
3856625,0
3856642,0
3856650,0
3856658,0
3856667,0
3856675,0
3856683,0
3856692,0
3856700,0
3856708,0
3856717,0
3856725,0
3856733,0
3856742,0
3856750,0
3856758,0
3856767,0
3856775,0
3856783,0
3856792,0
3856800,0
3856808,0
3856817,0
3856825,0
3856833,0
3856842,0
3856850,0
3856858,0
3856866,0
3856875,0
3856883,0
3856891,0
3856900,0
3856908,0
3856917,0
3856925,0
3856941,0
3856950,0
3856958,0
3856966,0
3856975,0
3856983,0
3856991,0
3857000,0
3857008,0
3857016,0
3857025,0
3857042,0
3857050,0
3857058,0
3857067,0
3857075,0
3857083,0
3857092,0
3857100,0
3857108,0
3857116,0
3857125,0
3857133,0
3857141,0
3857150,0
3857158,0
3857166,0
3857175,0
3857183,0
3857192,0
3857200,0
3857208,0
3857216,0
3857225,0
3857233,0
3857241,0
3857250,0
3857258,0
3857266,0
3857275,0
3857283,0
3857292,0
3857300,0
3857308,0
3857317,0
3857325,0
3857333,0
3857341,0
3857350,0
3857358,0
3857366,0
3857375,0
3857383,0
3857391,0
3857400,0
3857408,0
3857416,0
3857425,0
3857433,0
3857441,0
3857450,0
3857458,0
3857466,0
3857475,0
3857483,0
3857491,0
3857500,0
3857508,0
3857516,0
3857525,0
3857533,0
3857541,0
3857550,0
3857558,0
3857566,0
3857575,0
3857583,0
3857591,0
3857600,0
3857608,0
3857617,0
3857625,0
3857633,0
3857641,0
3857650,0
3857658,0
3857666,0
3857675,0
3857683,0
3857692,0
3857700,0
3857708,0
3857716,0
3857725,0
3857733,0
3857741,0
3857750,0
3857758,0
3857766,0
3857775,0
3857783,0
3857791,0
3857800,0
3857808,0
3857816,0
3857825,0
3857833,0
3857841,0
3857850,0
3857858,0
3857867,0
3857875,0
3857883,0
3857892,0
3857900,0
3857908,0
3857916,0
3857925,0
3857933,0
3857941,0
3857950,0
3857958,0
3857966,0
3857975,0
3857983,0
3857991,0
3858000,0
3858008,0
3858017,0
3858025,0
3858033,0
3858041,0
3858050,0
3858058,0
3858066,0
3858075,0
3858083,0
3858091,0
3858100,0
3858108,0
3858116,0
3858125,0
3858133,0
3858141,0
3858150,0
3858158,0
3858166,0
3858175,0
3858183,0
3858191,0
3858200,0
3858208,0
3858216,0
3858225,0
3858233,0
3858241,0
3858250,0
3858258,0
3858266,0
3858275,0
3858283,0
3858300,0
3858308,0
3858316,0
3858325,0
3858333,0
3858341,0
3858350,0
3858358,0
3858366,0
3858375,0
3858383,0
3858391,0
3858408,0
3858416,0
3858425,0
3858433,0
3858441,0
3858450,0
3858458,0
3858467,0
3858475,0
3858483,0
3858491,0
3858500,0
3858508,0
3858516,0
3858525,0
3858533,0
3858541,0
3858550,0
3858558,0
3858566,0
3858575,0
3858583,0
3858591,0
3858600,0
3858608,0
3858617,0
3858625,0
3858633,0
3858641,0
3858650,0
3858658,0
3858666,0
3858675,0
3858683,0
3858691,0
3858700,0
3858708,0
3858716,0
3858725,0
3858733,0
3858741,0
3858750,0
3858758,0
3858766,0
3858775,0
3858783,0
3858791,0
3858800,0
3858808,0
3858816,0
3858825,0
3858833,0
3858841,0
3858850,0
3858866,0
3858875,0
3858883,0
3858892,0
3858900,0
3858958,0
3858966,0
3858975,0
3858983,0
3858991,0
3859000,0
3859008,0
3859016,0
3859025,0
3859041,0
3859050,0
3859066,0
3859075,0
3859083,0
3859100,0
3859108,0
3859141,0
3859150,0
3859166,0
3859175,0
3859183,0
3859191,0
3859200,0
3859208,0
3859216,0
3859225,0
3859233,0
3859241,0
3859250,0
3859258,0
3859266,0
3859275,0
3859283,0
3859292,0
3859300,0
3859308,0
3859316,0
3859325,0
3859333,0
3859341,0
3859350,0
3859366,0
3859375,0
3859383,0
3859391,0
3859400,0
3859408,0
3859416,0
3859425,0
3859433,0
3859441,0
3859450,0
3859458,0
3859466,0
3859475,0
3859483,0
3859491,5
3859500,5
3859508,0
3859516,0
3859525,0
3859533,0
3859541,0
3859550,0
3859558,0
3859566,0
3859575,0
3859583,0
3859591,0
3859600,0
3859608,0
3859616,0
3859625,0
3859633,0
3859641,0
3859650,0
3859658,0
3859666,0
3859675,0
3859683,0
3859691,0
3859700,0
3859708,0
3859716,0
3859725,0
3859733,0
3859741,0
3859750,0
3859758,0
3859766,0
3859775,0
3859783,0
3859791,0
3859800,0
3859808,0
3859816,0
3859825,0
3859833,0
3859841,0
3859850,0
3859858,0
3859866,0
3859875,0
3859883,0
3859891,0
3859900,0
3859908,0
3859916,0
3859925,0
3859933,0
3859941,0
3859950,0
3859958,0
3859966,0
3859975,0
3859983,0
3859991,0
3860000,0
3860008,0
3860016,0
3860025,0
3860033,0
3860041,0
3860050,0
3860058,0
3860066,0
3860075,0
3860083,0
3860091,0
3860100,0
3860108,0
3860116,0
3860125,0
3860133,0
3860141,0
3860150,0
3860158,0
3860166,0
3860175,0
3860183,0
3860191,0
3860200,0
3860208,0
3860216,0
3860225,0
3860233,0
3860241,0
3860250,0
3860258,0
3860266,0
3860275,0
3860283,0
3860291,0
3860300,0
3860308,0
3860316,0
3860325,0
3860333,0
3860341,0
3860350,0
3860358,0
3860366,0
3860375,0
3860383,0
3860391,0
3860400,0
3860408,0
3860416,0
3860425,0
3860433,0
3860441,0
3860450,0
3860458,0
3860466,0
3860475,0
3860483,0
3860491,0
3860500,0
3860508,0
3860516,0
3860525,0
3860533,0
3860541,0
3860550,0
3860558,0
3860566,0
3860575,0
3860583,0
3860591,0
3860600,0
3860608,0
3860616,0
3860625,0
3860633,0
3860641,0
3860650,0
3860658,0
3860666,0
3860824,0
3860841,0
3860849,0
3860858,0
3860866,0
3860883,0
3860908,0
3860933,0
3860941,0
3860949,0
3860958,0
3860966,0
3860974,0
3860983,0
3860991,0
3860999,0
3861008,0
3861016,0
3861024,0
3861033,0
3861041,0
3861050,0
3861058,0
3861066,0
3861074,0
3861083,0
3861091,0
3861100,0
3861108,0
3861116,0
3861124,0
3861133,0
3861141,0
3861149,0
3861158,0
3861166,0
3861174,0
3861183,0
3861191,0
3861200,0
3861208,0
3861216,0
3861224,0
3861233,0
3861241,0
3861249,0
3861258,0
3861266,0
3861274,0
3861283,0
3861291,0
3861299,0
3861308,0
3861316,0
3861325,0
3861333,0
3861341,0
3861350,0
3861358,0
3861366,0
3861374,0
3861383,0
3861391,0
3861399,0
3861408,0
3861416,0
3861424,0
3861433,0
3861441,0
3861449,0
3861458,0
3861466,0
3861475,0
3861483,0
3861491,0
3861500,0
3861508,0
3861516,0
3861524,0
3861533,0
3861541,0
3861549,0
3861558,0
3861566,0
3861574,0
3861583,0
3861591,0
3861599,0
3861608,0
3861616,0
3861625,0
3861633,0
3861641,0
3861649,0
3861658,0
3861666,0
3861674,0
3861683,0
3861691,0
3861699,0
3861708,0
3861716,0
3861724,0
3861733,0
3861741,0
3861750,0
3861758,0
3861766,0
3861774,0
3861783,0
3861791,0
3861799,0
3861808,0
3861816,0
3861824,0
3861833,0
3861841,0
3861849,0
3861858,0
3861866,0
3861874,0
3861883,0
3861891,0
3861900,0
3861908,0
3861916,0
3861924,0
3861933,0
3861941,0
3861949,0
3861958,0
3861966,0
3861974,0
3861983,0
3861991,0
3861999,0
3862008,0
3862016,0
3862024,0
3862033,0
3862041,0
3862049,0
3862058,0
3862066,0
3862074,0
3862083,0
3862091,0
3862099,0
3862108,0
3862116,0
3862124,0
3862133,0
3862141,0
3862150,0
3862158,0
3862166,0
3862174,0
3862183,0
3862191,0
3862199,0
3862208,0
3862216,0
3862224,0
3862233,0
3862241,0
3862249,0
3862258,0
3862266,0
3862274,0
3862283,0
3862291,0
3862299,0
3862308,0
3862316,0
3862324,0
3862333,0
3862341,0
3862349,0
3862358,0
3862366,0
3862374,0
3862383,0
3862391,0
3862399,0
3862408,0
3862416,0
3862424,0
3862433,0
3862441,0
3862449,0
3862458,0
3862466,0
3862474,0
3862491,0
3862499,0
3862508,0
3862516,0
3862524,0
3862533,0
3862541,0
3862549,0
3862558,0
3862566,0
3862574,0
3862583,0
3862591,0
3862599,0
3862608,0
3862616,0
3862624,0
3862641,0
3862649,0
3862658,0
3862666,0
3862674,0
3862683,0
3862691,0
3862700,0
3862708,0
3862716,0
3862724,0
3862733,0
3862741,0
3862749,0
3862758,0
3862766,0
3862774,0
3862783,0
3862791,0
3862799,0
3862808,0
3862816,0
3862824,0
3862833,0
3862841,0
3862849,0
3862858,0
3862866,0
3862874,0
3862883,0
3862891,0
3862899,0
3862908,0
3862916,0
3862924,0
3862933,0
3862941,0
3862949,0
3862958,0
3862966,0
3862974,0
3862983,0
3862991,0
3862999,0
3863008,0
3863016,0
3863024,0
3863033,0
3863041,0
3863049,0
3863058,0
3863066,0
3863074,0
3863083,0
3863091,0
3863100,0
3863108,0
3863116,0
3863124,0
3863133,0
3863141,0
3863149,0
3863158,0
3863166,0
3863174,0
3863183,0
3863191,0
3863199,0
3863208,0
3863216,0
3863224,0
3863233,0
3863241,0
3863249,0
3863258,0
3863266,0
3863274,0
3863283,0
3863291,0
3863299,0
3863308,0
3863316,0
3863324,0
3863333,0
3863341,0
3863349,0
3863358,0
3863366,0
3863374,0
3863383,0
3863391,0
3863399,0
3863408,0
3863416,0
3863424,0
3863433,0
3863441,0
3863449,0
3863458,0
3863466,0
3863474,0
3863483,0
3863491,0
3863499,0
3863508,0
3863516,0
3863524,0
3863533,0
3863541,0
3863549,0
3863558,0
3863566,0
3863574,0
3863583,0
3863591,0
3863599,0
3863616,0
3863624,0
3863633,0
3863641,0
3863649,0
3863658,0
3863666,0
3863674,0
3863683,0
3863908,0
3863916,0
3863933,0
3863949,0
3863958,0
3863974,0
3863983,0
3863991,0
3863999,0
3864008,0
3864016,0
3864024,0
3864033,0
3864041,0
3864049,0
3864058,0
3864066,0
3864074,0
3864083,0
3864091,0
3864099,0
3864116,0
3864124,0
3864133,0
3864141,0
3864149,0
3864158,0
3864166,0
3864174,0
3864183,0
3864191,0
3864199,0
3864216,0
3864224,0
3864233,0
3864241,0
3864249,0
3864266,0
3864291,0
3864299,0
3864308,0
3864324,0
3864333,0
3864341,0
3864349,0
3864358,0
3864366,0
3864374,0
3864383,0
3864391,0
3864399,1
3864408,1
3864416,0
3864424,0
3864433,0
3864441,0
3864449,0
3864499,0
3864508,0
3864516,0
3864524,0
3864533,0
3864541,0
3864549,0
3864557,0
3864566,0
3864583,0
3864591,0
3864599,5
3864616,0
3864624,0
3864649,0
3864657,0
3864666,0
3864674,0
3864682,0
3864691,0
3864699,0
3864708,0
3864716,0
3864724,0
3864733,0
3864741,0
3864749,0
3864757,0
3864766,0
3864774,0
3864782,0
3864791,0
3864799,0
3864808,0
3864816,0
3864824,0
3864832,0
3864841,0
3864849,0
3864858,0
3864866,0
3864874,0
3864883,0
3864891,0
3864899,0
3864916,0
3864924,0
3864932,0
3864941,0
3864949,0
3864957,0
3864966,0
3864974,0
3864982,0
3864991,0
3864999,0
3865016,0
3865024,0
3865032,0
3865041,0
3865049,0
3865057,0
3865066,0
3865074,0
3865082,0
3865091,0
3865099,0
3865107,0
3865116,0
3865124,0
3865132,0
3865141,0
3865149,0
3865157,0
3865166,0
3865174,0
3865183,0
3865191,0
3865199,0
3865216,0
3865224,0
3865232,0
3865241,0
3865249,0
3865257,0
3865266,0
3865274,0
3865283,0
3865291,0
3865299,0
3865308,0
3865316,0
3865324,0
3865332,0
3865341,0
3865349,0
3865357,0
3865366,0
3865374,0
3865382,0
3865391,0
3865399,0
3865407,0
3865416,0
3865424,0
3865433,0
3865441,0
3865449,0
3865458,0
3865466,0
3865474,0
3865482,0
3865491,0
3865499,0
3865507,0
3865516,0
3865524,0
3865532,0
3865541,0
3865549,0
3865557,0
3865566,0
3865574,0
3865583,0
3865591,0
3865599,0
3865607,0
3865616,0
3865624,0
3865632,0
3865641,0
3865649,0
3865657,0
3865666,0
3865674,0
3865682,0
3865691,0
3865699,0
3865716,0
3865724,0
3865733,0
3865741,0
3865749,0
3865758,0
3865766,0
3865774,0
3865782,0
3865791,0
3865799,0
3865807,0
3865816,0
3865824,0
3865832,0
3865841,0
3865849,0
3865866,0
3865883,0
3865891,0
3865899,0
3865907,5
3865916,0
3865924,0
3865966,0
3865991,0
3865999,0
3866007,0
3866024,0
3866041,0
3866049,0
3866057,0
3866066,0
3866074,0
3866082,0
3866091,0
3866099,0
3866107,0
3866116,0
3866124,0
3866132,0
3866141,0
3866149,0
3866157,0
3866166,0
3866175,0
3866182,0
3866191,0
3866201,0
3866207,0
3866216,0
3866225,0
3866232,0
3866241,0
3866249,0
3866257,0
3866266,0
3866274,0
3866282,0
3866291,0
3866299,0
3866307,0
3866316,0
3866324,0
3866332,0
3866341,0
3866349,0
3866357,0
3866366,0
3866374,0
3866382,0
3866391,0
3866399,2
3866416,5
3866424,5
3866432,4
3866441,0
3866449,0
3866466,0
3866474,0
3866483,0
3866491,0
3866499,2
3866516,2
3866524,2
3866532,3
3866541,3
3866549,0
3866557,0
3866566,0
3866574,0
3866582,0
3866591,0
3866599,0
3866616,0
3866624,2
3866633,2
3866641,0
3866649,0
3866666,0
3866674,0
3866682,0
3866691,0
3866699,2
3866732,0
3866741,0
3866749,0
3866758,0
3866766,0
3866774,0
3866783,0
3866791,0
3866799,2
3866816,0
3866824,0
3866832,0
3866841,0
3866849,0
3866866,0
3866874,0
3866882,0
3866891,0
3866899,2
3866917,0
3866924,0
3866932,0
3866941,0
3866949,0
3866957,0
3866966,0
3866974,0
3866999,2
3867033,0
3867041,0
3867049,0
3867066,0
3867074,0
3867099,2
3867116,2
3867124,2
3867132,3
3867141,0
3867149,0
3867199,2
3867216,2
3867224,2
3867232,3
3867241,0
3867299,2
3867316,2
3867324,2
3867332,2
3867341,0
3867350,0
3867366,2
3867399,2
3867441,0
3867595,1
3867604,1
3867645,0
3867653,0
3867662,0
3867670,0
3867753,0
3867762,0
3867770,0
3867778,0
3867787,0
3867795,0
3867828,0
3867837,0
3867845,0
3867853,0
3867862,0
3867870,0
3867878,0
3867887,0
3867895,0
3867903,0
3867912,0
3867920,0
3867928,0
3867937,0
3867945,0
3867953,0
3867962,0
3867970,0
3867978,0
3867987,0
3867995,0
3868004,0
3868012,0
3868020,0
3868028,0
3868037,0
3868045,0
3868053,0
3868062,0
3868070,0
3868078,0
3868087,0
3868095,0
3868103,0
3868112,0
3868120,0
3868128,0
3868137,0
3868145,0
3868153,0
3868162,0
3868170,0
3868178,0
3868187,0
3868195,0
3868203,0
3868212,0
3868220,0
3868228,0
3868237,0
3868245,0
3868253,0
3868262,0
3868270,0
3868278,0
3868287,0
3868295,0
3868303,0
3868312,0
3868320,0
3868328,0
3868337,0
3868345,0
3868353,0
3868362,0
3868370,0
3868378,0
3868387,0
3868395,0
3868403,0
3868412,0
3868420,0
3868428,0
3868437,0
3868445,0
3868453,0
3868462,0
3868470,0
3868478,0
3868487,0
3868495,0
3868503,0
3868512,0
3868520,0
3868528,0
3868537,0
3868545,0
3868553,0
3868562,0
3868570,0
3868578,0
3868587,0
3868595,0
3868603,0
3868612,0
3868620,0
3868628,0
3868637,0
3868645,0
3868653,0
3868662,0
3868670,0
3868678,0
3868687,0
3868695,0
3868703,0
3868712,0
3868720,0
3868728,0
3868737,0
3868745,0
3868753,0
3868762,0
3868770,0
3868778,0
3868787,0
3868795,0
3868803,0
3868812,0
3868820,0
3868828,0
3868837,0
3868845,0
3868853,0
3868862,0
3868870,0
3868878,0
3868887,0
3868895,0
3868903,0
3868912,0
3868920,0
3868928,0
3868937,0
3868945,0
3868953,0
3868962,0
3868970,0
3868978,0
3868987,0
3868995,0
3869003,0
3869012,0
3869020,0
3869028,0
3869037,0
3869045,0
3869053,0
3869062,0
3869070,0
3869078,0
3869087,0
3869095,0
3869103,0
3869112,0
3869120,0
3869128,0
3869137,0
3869145,0
3869154,0
3869162,0
3869170,0
3869178,0
3869187,0
3869195,0
3869203,0
3869212,0
3869220,0
3869228,0
3869237,0
3869245,0
3869253,0
3869262,0
3869270,0
3869278,0
3869287,0
3869295,0
3869303,0
3869312,0
3869320,0
3869328,0
3869337,0
3869345,0
3869353,0
3869362,0
3869370,0
3869378,0
3869387,0
3869395,0
3869404,0
3869412,0
3869420,0
3869428,0
3869437,0
3869445,0
3869453,0
3869462,0
3869470,0
3869478,0
3869487,0
3869495,0
3869503,0
3869512,0
3869520,0
3869528,0
3869537,0
3869545,0
3869553,0
3869562,0
3869570,0
3869578,0
3869587,0
3869595,0
3869603,0
3869612,0
3869620,0
3869628,0
3869637,0
3869645,0
3869653,0
3869662,0
3869670,0
3869678,0
3869687,0
3869695,0
3869703,0
3869712,0
3869720,0
3869728,0
3869737,0
3869745,0
3869753,0
3869762,0
3869770,0
3869778,0
3869787,0
3869795,0
3869803,0
3869812,0
3869821,0
3869828,0
3869837,0
3869845,0
3869853,0
3869862,0
3869870,0
3869878,0
3869887,0
3869895,0
3869903,0
3869912,0
3869920,0
3869928,0
3869937,0
3869945,0
3869953,0
3869962,0
3869970,0
3869978,0
3869987,0
3869995,0
3870003,0
3870012,0
3870020,0
3870028,0
3870037,0
3870045,0
3870053,0
3870062,0
3870070,0
3870078,0
3870087,0
3870095,0
3870103,0
3870112,0
3870120,0
3870128,0
3870137,0
3870145,0
3870178,0
3870195,0
3870203,0
3870212,0
3870220,0
3870228,0
3870237,0
3870245,0
3870253,0
3870262,0
3870270,0
3870303,0
3870312,0
3870320,0
3870328,0
3870337,0
3870345,0
3870353,0
3870362,0
3870370,0
3870378,0
3870387,0
3870395,0
3870403,0
3870412,0
3870420,0
3870428,0
3870437,0
3870445,0
3870453,0
3870462,0
3870470,0
3870478,0
3870486,0
3870495,0
3870503,0
3870512,0
3870520,0
3870528,0
3870562,0
3870570,0
3870578,0
3870612,0
3870620,0
3870628,0
3870637,0
3870645,0
3870653,0
3870662,0
3870670,0
3870678,0
3870686,0
3870695,0
3870703,0
3870711,0
3870728,0
3870737,0
3870745,0
3870753,0
3870761,0
3870770,0
3870778,0
3870787,0
3870795,0
3870803,0
3870812,0
3870820,0
3870828,0
3870836,0
3870845,0
3870853,0
3870861,0
3870870,0
3870878,0
3870895,0
3870903,0
3870912,0
3870920,0
3870928,0
3870937,0
3870945,0
3870953,0
3870962,0
3870970,0
3870978,0
3870986,0
3870995,0
3871003,0
3871011,0
3871020,0
3871028,0
3871036,0
3871045,0
3871053,0
3871061,0
3871070,0
3871078,0
3871086,0
3871095,0
3871103,0
3871111,0
3871120,0
3871128,0
3871136,0
3871145,0
3871153,0
3871161,0
3871170,0
3871178,0
3871186,0
3871195,0
3871203,0
3871212,0
3871220,0
3871228,0
3871236,0
3871245,0
3871253,0
3871261,0
3871270,0
3871278,0
3871286,0
3871295,0
3871303,0
3871311,0
3871320,0
3871328,0
3871337,0
3871345,0
3871353,0
3871361,0
3871370,0
3871378,0
3871386,0
3871395,0
3871403,0
3871411,0
3871420,0
3871428,0
3871436,0
3871445,0
3871453,0
3871462,0
3871470,0
3871486,0
3871495,0
3871503,0
3871511,0
3871520,0
3871528,0
3871536,0
3871545,0
3871561,0
3871570,0
3871578,0
3871586,0
3871595,0
3871603,0
3871611,0
3871620,0
3871629,0
3871636,0
3871645,0
3871653,0
3871661,0
3871670,0
3871678,0
3871686,0
3871695,0
3871703,0
3871711,0
3871720,0
3871728,0
3871736,0
3871745,0
3871753,0
3871761,0
3871786,0
3871795,0
3871803,0
3871811,0
3871820,0
3871828,0
3871836,0
3871845,0
3871853,0
3871861,0
3871870,0
3871878,0
3871886,0
3871895,0
3871903,0
3871911,0
3871920,0
3871928,0
3871936,0
3871945,0
3871953,0
3871961,0
3871970,0
3871978,0
3871986,0
3871995,0
3872003,0
3872011,0
3872020,0
3872028,0
3872036,0
3872061,0
3872078,0
3872086,0
3872095,0
3872103,0
3872111,0
3872120,0
3872128,0
3872136,0
3872145,0
3872178,0
3872186,0
3872195,0
3872203,0
3872211,0
3872220,0
3872228,0
3872236,0
3872245,0
3872253,0
3872261,0
3872270,0
3872278,0
3872286,0
3872295,0
3872303,0
3872311,0
3872320,0
3872328,0
3872336,0
3872345,0
3872353,0
3872361,0
3872370,0
3872386,0
3872395,0
3872403,0
3872411,0
3872420,0
3872428,0
3872436,0
3872478,0
3872495,0
3872511,0
3872520,0
3872528,0
3872536,0
3872545,0
3872553,0
3872561,0
3872570,0
3872586,0
3872595,0
3872603,0
3872611,0
3872620,0
3872628,0
3872636,0
3872645,0
3872653,0
3872678,0
3872686,0
3872695,0
3872703,0
3872711,0
3872720,0
3872728,0
3872736,0
3872745,0
3872753,0
3872761,0
3872770,0
3872786,0
3872795,0
3872803,0
3872811,0
3872820,0
3872828,0
3872836,0
3872845,0
3872895,0
3872903,0
3872911,0
3872920,0
3872936,0
3872945,0
3873003,0
3873011,0
3873020,0
3873028,0
3873036,0
3873045,0
3873053,0
3873061,0
3873070,0
3873086,0
3873095,0
3873103,0
3873111,0
3873120,0
3873170,0
3873186,0
3873195,0
3873203,0
3873211,0
3873220,0
3873228,0
3873236,0
3873245,0
3873253,0
3873262,0
3873270,0
3873286,0
3873295,0
3873303,0
3873311,0
3873320,0
3873328,0
3873336,0
3873345,0
3873353,0
3873361,0
3873370,0
3873386,0
3873395,0
3873403,0
3873411,0
3873420,0
3873428,0
3873436,0
3873445,0
3873461,0
3873470,0
3873495,0
3873503,0
3873511,0
3873520,0
3873570,0
3873578,0
3873586,0
3873595,0
3873620,0
3873628,0
3873670,0
3873695,0
3873703,0
3873711,0
3873720,0
3873736,0
3873745,0
3873753,0
3873761,0
3873770,4
3873778,5
3873786,0
3873795,0
3873803,0
3873811,0
3873820,0
3873870,5
3873878,5
3873886,0
3873895,0
3873920,0
3873928,0
3873953,0
3874245,0
3874286,0
3874303,0
3874311,0
3874320,0
3874328,0
3874336,0
3874345,0
3874353,0
3874361,0
3874370,4
3874378,0
3874386,0
3874395,0
3874403,0
3874411,0
3874419,0
3874428,0
3874436,0
3874445,0
3874453,0
3874461,0
3874470,0
3874478,0
3874486,0
3874494,0
3874503,0
3874511,0
3874520,0
3874528,0
3874536,0
3874545,0
3874553,0
3874561,0
3874569,0
3874578,0
3874586,0
3874594,0
3874603,0
3874611,0
3874620,0
3874628,0
3874636,0
3874645,0
3874653,0
3874661,0
3874670,0
3874678,0
3874686,0
3874694,0
3874703,0
3874711,0
3874719,0
3874728,0
3874736,0
3874744,0
3874753,0
3874761,0
3874769,0
3874786,0
3874794,0
3874803,0
3874811,0
3874820,0
3874828,0
3874836,0
3874844,0
3874853,0
3874861,0
3874869,0
3874886,0
3874894,0
3874903,0
3874911,0
3874920,0
3874928,0
3874936,0
3874945,0
3874953,0
3874961,0
3874969,4
3874978,3
3874986,0
3874994,0
3875003,0
3875011,0
3875020,0
3875028,0
3875036,0
3875044,0
3875053,0
3875061,0
3875069,5
3875086,0
3875094,0
3875103,0
3875111,0
3875120,0
3875128,0
3875136,0
3875145,0
3875153,0
3875161,0
3875169,0
3875178,0
3875186,0
3875194,0
3875203,0
3875211,0
3875220,0
3875228,0
3875236,0
3875244,0
3875253,0
3875261,0
3875269,0
3875278,0
3875286,0
3875294,0
3875303,0
3875311,0
3875319,0
3875328,0
3875336,0
3875345,0
3875353,0
3875361,0
3875369,4
3875386,0
3875394,0
3875403,0
3875411,0
3875420,5
3875428,5
3875436,5
3875444,0
3875453,0
3875461,5
3875469,5
3875478,5
3875486,0
3875494,0
3875503,0
3875511,0
3875519,0
3875528,0
3875536,5
3875544,5
3875553,5
3875561,5
3875569,3
3875586,0
3875594,0
3875603,0
3875611,0
3875620,0
3875628,0
3875636,5
3875644,5
3875653,0
3875661,0
3875669,0
3875678,0
3875686,0
3875694,0
3875703,0
3875711,0
3875719,0
3875728,0
3875736,0
3875744,0
3875753,0
3875761,0
3875770,0
3875778,0
3875786,0
3875794,0
3875803,0
3875811,0
3875820,0
3875828,0
3875836,0
3875844,0
3875853,0
3875861,0
3875869,0
3875878,0
3875887,0
3875894,0
3875903,0
3875911,0
3875919,0
3875928,0
3875936,0
3875944,0
3875953,0
3875961,0
3875969,0
3875986,0
3875994,0
3876003,0
3876011,0
3876020,0
3876028,0
3876036,0
3876044,0
3876053,0
3876061,0
3876069,0
3876078,0
3876086,0
3876094,0
3876103,0
3876111,0
3876119,0
3876128,0
3876153,0
3876161,0
3876170,0
3876178,0
3876186,0
3876194,0
3876203,0
3876211,0
3876220,0
3876228,0
3876236,0
3876244,0
3876253,0
3876261,0
3876269,0
3876278,0
3876286,0
3876294,0
3876303,0
3876311,0
3876319,0
3876328,0
3876336,0
3876344,0
3876353,0
3876361,0
3876369,0
3876378,0
3876386,0
3876394,0
3876403,0
3876411,0
3876420,0
3876428,0
3876436,0
3876444,0
3876453,0
3876461,0
3876469,0
3876486,0
3876494,0
3876503,0
3876511,0
3876519,0
3876528,0
3876536,0
3876544,0
3876553,0
3876561,0
3876569,3
3876578,3
3876587,0
3876594,0
3876603,0
3876611,0
3876620,0
3876628,0
3876636,0
3876644,0
3876653,0
3876661,0
3876669,0
3876678,3
3876686,0
3876694,0
3876703,0
3876711,0
3876720,0
3876728,0
3876736,0
3876744,0
3876753,0
3876761,0
3876769,0
3876778,2
3876786,0
3876794,0
3876803,0
3876811,0
3876820,0
3876854,0
3876861,0
3876869,0
3876878,2
3876886,0
3876894,0
3876903,0
3876911,0
3876919,0
3876928,0
3876944,0
3876953,0
3876978,0
3876987,0
3876994,0
3877003,0
3877011,0
3877020,0
3877028,0
3877036,0
3877044,0
3877053,0
3877061,0
3877069,0
3877078,0
3877086,0
3877094,0
3877103,0
3877111,0
3877120,0
3877128,0
3877136,0
3877144,0
3877153,0
3877161,0
3877169,0
3877178,0
3877186,0
3877194,0
3877203,0
3877211,0
3877219,0
3877228,0
3877236,0
3877244,0
3877253,0
3877261,0
3877270,0
3877286,0
3877294,0
3877303,0
3877311,0
3877320,0
3877328,0
3877336,0
3877344,0
3877353,0
3877361,0
3877369,5
3877386,0
3877394,0
3877403,0
3877411,0
3877419,0
3877428,0
3877436,0
3877444,0
3877453,0
3877461,0
3877469,0
3877478,0
3877486,0
3877494,0
3877503,0
3877511,0
3877520,0
3877528,0
3877536,0
3877544,0
3877553,0
3877561,0
3877569,0
3877578,0
3877586,0
3877594,0
3877603,0
3877611,0
3877620,0
3877628,0
3877636,0
3877644,0
3877653,0
3877661,0
3877669,0
3877678,0
3877686,0
3877694,0
3877703,0
3877711,0
3877719,0
3877728,0
3877736,0
3877744,0
3877753,0
3877761,0
3877769,0
3877786,0
3877794,0
3877803,0
3877811,0
3877819,0
3877828,0
3877836,0
3877844,0
3877853,0
3877861,0
3877869,0
3877878,0
3877886,0
3877894,0
3877903,0
3877911,0
3877928,0
3878086,0
3878094,0
3878111,0
3878119,0
3878128,0
3878153,0
3878161,0
3878169,0
3878178,0
3878186,0
3878194,0
3878203,0
3878211,0
3878219,0
3878228,0
3878236,0
3878244,0
3878252,0
3878261,0
3878269,4
3878277,3
3878286,0
3878294,0
3878303,0
3878311,0
3878319,0
3878328,0
3878336,0
3878344,0
3878353,0
3878361,0
3878369,0
3878386,0
3878394,0
3878402,0
3878411,0
3878419,0
3878428,0
3878436,0
3878444,0
3878452,0
3878461,0
3878469,4
3878486,0
3878494,0
3878503,0
3878511,0
3878519,0
3878527,0
3878536,0
3878544,0
3878552,0
3878561,0
3878569,0
3878577,0
3878586,0
3878594,5
3878603,5
3878611,0
3878619,0
3878628,0
3878644,0
3878652,0
3878661,0
3878669,0
3878677,0
3878686,0
3878694,0
3878702,0
3878711,0
3878719,0
3878727,0
3878744,0
3878753,0
3878769,0
3878777,0
3878786,0
3878794,0
3878802,0
3878811,0
3878819,0
3878828,0
3878836,0
3878844,0
3878869,0
3878886,0
3878894,0
3878903,0
3878911,0
3878919,0
3878936,0
3878944,0
3878952,0
3878969,0
3878977,0
3878986,0
3878994,0
3879011,0
3879019,0
3879028,0
3879036,0
3879044,0
3879052,0
3879061,0
3879069,0
3879077,0
3879086,0
3879094,0
3879102,0
3879111,0
3879119,0
3879136,0
3879144,0
3879152,0
3879169,0
3879177,0
3879186,0
3879194,0
3879202,0
3879211,0
3879219,0
3879236,0
3879244,0
3879252,0
3879261,0
3879269,0
3879286,0
3879294,0
3879303,0
3879311,0
3879319,0
3879327,0
3879336,0
3879344,0
3879352,0
3879361,0
3879369,0
3879377,2
3879386,0
3879394,0
3879402,0
3879411,0
3879419,0
3879428,0
3879453,0
3879461,0
3879469,0
3879486,0
3879494,0
3879502,0
3879511,0
3879519,0
3879527,0
3879536,0
3879544,0
3879552,0
3879561,0
3879569,0
3879586,0
3879594,0
3879602,0
3879611,0
3879619,0
3879628,0
3879636,0
3879644,0
3879652,0
3879661,0
3879669,0
3879677,0
3879686,0
3879694,0
3879702,0
3879711,0
3879719,0
3879727,0
3879736,0
3879744,0
3879752,0
3879761,0
3879769,5
3879786,0
3879794,0
3879802,0
3879811,0
3879819,0
3879827,0
3879836,0
3879844,0
3879853,0
3879861,0
3879869,1
3879886,0
3879894,0
3879902,0
3879911,0
3879919,0
3879927,0
3879936,0
3879944,0
3879952,0
3879961,0
3879969,0
3879986,0
3879994,0
3880002,0
3880011,0
3880019,0
3880027,0
3880036,0
3880044,0
3880052,0
3880061,0
3880069,4
3880086,0
3880094,0
3880102,0
3880111,0
3880119,0
3880127,0
3880136,0
3880144,0
3880152,0
3880161,0
3880169,0
3880186,0
3880194,0
3880202,0
3880211,0
3880219,0
3880228,0
3880236,0
3880244,0
3880252,0
3880261,0
3880269,0
3880286,0
3880294,0
3880302,0
3880311,0
3880319,0
3880327,0
3880336,0
3880344,0
3880352,0
3880361,0
3880369,0
3880377,3
3880386,0
3880394,0
3880402,0
3880411,0
3880419,0
3880427,0
3880436,0
3880444,0
3880452,0
3880461,0
3880469,0
3880486,0
3880494,0
3880502,0
3880511,0
3880519,0
3880527,0
3880536,0
3880544,0
3880552,0
3880561,0
3880569,0
3880577,0
3880586,0
3880594,0
3880602,0
3880611,0
3880619,0
3880627,0
3880636,0
3880644,0
3880652,0
3880661,0
3880669,0
3880677,0
3880686,0
3880694,0
3880702,0
3880711,0
3880719,0
3880727,0
3880736,0
3880744,0
3880752,0
3880761,0
3880769,0
3880786,0
3880794,0
3880802,0
3880811,0
3880819,0
3880828,0
3880836,0
3880844,0
3880852,0
3880861,0
3880869,0
3880886,0
3880894,0
3880902,0
3880911,0
3880919,0
3880927,0
3880936,0
3880944,0
3880952,0
3880961,0
3880969,0
3880977,0
3880986,0
3880994,0
3881002,0
3881011,0
3881019,0
3881027,0
3881036,0
3881044,0
3881052,0
3881061,0
3881069,0
3881086,0
3881094,0
3881102,0
3881111,0
3881119,0
3881152,0
3881161,0
3881169,0
3881186,0
3881194,0
3881202,0
3881211,0
3881219,0
3881227,0
3881236,0
3881244,0
3881252,0
3881261,0
3881269,0
3881277,2
3881286,0
3881294,0
3881302,0
3881311,0
3881319,0
3881327,0
3881336,0
3881344,0
3881352,0
3881361,0
3881369,4
3881386,5
3881394,5
3881402,5
3881411,0
3881419,0
3881427,0
3881436,0
3881444,0
3881452,0
3881461,0
3881469,3
3881486,5
3881494,5
3881502,4
3881511,0
3881519,0
3881527,0
3881536,0
3881544,0
3881552,0
3881561,0
3881569,0
3881577,0
3881586,0
3881594,0
3881602,0
3881611,0
3881619,0
3881627,0
3881636,0
3881644,0
3881652,0
3881661,0
3881669,0
3881677,0
3881686,0
3881694,0
3881702,0
3881711,0
3881719,0
3881727,0
3881736,0
3881744,0
3881752,0
3881777,0
3881786,0
3881794,0
3881802,0
3881811,0
3881819,0
3881827,0
3881836,0
3881844,0
3881852,0
3881861,0
3881869,0
3881886,0
3881894,0
3881902,0
3881911,0
3881919,0
3881927,0
3881936,0
3881944,0
3881952,0
3881961,0
3881969,0
3881986,0
3881994,0
3882002,0
3882011,0
3882019,0
3882036,0
3882069,0
3882102,0
3882110,0
3882152,0
3882169,0
3882177,0
3882186,0
3882194,0
3882202,0
3882210,0
3882219,0
3882227,0
3882235,0
3882244,0
3882261,0
3882269,5
3882285,0
3882294,0
3882310,0
3882319,0
3882352,0
3882361,0
3882369,0
3882386,0
3882402,0
3882410,0
3882419,0
3882427,0
3882436,0
3882444,0
3882452,0
3882460,0
3882469,0
3882494,0
3882502,0
3882510,0
3882519,0
3882527,0
3882536,0
3882544,0
3882552,0
3882560,0
3882569,0
3882577,0
3882585,0
3882594,0
3882602,0
3882610,0
3882619,0
3882627,0
3882636,0
3882644,0
3882652,0
3882661,0
3882669,0
3882677,0
3882685,0
3882694,0
3882702,0
3882710,0
3882719,0
3882727,0
3882735,0
3882744,0
3882752,0
3882760,0
3882769,0
3882777,0
3882785,0
3882794,0
3882802,0
3882810,0
3882819,0
3882827,0
3882835,0
3882844,0
3882852,0
3882860,0
3882869,0
3882877,0
3882885,0
3882894,0
3882902,0
3882910,0
3882919,0
3882927,0
3882936,0
3882944,0
3882952,0
3882961,0
3882969,0
3882977,0
3882985,0
3882994,0
3883002,0
3883010,0
3883027,0
3883036,0
3883044,0
3883060,0
3883069,0
3883077,0
3883085,0
3883094,0
3883102,0
3883110,0
3883119,0
3883169,0
3883177,0
3883185,0
3883194,0
3883202,0
3883210,0
3883219,0
3883235,0
3883269,0
3883277,0
3883285,0
3883294,0
3883302,0
3883336,0
3883369,0
3883377,0
3883385,0
3883394,0
3883402,0
3883410,0
3883435,0
3883469,0
3883477,0
3883485,0
3883494,0
3883502,0
3883510,0
3883519,0
3883527,0
3883535,0
3883544,0
3883552,0
3883560,0
3883569,0
3883577,0
3883585,0
3883594,0
3883602,0
3883610,0
3883619,0
3883627,0
3883635,0
3883644,0
3883652,0
3883660,0
3883669,0
3883677,0
3883685,0
3883694,0
3883702,0
3883710,0
3883719,0
3883727,0
3883735,0
3883744,0
3883752,0
3883760,0
3883769,0
3883777,0
3883785,0
3883794,0
3883802,0
3883810,0
3883819,0
3883827,0
3883835,0
3883844,0
3883852,0
3883860,0
3883869,0
3883877,0
3883885,0
3883894,0
3883902,0
3883910,0
3883919,0
3883927,0
3883935,0
3883944,0
3883969,0
3883977,0
3883985,0
3883994,0
3884002,0
3884010,0
3884019,0
3884027,0
3884035,0
3884044,0
3884052,0
3884060,0
3884069,0
3884077,0
3884085,0
3884094,0
3884102,0
3884110,0
3884119,0
3884127,0
3884135,0
3884144,0
3884152,0
3884160,0
3884169,0
3884177,0
3884185,0
3884194,0
3884202,0
3884210,0
3884219,0
3884235,0
3884269,0
3884277,0
3884285,0
3884294,0
3884302,0
3884310,0
3884319,0
3884327,0
3884335,0
3884344,0
3884352,0
3884360,0
3884377,0
3884402,0
3884410,0
3884419,0
3884427,0
3884435,0
3884444,0
3884452,0
3884460,0
3884469,0
3884477,0
3884485,0
3884494,0
3884502,0
3884510,0
3884519,0
3884527,0
3884535,0
3884544,0
3884552,0
3884560,0
3884569,0
3884577,0
3884585,0
3884594,0
3884602,0
3884610,0
3884619,0
3884677,0
3884685,0
3884694,0
3884702,0
3884735,0
3884744,0
3884752,0
3884760,0
3884769,0
3884777,0
3884785,0
3884794,0
3884802,0
3884810,0
3884819,0
3884835,0
3884861,0
3884869,0
3884877,0
3884885,0
3884894,0
3884902,0
3884910,0
3884919,0
3884935,0
3884960,0
3884969,0
3884977,0
3884985,0
3884994,0
3885002,0
3885011,0
3885019,0
3885077,0
3885085,0
3885094,0
3885102,0
3885110,0
3885119,0
3885127,0
3885135,0
3885144,0
3885152,0
3885160,0
3885169,0
3885177,0
3885185,0
3885194,0
3885202,0
3885210,0
3885219,0
3885227,0
3885235,0
3885244,0
3885252,0
3885260,0
3885269,0
3885277,0
3885285,0
3885294,0
3885302,0
3885310,0
3885319,0
3885327,0
3885335,0
3885344,0
3885352,0
3885360,0
3885369,0
3885377,0
3885385,0
3885394,0
3885402,0
3885410,0
3885419,0
3885427,0
3885435,0
3885444,0
3885452,0
3885477,0
3885485,0
3885494,0
3885502,0
3885510,0
3885519,0
3885527,0
3885535,0
3885544,0
3885552,0
3885560,0
3885569,0
3885577,0
3885585,0
3885594,0
3885602,0
3885610,0
3885619,0
3885627,0
3885635,0
3885644,0
3885652,0
3885660,0
3885669,0
3885677,0
3885685,0
3885694,0
3885702,0
3885710,0
3885719,0
3885727,0
3885735,0
3885744,0
3885752,0
3885760,0
3885769,0
3885777,0
3885785,0
3885794,0
3885802,0
3885810,0
3885819,0
3885827,0
3885835,0
3885844,0
3885860,0
3885869,0
3885877,0
3885885,0
3885894,0
3885902,0
3885910,0
3885919,0
3885927,0
3885935,0
3885944,0
3885952,0
3885960,0
3885969,0
3885977,0
3885985,0
3885993,0
3886002,0
3886010,0
3886018,0
3886027,0
3886035,0
3886044,0
3886052,0
3886060,0
3886069,0
3886077,0
3886085,0
3886093,0
3886102,0
3886110,0
3886119,0
3886127,0
3886135,0
3886143,0
3886152,0
3886160,0
3886169,0
3886177,0
3886185,0
3886193,0
3886202,0
3886210,0
3886218,0
3886227,0
3886235,0
3886244,0
3886252,0
3886260,0
3886268,0
3886277,0
3886285,0
3886293,0
3886302,0
3886310,0
3886319,0
3886327,0
3886335,0
3886343,0
3886352,0
3886360,0
3886369,0
3886377,0
3886385,0
3886393,0
3886402,0
3886410,0
3886418,0
3886427,0
3886435,0
3886444,0
3886452,0
3886460,0
3886468,0
3886477,0
3886485,0
3886493,0
3886502,0
3886510,0
3886518,0
3886527,0
3886535,0
3886543,0
3886552,0
3886560,0
3886569,0
3886577,0
3886585,0
3886593,0
3886602,0
3886610,0
3886618,0
3886627,0
3886635,0
3886643,0
3886652,0
3886660,0
3886668,0
3886677,0
3886685,0
3886693,0
3886702,0
3886710,0
3886718,0
3886727,0
3886735,0
3886743,0
3886752,0
3886760,0
3886768,0
3886777,0
3886785,0
3886793,0
3886802,0
3886810,0
3886818,0
3886827,0
3886835,0
3886844,0
3886852,0
3886860,0
3886868,0
3886877,0
3886885,0
3886893,0
3886902,0
3886910,0
3886918,0
3886927,0
3886935,0
3886943,0
3886952,0
3886960,0
3886969,0
3886977,0
3886985,0
3886993,0
3887002,0
3887010,0
3887018,0
3887027,0
3887035,0
3887043,0
3887060,0
3887068,0
3887077,0
3887085,0
3887093,0
3887152,0
3887193,0
3887260,0
3887268,0
3887277,0
3887285,0
3887293,0
3887302,0
3887310,0
3887318,0
3887327,0
3887335,0
3887343,0
3887352,0
3887360,0
3887368,0
3887377,0
3887385,0
3887394,0
3887402,0
3887410,0
3887452,0
3887460,0
3887477,0
3887485,0
3887493,0
3887502,0
3887510,0
3887552,0
3887560,0
3887568,0
3887577,0
3887585,0
3887593,0
3887602,0
3887610,0
3887618,0
3887627,0
3887635,0
3887643,0
3887652,0
3887660,0
3887669,0
3887677,0
3887685,0
3887693,0
3887702,0
3887710,0
3887718,0
3887735,0
3887743,0
3887760,0
3887768,0
3887777,0
3887785,0
3887793,0
3887802,0
3887810,0
3887819,0
3887835,0
3887843,0
3887952,0
3887960,0
3887968,0
3887977,0
3887985,0
3887993,0
3888002,0
3888010,0
3888018,0
3888027,0
3888035,0
3888043,0
3888060,0
3888068,0
3888077,0
3888085,0
3888093,0
3888102,0
3888185,0
3888260,0
3888268,0
3888277,0
3888285,0
3888293,0
3888302,0
3888310,0
3888318,0
3888327,0
3888335,0
3888343,0
3888352,0
3888385,0
3888393,0
3888402,0
3888410,0
3888418,0
3888427,0
3888443,0
3888452,0
3888460,0
3888468,0
3888477,0
3888485,0
3888493,0
3888502,0
3888510,0
3888518,0
3888527,0
3888535,0
3888543,0
3888552,0
3888560,0
3888568,0
3888577,0
3888585,0
3888593,0
3888602,0
3888610,0
3888618,0
3888627,0
3888635,0
3888643,0
3888652,0
3888660,0
3888668,0
3888677,0
3888685,0
3888693,0
3888702,0
3888710,0
3888718,0
3888727,0
3888735,0
3888743,0
3888752,0
3888760,0
3888768,0
3888777,0
3888785,0
3888793,0
3888802,0
3888810,0
3888818,0
3888827,0
3888843,0
3888852,0
3888860,0
3888868,0
3888877,0
3888885,0
3888893,0
3888902,0
3888910,0
3888918,0
3888927,0
3888935,0
3888943,0
3888952,0
3888960,0
3888968,0
3888977,0
3888985,0
3889010,0
3889018,0
3889027,0
3889035,0
3889044,0
3889052,0
3889060,0
3889068,0
3889077,0
3889085,0
3889093,0
3889102,0
3889110,0
3889118,0
3889127,0
3889135,0
3889152,0
3889160,0
3889168,0
3889177,0
3889185,0
3889193,0
3889202,0
3889210,0
3889218,0
3889227,0
3889235,0
3889243,0
3889252,0
3889260,0
3889268,0
3889277,0
3889285,0
3889293,0
3889302,0
3889310,0
3889327,2
3889510,0
3889527,0
3889535,3
3889552,2
3889577,0
3889602,0
3889610,0
3889618,0
3889627,0
3889635,0
3889643,0
3889652,0
3889660,0
3889677,0
3889685,0
3889693,0
3889702,0
3889710,0
3889718,0
3889727,0
3889735,0
3889743,0
3889752,0
3889760,0
3889768,0
3889777,0
3889785,0
3889793,0
3889802,0
3889810,0
3889818,0
3889826,0
3889835,0
3889843,0
3889852,0
3889860,0
3889868,0
3889876,0
3889885,0
3889893,0
3889902,0
3889910,0
3889918,0
3889927,0
3889935,0
3889943,0
3889952,0
3889960,0
3889968,0
3889977,0
3889985,0
3889993,0
3890002,0
3890010,0
3890018,0
3890026,0
3890035,0
3890043,0
3890060,0
3890068,0
3890076,0
3890085,0
3890093,0
3890101,0
3890110,0
3890118,0
3890127,0
3890135,0
3890160,0
3890168,0
3890176,0
3890185,0
3890193,0
3890201,0
3890210,0
3890218,0
3890226,0
3890235,0
3890243,0
3890252,0
3890260,0
3890268,0
3890276,0
3890285,0
3890293,0
3890301,0
3890310,0
3890318,0
3890327,0
3890335,0
3890343,0
3890351,0
3890360,0
3890368,0
3890376,0
3890385,0
3890393,0
3890402,0
3890410,0
3890418,0
3890426,0
3890435,0
3890443,0
3890452,0
3890460,0
3890468,0
3890476,0
3890485,0
3890493,0
3890501,0
3890510,0
3890518,0
3890526,0
3890535,0
3890543,0
3890551,0
3890560,0
3890568,0
3890576,0
3890585,0
3890593,0
3890602,0
3890610,0
3890618,0
3890626,0
3890635,0
3890643,5
3890652,5
3890660,0
3890668,0
3890676,0
3890685,0
3890693,0
3890701,0
3890710,0
3890718,0
3890735,0
3890743,0
3890751,0
3890768,0
3890776,0
3890785,0
3890801,0
3890810,0
3890818,0
3890843,0
3890868,0
3890876,0
3890885,0
3890893,0
3890901,0
3890910,0
3890918,0
3890927,0
3890935,0
3890943,5
3890951,5
3890968,0
3890993,0
3891110,0
3891118,0
3891126,0
3891135,0
3891143,5
3891151,0
3891160,0
3891168,0
3891176,0
3891185,0
3891193,0
3891226,0
3891235,0
3891243,0
3891251,0
3891260,0
3891268,0
3891276,0
3891285,0
3891293,0
3891301,0
3891310,0
3891318,0
3891326,0
3891335,0
3891343,0
3891360,0
3891368,0
3891376,0
3891385,0
3891393,0
3891401,0
3891410,0
3891418,0
3891426,0
3891435,0
3891443,0
3891451,0
3891460,0
3891468,0
3891501,0
3891510,0
3891518,0
3891526,0
3891543,0
3891585,0
3891593,0
3891601,0
3891610,0
3891618,0
3891635,0
3891643,0
3891660,0
3891668,0
3891676,0
3891685,0
3891693,0
3891701,0
3891710,0
3891718,0
3891726,0
3891735,0
3891743,0
3891760,0
3891768,0
3891776,0
3891785,0
3891801,0
3891810,0
3891818,0
3891826,0
3891835,0
3891843,0
3891852,0
3891860,0
3891868,0
3891876,4
3891885,0
3891893,0
3891901,0
3891910,0
3891918,0
3891926,0
3891935,0
3891943,4
3891951,0
3891960,0
3891968,0
3891976,0
3891985,0
3891993,0
3892001,0
3892010,0
3892018,0
3892026,0
3892035,5
3892043,0
3892051,0
3892060,0
3892068,0
3892076,0
3892085,0
3892093,0
3892101,0
3892110,0
3892118,0
3892135,0
3892143,0
3892151,0
3892160,0
3892168,0
3892177,0
3892185,0
3892193,0
3892201,0
3892210,0
3892218,0
3892226,0
3892235,0
3892243,2
3892260,0
3892268,0
3892276,0
3892285,0
3892293,0
3892301,0
3892310,0
3892318,0
3892326,0
3892351,0
3892360,0
3892368,0
3892376,0
3892385,0
3892393,0
3892401,0
3892410,0
3892418,0
3892426,0
3892435,0
3892443,0
3892460,0
3892468,0
3892485,0
3892493,0
3892501,0
3892510,0
3892518,0
3892526,0
3892535,0
3892543,2
3892560,0
3892568,0
3892576,0
3892585,0
3892593,0
3892601,0
3892610,0
3892618,0
3892626,0
3892635,0
3892643,2
3892660,0
3892668,0
3892676,0
3892685,0
3892693,0
3892701,0
3892710,0
3892718,0
3892743,0
3892768,0
3892776,0
3892785,0
3892793,0
3892801,0
3892810,0
3892818,0
3892835,0
3892843,2
3892860,0
3892868,0
3892876,0
3892885,0
3892893,0
3892901,0
3892910,0
3892918,0
3892943,1
3892976,0
3892985,0
3892993,0
3893001,0
3893010,0
3893018,0
3893043,0
3893085,0
3893093,0
3893110,0
3893143,1
3893176,0
3893185,0
3893193,0
3893243,1
3893260,0
3893268,0
3893276,0
3893285,0
3893293,0
3893301,0
3893310,0
3893318,0
3893343,0
3893360,0
3893368,0
3893385,0
3893393,0
3893443,1
3893476,0
3893485,0
3893493,0
3893501,0
3893510,0
3893518,0
3893527,0
3893535,0
3893543,2
3893560,0
3893568,0
3893593,0
3893601,0
3893668,0
3893676,0
3893685,0
3893693,0
3893701,0
3893710,0
3893718,0
3893726,0
3893735,0
3893743,0
3893759,0
3893768,0
3893776,0
3893785,0
3893793,0
3893801,0
3893810,0
3893827,0
3893835,0
3893860,0
3893868,0
3893876,0
3893884,0
3893893,0
3893901,0
3893926,0
3893943,0
3893961,0
3893968,0
3893976,0
3893984,0
3893993,0
3894001,0
3894009,0
3894018,0
3894026,0
3894034,0
3894043,0
3894051,0
3894060,0
3894068,0
3894076,0
3894084,0
3894094,0
3894110,0
3894118,0
3894134,0
3894143,0
3894160,0
3894168,0
3894184,0
3894193,0
3894201,0
3894209,0
3894218,0
3894227,0
3894235,0
3894243,5
3894260,0
3894276,0
3894284,0
3894293,0
3894301,0
3894318,0
3894326,0
3894343,0
3894351,0
3894360,0
3894368,0
3894376,0
3894384,0
3894393,0
3894401,0
3894410,0
3894418,0
3894426,0
3894434,0
3894443,3
3894451,2
3894460,0
3894468,0
3894476,0
3894484,0
3894493,0
3894501,0
3894509,0
3894518,0
3894527,0
3894534,0
3894543,0
3894559,0
3894568,0
3894584,0
3894593,0
3894601,0
3894643,0
3894660,0
3894676,0
3894684,0
3894693,0
3894701,0
3894709,0
3894718,0
3894727,0
3894734,0
3894743,0
3894760,0
3894768,0
3894776,0
3894784,0
3894793,0
3894801,0
3894809,0
3894818,0
3894843,1
3894884,0
3894893,0
3894909,0
3894918,0
3894926,0
3894934,0
3894943,0
3894960,0
3894968,0
3894976,0
3894984,0
3894993,0
3895001,0
3895009,1
3895018,0
3895026,0
3895034,0
3895043,0
3895060,0
3895068,2
3895076,0
3895084,0
3895093,0
3895101,0
3895109,4
3895118,4
3895126,0
3895134,0
3895143,1
3895159,0
3895168,0
3895176,0
3895184,0
3895193,0
3895201,0
3895209,5
3895218,5
3895226,0
3895234,5
3895243,4
3895251,5
3895334,0
3895343,0
3895351,0
3895368,0
3895376,0
3895384,0
3895393,0
3895401,0
3895426,0
3895443,5
3895451,5
3895460,0
3895468,0
3895484,0
3895493,0
3895526,0
3895534,0
3895543,5
3895559,0
3895568,0
3895576,0
3895584,0
3895593,0
3895601,0
3895609,0
3895634,0
3895643,0
3895668,0
3895701,0
3895709,0
3895718,0
3895726,0
3895743,0
3895751,0
3895759,0
3895768,0
3895776,0
3895784,0
3895793,0
3895801,0
3895809,0
3895818,0
3895826,0
3895835,0
3895843,5
3895851,5
3895859,0
3895868,0
3895884,0
3895893,0
3895909,0
3895918,0
3895943,5
3895951,5
3895976,0
3895993,0
3896001,0
3896009,0
3896018,0
3896026,0
3896034,0
3896043,0
3896059,0
3896068,1
3896076,0
3896085,2
3896093,0
3896101,0
3896109,0
3896118,0
3896126,0
3896134,0
3896143,4
3896159,0
3896168,0
3896176,0
3896184,0
3896193,0
3896209,0
3896218,0
3896226,0
3896235,0
3896243,0
3896259,0
3896268,0
3896276,0
3896284,0
3896293,0
3896301,0
3896309,0
3896318,0
3896326,0
3896334,0
3896343,4
3896359,1
3896368,1
3896376,0
3896384,0
3896401,0
3896434,0
3896443,1
3896459,0
3896468,0
3896476,0
3896484,5
3896493,5
3896501,0
3896509,5
3896518,5
3896526,0
3896534,0
3896543,0
3896551,0
3896559,0
3896568,0
3896576,0
3896584,0
3896593,0
3896601,0
3896626,0
3896634,0
3896643,0
3896651,0
3896659,0
3896668,0
3896676,0
3896684,0
3896693,0
3896701,0
3896709,0
3896718,0
3896726,0
3896734,0
3896743,0
3896751,0
3896759,0
3896768,0
3896776,0
3896784,0
3896793,0
3896801,0
3896809,0
3896818,0
3896834,0
3896843,0
3896893,0
3896909,0
3896918,0
3896926,0
3896951,0
3896959,0
3896968,0
3896976,0
3896984,0
3896993,0
3897001,0
3897009,0
3897018,0
3897026,0
3897034,0
3897059,0
3897068,0
3897101,0
3897109,0
3897118,0
3897126,0
3897134,0
3897143,0
3897159,0
3897168,0
3897176,0
3897184,0
3897193,0
3897201,0
3897226,0
3897234,0
3897259,0
3897268,0
3897284,0
3897293,0
3897301,0
3897309,0
3897326,0
3897334,0
3897343,0
3897368,0
3897376,0
3897384,0
3897393,0
3897401,0
3897409,0
3897418,0
3897443,0
3897451,0
3897459,0
3897468,0
3897476,0
3897484,0
3897493,0
3897542,5
3897551,5
3897559,0
3897568,0
3897584,0
3897592,0
3897609,0
3897618,0
3897626,0
3897634,0
3897643,0
3897659,0
3897668,0
3897676,0
3897684,0
3897692,0
3897701,0
3897709,0
3897717,0
3897734,0
3897742,5
3897751,5
3897784,0
3897793,0
3897842,0
3897851,0
3897876,0
3897884,0
3897892,0
3897926,0
3897943,0
3897951,0
3897959,0
3897967,0
3897976,0
3897984,0
3897992,0
3898001,0
3898009,0
3898017,0
3898026,0
3898034,0
3898042,5
3898051,5
3898068,0
3898076,0
3898084,0
3898092,0
3898101,0
3898109,0
3898117,0
3898126,0
3898134,0
3898142,0
3898151,0
3898159,0
3898167,0
3898209,0
3898226,0
3898234,0
3898242,5
3898251,5
3898259,0
3898268,0
3898301,0
3898309,0
3898317,0
3898326,0
3898334,4
3898343,4
3898351,5
3898359,0
3898367,0
3898376,0
3898384,0
3898392,0
3898442,5
3898451,5
3898468,0
3898526,0
3898542,4
3898559,0
3898567,0
3898576,0
3898584,0
3898592,0
3898601,0
3898617,0
3898642,0
3898676,0
3898684,0
3898692,0
3898701,0
3898709,0
3898717,0
3898743,5
3898751,5
3898767,0
3898776,0
3898784,0
3898792,0
3898801,0
3898817,0
3898826,0
3898842,5
3898851,2
3898859,0
3898868,0
3898901,0
3899101,0
3899109,0
3899126,0
3899142,0
3899159,0
3899167,0
3899176,0
3899184,0
3899234,0
3899242,5
3899251,5
3899259,0
3899267,0
3899292,0
3899301,0
3899342,0
3899376,0
3899384,0
3899392,0
3899443,0
3899476,0
3899484,0
3899492,0
3899501,0
3899509,0
3899517,0
3899526,0
3899534,0
3899542,0
3899559,0
3899567,0
3899576,0
3899584,0
3899592,0
3899601,0
3899609,0
3899617,0
3899626,0
3899634,0
3899642,0
3899659,0
3899667,0
3899717,0
3899726,0
3899734,0
3899742,0
3899759,0
3899767,0
3899809,0
3899817,0
3899834,0
3899842,0
3899859,0
3899867,0
3899926,0
3899934,0
3899942,0
3899959,0
3899967,0
3899984,0
3899992,0
3900001,0
3900009,0
3900017,0
3900026,0
3900034,0
3900042,0
3900051,0
3900059,0
3900067,0
3900084,0
3900109,0
3900117,0
3900142,0
3900151,0
3900167,0
3900243,0
3900259,0
3900267,0
3900309,0
3900342,0
3900359,0
3900376,0
3900426,0
3900434,0
3900442,0
3900451,0
3900459,0
3900467,0
3900476,0
3900484,0
3900492,0
3900501,0
3900509,0
3900517,0
3900526,0
3900534,0
3900542,0
3900551,0
3900559,0
3900567,0
3900576,0
3900584,0
3900592,0
3900601,0
3900609,0
3900617,0
3900626,0
3900634,0
3900642,0
3900651,0
3900659,0
3900668,0
3900676,0
3900684,0
3900692,0
3900701,0
3900709,0
3900717,0
3900726,0
3900734,0
3900742,0
3900751,0
3900759,0
3900767,0
3900776,0
3900784,0
3900792,0
3900801,0
3900809,0
3900818,0
3900834,0
3900842,0
3900851,0
3900859,0
3900867,0
3900876,0
3900884,0
3900892,0
3900901,0
3900909,0
3900917,0
3900926,0
3900934,0
3900942,0
3900951,0
3900959,0
3900967,0
3900976,0
3900984,0
3900992,0
3901001,0
3901009,0
3901017,0
3901034,0
3901042,0
3901084,0
3901092,0
3901101,0
3901109,0
3901117,0
3901126,0
3901134,0
3901142,0
3901151,0
3901159,0
3901167,0
3901176,0
3901184,0
3901192,0
3901201,0
3901209,0
3901217,0
3901226,0
3901234,0
3901242,0
3901251,0
3901259,0
3901267,0
3901276,0
3901284,0
3901292,0
3901301,0
3901309,0
3901317,0
3901326,0
3901334,0
3901342,0
3901351,0
3901359,0
3901367,0
3901376,0
3901384,0
3901392,0
3901409,0
3901442,0
3901451,0
3901467,0
3901500,0
3901517,0
3901526,0
3901534,0
3901542,0
3901550,0
3901559,0
3901567,0
3901575,0
3901584,0
3901592,0
3901601,0
3901609,0
3901617,0
3901626,5
3901634,5
3901642,5
3901651,5
3901659,5
3901667,5
3901676,5
3901684,5
3901692,5
3901701,5
3901709,5
3901717,5
3901725,5
3901734,5
3901742,5
3901750,5
3901759,5
3901784,5
3901792,0
3901801,0
3901809,5
3901817,5
3901825,5
3901834,0
3901842,0
3901850,0
3901859,0
3901867,0
3901876,0
3901884,0
3901892,5
3901900,5
3901909,5
3901917,5
3901925,5
3901934,5
3901942,5
3901951,5
3901959,5
3901967,5
3901975,5
3901984,5
3901992,0
3902000,0
3902009,0
3902017,5
3902025,5
3902034,5
3902042,5
3902050,5
3902059,5
3902067,5
3902076,5
3902092,5
3902100,5
3902117,1
3902125,1
3902142,1
3902151,1
3902167,5
3902175,5
3902192,5
3902200,5
3902217,5
3902225,5
3902242,5
3902250,5
3902267,5
3902275,5
3902292,5
3902300,5
3902309,5
3902317,5
3902325,5
3902342,5
3902351,5
3902367,5
3902375,5
3902392,5
3902400,5
3902417,5
3902425,5
3902442,5
3902450,5
3902467,5
3902475,5
3902492,5
3902501,5
3902509,5
3902517,5
3902525,5
3902542,2
3902567,5
3902575,5
3902592,5
3902600,5
3902617,5
3902626,5
3902642,5
3902650,5
3902667,5
3902676,5
3902692,5
3902700,5
3902717,5
3902725,5
3902742,5
3902750,5
3902767,5
3902775,5
3902792,5
3902800,5
3902817,5
3902825,5
3902842,5
3902850,5
3902867,5
3902875,5
3902892,5
3902900,5
3902917,5
3902925,5
3902942,5
3902950,5
3902967,5
3902975,5
3902992,5
3903000,5
3903017,5
3903025,5
3903042,5
3903050,5
3903067,5
3903075,5
3903092,5
3903100,5
3903109,5
3903117,5
3903125,5
3903142,5
3903150,5
3903167,5
3903175,5
3903192,5
3903201,5
3903217,5
3903225,5
3903242,5
3903250,0
3903267,0
3903275,5
3903292,5
3903300,5
3903309,5
3903317,5
3903325,5
3903334,5
3903342,5
3903350,5
3903359,5
3903367,5
3903375,0
3903384,0
3903392,0
3903400,0
3903409,0
3903417,0
3903425,5
3903434,5
3903442,5
3903450,5
3903459,5
3903467,5
3903475,5
3903484,5
3903492,5
3903500,5
3903509,5
3903517,5
3903525,5
3903534,5
3903542,5
3903550,5
3903559,5
3903567,5
3903575,5
3903584,5
3903592,5
3903601,5
3903609,5
3903617,5
3903626,5
3903634,5
3903642,5
3903650,5
3903659,5
3903667,5
3903675,5
3903684,5
3903692,5
3903700,5
3903709,5
3903717,5
3903725,5
3903734,5
3903742,5
3903750,0
3903759,0
3903767,0
3903775,0
3903784,0
3903792,0
3903800,0
3903809,5
3903817,5
3903825,5
3903834,5
3903842,5
3903850,5
3903859,5
3903867,5
3903875,5
3903884,5
3903892,5
3903901,5
3903909,5
3903917,5
3903925,5
3903934,0
3903942,2
3903950,5
3903959,5
3903967,5
3903975,5
3903984,5
3903992,5
3904000,5
3904009,5
3904017,5
3904025,5
3904034,5
3904042,5
3904050,5
3904059,5
3904067,0
3904075,0
3904084,0
3904092,5
3904100,5
3904109,5
3904117,5
3904125,5
3904134,0
3904142,0
3904150,0
3904159,0
3904167,0
3904175,0
3904184,0
3904192,0
3904200,0
3904209,5
3904217,5
3904225,5
3904234,5
3904242,5
3904250,5
3904259,5
3904267,0
3904275,0
3904284,0
3904292,0
3904300,0
3904309,5
3904317,5
3904325,5
3904334,0
3904342,0
3904350,0
3904359,0
3904367,0
3904375,0
3904384,0
3904392,0
3904400,0
3904409,5
3904417,5
3904425,5
3904434,5
3904442,1
3904450,1
3904459,1
3904467,1
3904475,1
3904484,1
3904492,1
3904500,1
3904509,1
3904517,1
3904525,1
3904534,1
3904542,1
3904550,1
3904559,1
3904567,5
3904575,5
3904584,5
3904592,1
3904600,1
3904625,5
3904809,5
3904817,0
3904825,5
3904834,1
3904850,5
3904867,5
3904875,0
3904900,0
3904909,0
3904917,0
3904925,0
3904934,0
3904942,0
3904950,0
3904959,0
3904967,0
3904975,0
3904984,0
3904992,0
3905000,0
3905009,0
3905017,0
3905025,0
3905034,0
3905042,0
3905050,0
3905059,0
3905067,0
3905075,0
3905084,0
3905092,0
3905100,0
3905109,0
3905117,0
3905125,0
3905134,0
3905142,0
3905150,0
3905159,0
