3743161,5
3743169,5
3743178,5
3743186,5
3743194,5
3743203,5
3743211,5
3743219,5
3743228,5
3743236,5
3743244,5
3743253,5
3743261,5
3743269,5
3743278,5
3743286,5
3743294,5
3743303,5
3743311,5
3743319,5
3743328,5
3743336,5
3743344,5
3743353,5
3743361,5
3743369,5
3743378,5
3743386,5
3743394,5
3743403,5
3743411,5
3743419,5
3743428,5
3743436,5
3743444,5
3743453,5
3743461,5
3743469,5
3743478,5
3743486,5
3743494,5
3743503,5
3743511,5
3743519,5
3743528,5
3743536,5
3743544,5
3743553,5
3743561,5
3743569,5
3743578,5
3743586,5
3743594,5
3743603,5
3743611,5
3743619,5
3743628,5
3743636,5
3743644,5
3743653,5
3743661,5
3743669,5
3743678,5
3743686,5
3743694,0
3743703,0
3743711,5
3743719,5
3743728,5
3743736,5
3743744,5
3743753,5
3743761,5
3743944,5
3743953,5
3743961,5
3743969,5
3743978,5
3743986,5
3743994,5
3744003,5
3744011,5
3744019,5
3744028,5
3744036,5
3744044,5
3744053,5
3744061,5
3744070,5
3744078,5
3744086,5
3744094,5
3744103,5
3744111,5
3744119,5
3744128,5
3744136,5
3744144,5
3744153,5
3744161,5
3744169,5
3744178,5
3744186,5
3744194,5
3744203,5
3744211,5
3744219,5
3744228,5
3744236,5
3744244,5
3744253,5
3744261,5
3744269,5
3744278,5
3744286,5
3744294,5
3744303,5
3744311,5
3744319,5
3744328,5
3744336,5
3744344,5
3744353,5
3744361,5
3744369,5
3744378,5
3744386,5
3744394,5
3744419,5
3744428,5
3744436,5
3744444,5
3744453,5
3744461,5
3744469,5
3744478,5
3744486,5
3744494,5
3744503,5
3744511,5
3744519,5
3744528,5
3744536,5
3744544,5
3744553,5
3744561,5
3744569,5
3744578,5
3744586,5
3744594,5
3744603,5
3744611,5
3744619,5
3744628,5
3744836,5
3744844,5
3744853,5
3744861,5
3744869,5
3744878,5
3744886,5
3744894,5
3744903,5
3744911,5
3744919,5
3744928,5
3744936,5
3744944,5
3744953,5
3744961,5
3744969,5
3744978,5
3744986,5
3744994,5
3745003,5
3745011,5
3745019,5
3745028,5
3745036,5
3745044,5
3745053,5
3745061,5
3745069,5
3745078,5
3745086,5
3745094,5
3745103,5
3745111,5
3745119,5
3745128,5
3745136,5
3745144,5
3745153,5
3745161,5
3745169,5
3745177,5
3745186,5
3745194,5
3745203,5
3745211,5
3745219,5
3745228,5
3745236,5
3745244,5
3745252,5
3745261,5
3745269,5
3745277,5
3745286,5
3745294,5
3745302,5
3745311,5
3745319,5
3745328,5
3745336,5
3745344,5
3745353,5
3745361,5
3745369,5
3745377,5
3745386,5
3745394,5
3745403,5
3745411,5
3745419,5
3745427,5
3745436,5
3745444,5
3745453,5
3745461,5
3745469,5
3745478,5
3745486,5
3745494,5
3745502,5
3745511,5
3745519,5
3745528,5
3745536,5
3745544,5
3745552,5
3745561,5
3745569,5
3745577,5
3745586,5
3745594,5
3745603,5
3745611,5
3745619,5
3745628,5
3745636,5
3745644,5
3745652,5
3745661,5
3745669,5
3745677,5
3745686,5
3745694,5
3745702,5
3745711,5
3745719,5
3745727,5
3745736,5
3745744,5
3745761,5
3745769,5
3745777,5
3745786,5
3745794,5
3745802,5
3745811,5
3745819,5
3745827,5
3745836,5
3745844,5
3745852,5
3745861,5
3745869,5
3745877,5
3745886,5
3745894,5
3745902,5
3745911,5
3745919,5
3745927,1
3745936,1
3745944,1
3745952,1
3745961,5
3745969,5
3745977,5
3745986,5
3745994,5
3746002,5
3746011,5
3746019,5
3746027,5
3746036,5
3746044,5
3746052,5
3746061,5
3746069,5
3746077,5
3746086,5
3746094,5
3746102,5
3746111,5
3746119,5
3746127,5
3746136,5
3746144,1
3746152,1
3746161,5
3746169,5
3746177,5
3746186,5
3746194,5
3746203,5
3746211,5
3746219,5
3746227,5
3746236,5
3746244,5
3746252,5
3746261,5
3746269,5
3746277,5
3746286,5
3746294,5
3746302,5
3746311,5
3746319,5
3746327,5
3746336,5
3746344,5
3746352,5
3746511,5
3746527,5
3746536,2
3746544,5
3746552,1
3746561,5
3746569,5
3746577,5
3746586,5
3746594,5
3746602,5
3746611,5
3746619,5
3746627,5
3746636,5
3746644,5
3746652,5
3746661,5
3746669,5
3746677,5
3746686,5
3746694,5
3746702,5
3746711,5
3746719,5
3746727,5
3746736,5
3746744,5
3746752,5
3746761,5
3746769,5
3746777,5
3746786,5
3746794,5
3746802,5
3746811,5
3746819,5
3746827,5
3746836,5
3746844,5
3746852,5
3746861,5
3746869,5
3746877,5
3746886,0
3746894,0
3746902,0
3746911,5
3746919,5
3746927,5
3746936,5
3746944,5
3746952,5
3746961,0
3746969,0
3746977,0
3746986,0
3746994,0
3747002,0
3747011,0
3747019,0
3747027,5
3747036,5
3747044,5
3747052,5
3747061,5
3747069,5
3747077,0
3747086,0
3747094,0
3747102,0
3747111,0
3747119,0
3747127,5
3747136,5
3747144,5
3747152,5
3747161,5
3747169,5
3747177,0
3747186,0
3747194,0
3747202,0
3747211,0
3747219,0
3747227,0
3747236,0
3747244,0
3747252,0
3747261,0
3747269,0
3747277,0
3747286,0
3747294,0
3747302,0
3747311,0
3747319,5
3747327,5
3747336,5
3747344,5
3747352,5
3747361,5
3747369,5
3747377,5
3747386,5
3747394,5
3747402,5
3747411,5
3747419,5
3747427,5
3747436,5
3747444,5
3747452,5
3747461,5
3747469,5
3747477,5
3747486,5
3747494,5
3747502,5
3747511,5
3747519,5
3747527,5
3747536,5
3747544,5
3747552,5
3747561,5
3747569,5
3747577,5
3747586,6
3747594,6
3747602,6
3747611,6
3747619,6
3747627,6
3747636,6
3747644,5
3747652,5
3747661,5
3747669,5
3747677,6
3747686,6
3747694,6
3747702,6
3747711,6
3747719,6
3747727,6
3747736,6
3747744,6
3747752,6
3747761,6
3747769,6
3747777,6
3747786,6
3747794,5
3747802,5
3747811,5
3747819,5
3747827,5
3747836,5
3747844,5
3747852,5
3747861,5
3747869,5
3747877,5
3747886,5
3747894,5
3747902,5
3747911,5
3747919,5
3747927,5
3747936,5
3747944,5
3747952,5
3747961,5
3747969,5
3747977,5
3747986,5
3747994,5
3748002,5
3748011,5
3748019,5
3748027,5
3748036,5
3748044,5
3748052,5
3748061,5
3748069,5
3748077,5
3748086,5
3748094,5
3748102,5
3748111,5
3748119,5
3748127,5
3748136,5
3748144,5
3748152,5
3748161,5
3748169,5
3748177,5
3748186,6
3748194,6
3748202,6
3748211,6
3748219,6
3748227,6
3748236,6
3748244,6
3748252,6
3748261,6
3748269,6
3748277,6
3748286,6
3748294,6
3748302,6
3748311,6
3748319,6
3748327,6
3748336,6
3748344,6
3748352,6
3748361,6
3748369,6
3748377,6
3748386,6
3748394,5
3748402,5
3748411,6
3748419,6
3748427,6
3748436,6
3748444,6
3748452,6
3748461,6
3748469,6
3748477,6
3748486,6
3748494,6
3748502,6
3748511,5
3748519,5
3748527,5
3748536,5
3748544,5
3748552,5
3748561,5
3748569,5
3748577,5
3748586,5
3748594,5
3748602,5
3748611,5
3748836,5
3748844,5
3748852,5
3748861,5
3748869,5
3748877,5
3748886,5
3748894,5
3748902,5
3748911,5
3748919,5
3748927,5
3748936,5
3748944,5
3748952,5
3748961,5
3748969,5
3748977,5
3748986,5
3748994,5
3749002,5
3749011,5
3749019,5
3749027,5
3749035,5
3749044,5
3749052,5
3749061,5
3749069,5
3749077,5
3749086,5
3749094,5
3749102,5
3749111,5
3749119,5
3749127,5
3749135,5
3749144,5
3749152,5
3749161,5
3749169,5
3749177,5
3749185,5
3749194,5
3749202,5
3749211,5
3749219,5
3749227,5
3749235,5
3749244,5
3749252,5
3749260,5
3749269,5
3749277,5
3749285,5
3749294,5
3749302,5
3749311,5
3749319,5
3749327,5
3749335,5
3749344,5
3749352,5
3749361,5
3749369,5
3749377,5
3749386,5
3749394,5
3749402,5
3749411,5
3749419,5
3749427,5
3749436,5
3749444,5
3749452,5
3749460,5
3749469,5
3749477,5
3749486,5
3749494,5
3749502,5
3749511,5
3749519,5
3749527,5
3749535,5
3749544,5
3749552,0
3749560,0
3749569,0
3749577,0
3749585,0
3749594,0
3749602,0
3749611,0
3749619,0
3749627,0
3749636,0
3749644,0
3749652,0
3749660,0
3749669,0
3749677,0
3749685,0
3749694,0
3749702,0
3749711,0
3749719,5
3749727,5
3749735,5
3749744,5
3749752,5
3749760,0
3749769,0
3749777,0
3749785,0
3749794,0
3749802,5
3749810,5
3749819,5
3749827,5
3749835,5
3749844,5
3749852,5
3749860,5
3749869,0
3749877,0
3749885,0
3749894,0
3749902,0
3749910,5
3749919,5
3749927,5
3749935,5
3749944,5
3749952,5
3749961,5
3749969,5
3749977,5
3749985,5
3749994,5
3750002,5
3750010,5
3750019,5
3750027,5
3750035,5
3750044,5
3750052,5
3750060,5
3750069,5
3750077,5
3750085,5
3750094,5
3750102,5
3750110,5
3750119,5
3750127,5
3750135,5
3750144,5
3750152,5
3750160,5
3750169,5
3750177,5
3750185,5
3750194,5
3750202,5
3750210,5
3750219,5
3750227,5
3750236,5
3750244,5
3750252,5
3750260,5
3750269,5
3750277,5
3750294,5
3750302,5
3750310,5
3750319,5
3750327,5
3750335,5
3750344,5
3750352,5
3750360,5
3750369,5
3750377,5
3750385,5
3750394,5
3750402,5
3750410,5
3750419,5
3750427,5
3750435,5
3750444,5
3750452,5
3750460,5
3750469,5
3750477,5
3750485,5
3750494,5
3750502,5
3750510,5
3750527,5
3750535,5
3750544,5
3750552,5
3750560,5
3750569,5
3750577,5
3750585,5
3750594,5
3750602,5
3750610,5
3750619,5
3750627,1
3750635,5
3750644,5
3750652,5
3750660,5
3750669,5
3750677,5
3750685,5
3750694,5
3750702,5
3750710,5
3750719,5
3750727,5
3750735,5
3750744,5
3750752,5
3750760,5
3750769,5
3750777,5
3750785,5
3750794,5
3750802,5
3750810,5
3750819,5
3750827,5
3750835,5
3750844,5
3750852,5
3750860,5
3750869,5
3750877,5
3750885,5
3750894,5
3750902,5
3750910,5
3750919,5
3750927,5
3750935,5
3750944,5
3750952,5
3750960,5
3750969,5
3750977,5
3750985,5
3750994,5
3751002,5
3751010,5
3751019,5
3751027,5
3751035,5
3751044,5
3751052,5
3751060,5
3751069,5
3751077,5
3751085,5
3751094,5
3751102,5
3751110,5
3751119,5
3751127,5
3751135,5
3751144,5
3751152,5
3751161,5
3751169,5
3751194,5
3751202,5
3751210,5
3751219,5
3751227,5
3751235,5
3751244,5
3751252,5
3751260,5
3751269,5
3751277,5
3751302,5
3751310,5
3751319,5
3751327,5
3751335,5
3751344,5
3751352,5
3751360,5
3751369,5
3751377,5
3751385,5
3751394,5
3751402,5
3751410,5
3751419,5
3751427,5
3751435,5
3751444,5
3751460,5
3751469,5
3751477,5
3751485,5
3751494,5
3751502,5
3751510,5
3751519,5
3751527,5
3751535,5
3751544,5
3751560,5
3751569,5
3751577,5
3751585,5
3751594,5
3751602,5
3751610,5
3751619,5
3751627,5
3751635,5
3751644,5
3751652,5
3751660,5
3751669,5
3751677,5
3751685,5
3751694,5
3751702,5
3751710,5
3751719,5
3751727,5
3751735,5
3751744,5
3751760,5
3751769,5
3751777,5
3751785,5
3751794,5
3751802,5
3751810,5
3751819,5
3751835,5
3751844,5
3751852,5
3751860,5
3751869,5
3751877,5
3751885,5
3751894,5
3751902,5
3751910,5
3751919,5
3751927,5
3751935,5
3751944,5
3751952,5
3751960,5
3751969,5
3751977,5
3751985,5
3752669,5
3752677,5
3752685,5
3752702,5
3752710,5
3752727,5
3752735,5
3752744,5
3752752,5
3752760,5
3752769,5
3752777,5
3752785,5
3752794,5
3752802,5
3752810,5
3752819,5
3752827,5
3752835,5
3752844,5
3752852,5
3752860,5
3752869,5
3752877,5
3752885,5
3752894,5
3752902,5
3752910,5
3752919,5
3752927,5
3752935,5
3752943,5
3752952,5
3752960,5
3752969,5
3752977,5
3752985,5
3752994,5
3753002,5
3753010,5
3753019,5
3753027,5
3753035,5
3753044,5
3753052,5
3753060,5
3753068,5
3753077,5
3753085,5
3753094,5
3753102,5
3753110,5
3753118,5
3753127,5
3753135,5
3753143,5
3753152,5
3753160,5
3753168,5
3753177,5
3753185,5
3753194,5
3753202,5
3753210,5
3753218,5
3753227,5
3753235,5
3753243,5
3753252,5
3753260,5
3753269,5
3753277,5
3753285,5
3753293,5
3753443,5
3753452,5
3753460,5
3753469,5
3753477,5
3753485,5
3753494,5
3753502,5
3753510,5
3753518,5
3753527,5
3753535,5
3753543,5
3753552,5
3753560,5
3753568,5
3753577,5
3753585,5
3753593,5
3753602,5
3753610,5
3753618,5
3753627,5
3753635,5
3753644,5
3753652,5
3753660,5
3753669,5
3753677,5
3753685,5
3753693,5
3753702,5
3753710,5
3753718,5
3753727,5
3753735,5
3753744,5
3753752,5
3753760,5
3753769,5
3753777,5
3753785,5
3753793,5
3753802,5
3753810,5
3753818,5
3753827,5
3753835,5
3753843,5
3753852,5
3753860,5
3753868,5
3753877,5
3753885,5
3753893,5
3753902,5
3753910,5
3753919,5
3753927,5
3753935,5
3753943,5
3753952,5
3753960,5
3753968,5
3753977,5
3753985,5
3753993,5
3754002,5
3754010,5
3754018,5
3754027,5
3754035,5
3754043,5
3754052,5
3754060,5
3754068,5
3754077,5
3754085,5
3754093,5
3754102,5
3754110,5
3754118,5
3754127,5
3754135,5
3754143,5
3754152,5
3754160,5
3754168,5
3754177,5
3754185,5
3754193,5
3754202,5
3754210,5
3754218,5
3754227,5
3754235,5
3754243,5
3754252,5
3754260,5
3754268,5
3754277,5
3754285,5
3754293,5
3754302,5
3754310,5
3754318,5
3754327,5
3754335,5
3754343,5
3754352,5
3754360,5
3754368,5
3754377,5
3754385,5
3754393,5
3754402,5
3754410,5
3754418,5
3754427,5
3754435,5
3754443,5
3754452,5
3754460,5
3754468,5
3754477,5
3754485,5
3754493,5
3754502,5
3754510,5
3754518,5
3754527,5
3754535,5
3754543,5
3754552,5
3754560,5
3754568,5
3754577,5
3754585,5
3754593,5
3754602,5
3754610,5
3754618,5
3754627,5
3754635,5
3754643,5
3754652,5
3754660,5
3754668,5
3754677,5
3754685,5
3754693,5
3754702,5
3754710,5
3754718,5
3754727,5
3754735,5
3754743,5
3754752,5
3754760,5
3754768,5
3754777,5
3754785,5
3754793,5
3754802,5
3754810,5
3754818,5
3754827,5
3754835,5
3754843,5
3754852,5
3754860,5
3754868,5
3754877,5
3754885,5
3754893,5
3754902,5
3754910,5
3754918,5
3754927,5
3754935,5
3754943,5
3754952,5
3754960,5
3754968,5
3754977,5
3754985,5
3754993,5
3755002,5
3755010,5
3755018,5
3755027,5
3755035,5
3755043,5
3755052,5
3755060,5
3755068,5
3755077,5
3755085,5
3755093,5
3755102,5
3755110,5
3755118,5
3755127,5
3755135,5
3755143,5
3755152,5
3755160,5
3755168,5
3755177,1
3755185,1
3755193,5
3755202,5
3755210,5
3755218,1
3755227,1
3755235,1
3755243,1
3755252,1
3755260,5
3755268,5
3755277,5
3755285,5
3755293,5
3755302,5
3755310,5
3755318,1
3755327,1
3755335,1
3755343,1
3755352,1
3755360,1
3755368,1
3755377,1
3755385,5
3755393,5
3755402,5
3755410,1
3755418,1
3755427,1
3755435,1
3755443,1
3755452,1
3755460,5
3755468,5
3755477,1
3755485,5
3755493,5
3755502,5
3755510,5
3755518,1
3755527,1
3755535,1
3755543,1
3755552,1
3755560,1
3755568,1
3755577,5
3755585,5
3755593,5
3755602,5
3755610,5
3755618,5
3755627,1
3755635,1
3755643,1
3755652,1
3755660,1
3755668,1
3755677,1
3755685,1
3755693,5
3755702,5
3755710,1
3755718,1
3755727,2
3755735,1
3755743,1
3755752,1
3755760,1
3755885,2
3755902,3
3755910,3
3755918,3
3755927,3
3755935,1
3755943,5
3755952,5
3755960,5
3755968,5
3755977,5
3755985,5
3755993,5
3756002,5
3756010,5
3756018,5
3756027,5
3756035,5
3756043,5
3756052,5
3756060,5
3756068,5
3756077,5
3756085,5
3756093,5
3756102,5
3756110,5
3756118,5
3756127,1
3756135,5
3756143,5
3756151,5
3756160,5
3756168,5
3756177,5
3756185,5
3756193,5
3756202,5
3756210,5
3756218,5
3756235,5
3756243,5
3756252,5
3756260,5
3756268,5
3756277,5
3756285,5
3756293,5
3756302,5
3756310,5
3756318,5
3756335,5
3756343,5
3756352,5
3756360,5
3756368,5
3756377,5
3756385,5
3756393,5
3756402,5
3756410,5
3756418,5
3756427,1
3756435,1
3756443,5
3756452,5
3756460,5
3756468,5
3756477,5
3756485,1
3756493,5
3756501,5
3756510,5
3756518,5
3756527,1
3756535,5
3756543,1
3756552,1
3756710,0
3756735,2
3756743,2
3756752,5
3756760,5
3756768,5
3756776,5
3756785,5
3756793,5
3756801,5
3756810,5
3756818,5
3756826,1
3756835,5
3756843,5
3756852,5
3756860,5
3756868,5
3756877,5
3756885,5
3756893,5
3756901,5
3756910,0
3756918,0
3756926,0
3756935,0
3756943,5
3756951,5
3756960,5
3756968,5
3756976,0
3756985,0
3756993,0
3757001,0
3757010,0
3757018,0
3757026,5
3757035,5
3757043,5
3757051,5
3757060,5
3757068,0
3757077,0
3757085,0
3757093,0
3757101,0
3757110,0
3757118,0
3757127,0
3757135,5
3757143,5
3757152,5
3757160,5
3757168,5
3757176,5
3757185,5
3757193,5
3757201,5
3757210,5
3757218,5
3757226,5
3757235,5
3757243,5
3757251,5
3757260,5
3757268,5
3757276,5
3757285,5
3757293,5
3757301,5
3757310,5
3757485,0
3757510,0
3757518,0
3757526,0
3757535,0
3757543,0
3757551,0
3757560,0
3757568,0
3757576,0
3757585,0
3757593,0
3757602,0
3757610,0
3757618,0
3757626,5
3757635,5
3757643,5
3757651,5
3757660,0
3757668,0
3757676,0
3757685,0
3757693,0
3757701,0
3757710,0
3757718,0
3757726,5
3757735,5
3757743,5
3757751,5
3757760,5
3757768,5
3757776,5
3757785,0
3757793,0
3757801,0
3757810,5
3757818,5
3757826,5
3757835,5
3757843,5
3757851,5
3757860,5
3757868,5
3757876,5
3757885,5
3757893,5
3757901,5
3757910,5
3757918,5
3757927,5
3757935,5
3757960,5
3757968,5
3757976,5
3757985,5
3757993,5
3758001,5
3758010,5
3758018,5
3758026,5
3758035,5
3758043,5
3758051,5
3758060,5
3758068,5
3758076,5
3758085,5
3758093,5
3758101,5
3758110,5
3758118,5
3758126,5
3758135,5
3758143,5
3758151,5
3758160,5
3758168,5
3758176,5
3758185,0
3758193,0
3758201,5
3758385,3
3758393,2
3758401,1
3758410,0
3758418,0
3758426,0
3758435,5
3758443,5
3758451,0
3758460,0
3758468,0
3758476,0
3758485,0
3758493,0
3758501,0
3758510,0
3758518,5
3758526,5
3758535,5
3758543,5
3758551,5
3758560,0
3758568,0
3758576,0
3758585,0
3758593,0
3758601,0
3758610,0
3758618,5
3758626,5
3758635,0
3758643,0
3758651,0
3758660,0
3758668,0
3758676,0
3758685,0
3758693,0
3758701,0
3758710,0
3758718,0
3758726,0
3758735,0
3758743,0
3758751,0
3758760,0
3758768,0
3758776,0
3758785,0
3758793,0
3758801,0
3758810,0
3758818,0
3758826,0
3758835,0
3758843,0
3758851,0
3758860,0
3758868,0
3758876,0
3758885,0
3758893,0
3758901,0
3758910,0
3758918,0
3758926,0
3758935,0
3758943,0
3758951,0
3758960,0
3758968,0
3758976,0
3758985,0
3758993,0
3759001,0
3759010,0
3759018,5
3759026,5
3759035,5
3759043,5
3759051,5
3759060,0
3759068,0
3759076,0
3759085,0
3759093,0
3759101,0
3759110,0
3759118,5
3759126,5
3759135,5
3759143,5
3759151,5
3759160,0
3759168,0
3759176,0
3759185,5
3759193,0
3759201,0
3759210,0
3759218,5
3759227,5
3759235,5
3759243,5
3759251,5
3759260,0
3759268,0
3759276,0
3759285,0
3759293,0
3759301,0
3759310,5
3759318,5
3759326,5
3759335,5
3759343,5
3759351,5
3759360,0
3759368,0
3759376,0
3759385,5
3759393,5
3759401,5
3759410,5
3759418,5
3759426,5
3759435,5
3759443,5
3759451,5
3759460,0
3759468,0
3759476,0
3759485,5
3759685,5
3759693,5
3759701,5
3759710,5
3759718,5
3759726,5
3759735,5
3759743,5
3759751,5
3759760,5
3759768,5
3759776,5
3759785,5
3759793,5
3759801,5
3759810,5
3759818,5
3759826,5
3759835,5
3759843,5
3759851,5
3759860,5
3759868,5
3759876,5
3759885,5
3759893,5
3759901,5
3759910,5
3759918,5
3759926,5
3759935,5
3759943,5
3759951,5
3759960,5
3759968,5
3759976,5
3759984,5
3759993,5
3760001,5
3760010,5
3760018,5
3760026,5
3760035,5
3760043,5
3760051,5
3760060,5
3760068,0
3760076,0
3760085,0
3760093,0
3760101,0
3760110,0
3760118,0
3760126,0
3760135,0
3760143,0
3760151,0
3760160,0
3760168,0
3760176,0
3760184,0
3760193,0
3760201,0
3760210,0
3760218,5
3760226,5
3760234,5
3760243,5
3760251,0
3760260,0
3760268,0
3760276,0
3760285,0
3760293,0
3760301,0
3760310,0
3760318,5
3760326,5
3760335,5
3760343,5
3760351,5
3760360,5
3760368,5
3760376,5
3760385,5
3760393,5
3760401,5
3760410,5
3760418,5
3760426,5
3760435,5
3760443,5
3760451,5
3760460,5
3760468,5
3760476,5
3760485,5
3760493,5
3760501,5
3760510,5
3760518,5
3760526,5
3760535,5
3760543,5
3760551,0
3760560,0
3760568,0
3760576,0
3760585,0
3760593,5
3760601,5
3760610,5
3760618,5
3760626,5
3760635,0
3760643,0
3760651,0
3760659,0
3760668,0
3760676,0
3760684,0
3760693,0
3760701,5
3760709,5
3760718,5
3760726,5
3760734,0
3760743,0
3760751,0
3760760,0
3760768,0
3760776,0
3760784,5
3760793,5
3760801,5
3760810,5
3760818,5
3760826,5
3760834,5
3760843,5
3760851,0
3760859,0
3760868,0
3760876,0
3760884,0
3760893,0
3760901,0
3760909,0
3760918,0
3760926,0
3760934,0
3760943,0
3760951,0
3760959,0
3760968,0
3760976,0
3760984,0
3760993,0
3761001,5
3761010,5
3761018,5
3761026,5
3761035,0
3761043,0
3761051,0
3761059,0
3761068,0
3761076,0
3761084,0
3761093,0
3761101,5
3761109,5
3761118,5
3761126,5
3761135,5
3761143,5
3761151,0
3761159,0
3761168,0
3761176,0
3761184,0
3761193,0
3761201,5
3761209,5
3761218,5
3761226,5
3761234,0
3761243,0
3761251,0
3761259,0
3761268,0
3761276,0
3761284,0
3761293,0
3761301,5
3761309,5
3761318,5
3761326,5
3761335,0
3761343,0
3761351,0
3761359,0
3761368,0
3761376,0
3761384,0
3761393,0
3761401,5
3761409,5
3761609,5
3761634,5
3761643,5
3761651,5
3761659,0
3761668,0
3761676,0
3761684,0
3761693,0
3761701,0
3761709,0
3761718,0
3761726,5
3761734,0
3761743,0
3761751,0
3761759,0
3761768,0
3761776,0
3761784,0
3761793,0
3761801,0
3761809,0
3761818,0
3761826,5
3761834,5
3761843,5
3761851,0
3761859,0
3761868,0
3761876,0
3761884,0
3761893,0
3761901,0
3761909,0
3761918,0
3761926,0
3761935,0
3761943,0
3761951,0
3761959,0
3761968,0
3761976,0
3761984,0
3761993,0
3762001,0
3762009,0
3762018,0
3762026,0
3762034,0
3762043,5
3762051,5
3762059,0
3762068,0
3762076,0
3762084,0
3762093,0
3762101,0
3762109,0
3762118,0
3762126,0
3762134,0
3762143,0
3762151,0
3762159,0
3762168,0
3762176,0
3762184,0
3762193,0
3762201,0
3762209,0
3762218,0
3762226,5
3762234,5
3762243,5
3762251,5
3762259,5
3762268,5
3762276,5
3762284,5
3762293,5
3762301,0
3762309,0
3762318,0
3762326,5
3762334,5
3762343,0
3762351,0
3762359,0
3762368,0
3762376,0
3762384,0
3762393,5
3762401,5
3762409,5
3762418,5
3762426,5
3762434,5
3762443,5
3762451,5
3762459,0
3762468,0
3762476,5
3762484,5
3762684,5
3762693,5
3762701,5
3762709,5
3762718,5
3762726,5
3762734,5
3762743,0
3762751,0
3762759,0
3762768,0
3762776,0
3762784,0
3762793,0
3762801,5
3762809,5
3762818,5
3762826,5
3762834,0
3762843,0
3762851,0
3762859,0
3762868,0
3762876,0
3762884,0
3762893,0
3762901,0
3762909,0
3762918,0
3762926,0
3762934,0
3762943,0
3762951,0
3762959,0
3762968,0
3762976,0
3762984,0
3762993,0
3763001,0
3763009,0
3763018,0
3763026,0
3763034,0
3763043,0
3763051,0
3763059,0
3763068,0
3763076,0
3763084,0
3763093,0
3763101,0
3763109,5
3763118,5
3763126,0
3763134,0
3763143,0
3763151,0
3763159,0
3763168,0
3763176,0
3763184,0
3763193,0
3763201,0
3763209,0
3763218,0
3763226,0
3763234,0
3763243,0
3763251,0
3763259,0
3763268,0
3763276,0
3763284,0
3763293,0
3763301,0
3763309,0
3763318,5
3763326,5
3763334,5
3763343,5
3763351,5
3763359,0
3763368,0
3763376,0
3763384,0
3763393,5
3763401,5
3763409,5
3763418,5
3763426,5
3763434,0
3763443,0
3763451,0
3763459,0
3763468,0
3763476,0
3763484,5
3763493,5
3763743,4
3763751,2
3763759,5
3763768,5
3763776,5
3763784,5
3763793,5
3763801,5
3763809,5
3763818,5
3763826,5
3763834,5
3763843,5
3763851,5
3763859,5
3763868,5
3763876,5
3763884,5
3763893,5
3763901,5
3763909,5
3763918,5
3763926,5
3763934,5
3763943,5
3763951,5
3763959,5
3763968,5
3763976,5
3763984,5
3763993,5
3764001,5
3764009,5
3764018,5
3764026,5
3764034,5
3764043,5
3764051,5
3764059,5
3764068,0
3764076,0
3764084,5
3764093,5
3764101,5
3764109,5
3764118,5
3764126,5
3764134,5
3764143,5
3764151,5
3764159,5
3764167,5
3764176,5
3764184,5
3764192,5
3764201,5
3764209,5
3764217,5
3764226,5
3764234,5
3764242,5
3764251,0
3764259,0
3764268,0
3764276,0
3764284,5
3764293,5
3764301,5
3764309,5
3764317,5
3764326,5
3764334,5
3764342,5
3764351,5
3764359,5
3764367,0
3764376,0
3764384,5
3764392,5
3764401,5
3764409,5
3764417,5
3764426,5
3764434,5
3764442,5
3764451,5
3764459,5
3764468,5
3764476,5
3764484,5
3764492,5
3764501,5
3764509,5
3764517,5
3764526,5
3764534,5
3764542,5
3764551,5
3764559,5
3764567,0
3764576,0
3764584,0
3764592,0
3764601,0
3764609,0
3764617,5
3764626,5
3764634,5
3764643,5
3764651,0
3764659,0
3764668,0
3764676,0
3764684,0
3764693,0
3764701,0
3764709,0
3764718,5
3764726,5
3764734,5
3764742,5
3764751,5
3764759,5
3764768,5
3764776,5
3764784,5
3764792,5
3764801,5
3764809,5
3764818,5
3764826,5
3764834,5
3764842,5
3764851,5
3764859,5
3764867,5
3764876,5
3764884,5
3764892,5
3764901,5
3764909,5
3764917,5
3764926,5
3764934,5
3764943,5
3764951,5
3764959,0
3764967,0
3764976,0
3764984,0
3764992,0
3765001,0
3765009,0
3765017,5
3765026,5
3765034,5
3765042,5
3765051,5
3765059,0
3765068,0
3765076,0
3765084,0
3765092,0
3765101,0
3765109,0
3765284,5
3765292,5
3765301,5
3765309,5
3765317,5
3765326,5
3765334,0
3765342,0
3765351,0
3765359,0
3765368,0
3765376,0
3765384,0
3765392,0
3765401,0
3765409,0
3765417,0
3765426,5
3765434,5
3765442,0
3765451,0
3765459,0
3765467,0
3765476,0
3765484,0
3765492,0
3765501,0
3765509,0
3765517,0
3765526,0
3765534,0
3765542,0
3765551,0
3765559,0
3765567,0
3765576,0
3765584,0
3765592,0
3765601,0
3765609,0
3765617,0
3765626,0
3765634,0
3765642,0
3765651,0
3765659,0
3765667,0
3765676,0
3765684,0
3765692,0
3765701,5
3765709,5
3765926,0
3765934,5
3765942,5
3765951,5
3765959,0
3765967,0
3765976,0
3765984,0
3765992,0
3766001,0
3766009,0
3766017,0
3766026,0
3766034,0
3766042,0
3766051,0
3766059,0
3766067,0
3766076,0
3766084,0
3766092,0
3766101,0
3766109,0
3766117,0
3766126,0
3766134,0
3766142,0
3766151,0
3766159,0
3766167,0
3766176,0
3766184,0
3766192,0
3766201,0
3766209,0
3766217,0
3766226,0
3766234,0
3766242,0
3766251,0
3766259,0
3766267,0
3766276,0
3766284,0
3766292,0
3766301,0
3766309,0
3766318,0
3766326,0
3766334,0
3766342,0
3766351,0
3766359,0
3766367,0
3766376,0
3766384,0
3766392,0
3766401,0
3766409,0
3766417,0
3766426,0
3766434,0
3766442,0
3766451,0
3766459,0
3766467,0
3766476,0
3766484,0
3766492,0
3766501,0
3766509,0
3766517,0
3766526,0
3766534,0
3766542,0
3766551,0
3766559,0
3766567,0
3766576,0
3766584,0
3766592,0
3766601,0
3766609,0
3766618,0
3766626,0
3766634,0
3766642,0
3766651,0
3766659,0
3766667,0
3766676,0
3766684,0
3766692,0
3766701,0
3766709,0
3766718,5
3766726,5
3766734,0
3766742,0
3766751,0
3766759,0
3766767,0
3766776,0
3766784,0
3766792,0
3766801,0
3766809,0
3766818,0
3766826,0
3766834,0
3766842,0
3766867,0
3766876,0
3766884,0
3766892,0
3766901,0
3766909,0
3766917,5
3766926,5
3766934,5
3767117,5
3767126,1
3767134,5
3767142,5
3767151,0
3767159,0
3767167,0
3767176,0
3767184,0
3767192,0
3767201,5
3767209,5
3767217,5
3767226,5
3767234,0
3767242,0
3767251,0
3767259,0
3767267,0
3767276,0
3767284,0
3767292,0
3767301,0
3767309,0
3767317,0
3767326,0
3767334,0
3767342,0
3767351,0
3767359,0
3767367,0
3767376,0
3767384,0
3767392,0
3767401,0
3767409,0
3767417,0
3767426,0
3767434,0
3767442,0
3767451,0
3767459,0
3767467,0
3767476,0
3767484,0
3767492,0
3767501,5
3767509,5
3767517,5
3767526,0
3767534,0
3767542,0
3767550,0
3767559,0
3767567,0
3767576,0
3767584,0
3767592,5
3767601,5
3767609,5
3767617,5
3767626,5
3767634,0
3767642,0
3767651,0
3767659,0
3767667,0
3767676,0
3767684,0
3767692,0
3767701,0
3767709,0
3767717,5
3767725,5
3767734,5
3767742,5
3767751,0
3767759,0
3767767,0
3767776,0
3767784,0
3767792,0
3767801,0
3767809,0
3767817,5
3767826,5
3767834,5
3767842,5
3767851,0
3767859,0
3767867,0
3767876,0
3767884,0
3767892,0
3767901,0
3767909,0
3767917,0
3767925,0
3767934,0
3767942,0
3767950,0
3767959,0
3767967,0
3767975,0
3767984,0
3768184,0
3768192,1
3768200,5
3768209,5
3768217,5
3768225,5
3768234,0
3768242,0
3768251,0
3768259,0
3768267,0
3768275,0
3768284,0
3768292,0
3768301,0
3768309,0
3768317,0
3768326,0
3768334,0
3768342,0
3768350,0
3768359,0
3768367,0
3768376,0
3768384,0
3768392,0
3768400,0
3768409,0
3768417,0
3768426,0
3768434,0
3768442,0
3768450,0
3768459,0
3768467,0
3768476,0
3768484,0
3768492,0
3768500,0
3768509,0
3768517,0
3768525,0
3768534,0
3768542,0
3768550,0
3768559,0
3768567,0
3768575,0
3768584,0
3768592,0
3768600,0
3768609,0
3768617,0
3768625,0
3768634,0
3768642,0
3768650,0
3768659,0
3768667,0
3768675,0
3768684,0
3768692,0
3768700,0
3768709,0
3768717,0
3768726,0
3768734,0
3768742,0
3768750,0
3768759,0
3768767,0
3768775,0
3768784,0
3768792,0
3768800,0
3768809,0
3768817,0
3768825,0
3768834,0
3768842,0
3768850,0
3768867,0
3769059,5
3769067,5
3769075,5
3769084,5
3769092,0
3769100,0
3769109,0
3769117,0
3769125,0
3769134,0
3769142,0
3769150,0
3769159,0
3769167,0
3769175,0
3769184,0
3769192,0
3769200,0
3769209,0
3769217,0
3769225,0
3769234,0
3769242,0
3769250,0
3769259,0
3769267,0
3769275,0
3769284,0
3769292,0
3769300,0
3769309,0
3769317,0
3769325,0
3769334,0
3769342,0
3769350,0
3769359,0
3769367,0
3769375,0
3769384,0
3769392,0
3769400,0
3769409,0
3769417,0
3769425,0
3769434,0
3769442,0
3769450,0
3769459,0
3769467,0
3769475,0
3769484,0
3769492,0
3769500,0
3769509,0
3769517,0
3769525,0
3769534,0
3769542,0
3769550,0
3769559,0
3769567,0
3769575,0
3769584,0
3769592,0
3769600,0
3769609,0
3769617,0
3769625,0
3769634,0
3769642,0
3769650,0
3769659,0
3769667,0
3769675,0
3769684,0
3769692,0
3769700,0
3769709,0
3769717,0
3769725,0
3769734,0
3769742,0
3769750,0
3769759,0
3769767,0
3769775,0
3769784,0
3769792,0
3769800,5
3769809,5
3769817,5
3769825,5
3769834,0
3769842,5
3769850,5
3769859,5
3769867,5
3769875,1
3769884,5
3769892,1
3769900,1
3769909,1
3769917,1
3769925,1
3769934,1
3769942,1
3769950,5
3769959,5
3769967,5
3769975,5
3769984,1
3769992,1
3770000,1
3770009,1
3770017,2
3770025,2
3770034,2
3770042,2
3770050,1
3770059,1
3770067,1
3770075,1
3770084,2
3770092,2
3770100,2
3770109,2
3770117,2
3770125,2
3770134,2
3770142,2
3770150,2
3770159,2
3770167,1
3770175,1
3770184,1
3770192,1
3770200,5
3770209,5
3770217,6
3770225,6
3770234,6
3770242,6
3770250,6
3770259,6
3770267,6
3770275,6
3770284,6
3770292,6
3770300,6
3770309,6
3770317,6
3770325,6
3770334,6
3770342,6
3770350,6
3770359,6
3770367,5
3770375,6
3770384,6
3770392,6
3770400,6
3770409,6
3770417,6
3770425,6
3770434,6
3770442,6
3770450,6
3770459,6
3770467,5
3770475,5
3770484,5
3770492,5
3770500,5
3770509,5
3770517,5
3770525,5
3770534,5
3770542,5
3770550,5
3770559,5
3770567,5
3770575,5
3770584,5
3770592,5
3770600,5
3770609,5
3770617,5
3770625,5
3770634,5
3770650,5
3770892,5
3770900,1
3770909,1
3770917,1
3770925,5
3770934,5
3770942,5
3770950,5
3770959,5
3770967,5
3770975,5
3770984,5
3770992,5
3771000,5
3771009,5
3771017,5
3771025,5
3771034,0
3771042,0
3771050,0
3771059,0
3771067,0
3771075,0
3771084,0
3771092,0
3771100,0
3771109,5
3771117,1
3771125,0
3771134,0
3771142,5
3771150,5
3771159,5
3771167,0
3771175,5
3771184,5
3771192,5
3771200,5
3771209,5
3771217,5
3771225,1
3771234,0
3771242,0
3771250,1
3771259,5
3771267,5
3771275,0
3771284,0
3771292,5
3771301,5
3771309,0
3771317,0
3771325,0
3771334,0
3771342,5
3771350,5
3771359,5
3771367,5
3771375,0
3771384,0
3771392,0
3771400,5
3771409,5
3771417,5
3771425,5
3771434,5
3771442,5
3771450,5
3771459,0
3771467,0
3771475,0
3771484,5
3771492,5
3771500,5
3771509,0
3771517,0
3771525,0
3771534,0
3771542,0
3771550,0
3771559,0
3771567,0
3771575,0
3771584,0
3771592,0
3771600,0
3771609,0
3771617,0
3771625,0
3771634,0
3771642,0
3771650,0
3771658,0
3771667,0
3771675,0
3771684,0
3771692,0
3771700,0
3771709,0
3771717,5
3771725,0
3771734,0
3771742,0
3771750,0
3771759,0
3771767,0
3771775,0
3771784,0
3771792,0
3771800,0
3771808,0
3771817,0
3771825,0
3771834,0
3771842,0
3771850,5
3771858,5
3771867,5
3771875,5
3771884,5
3772083,5
3772100,5
3772117,5
3772125,1
3772150,5
3772167,2
3772175,1
3772183,5
3772192,5
3772200,5
3772208,5
3772217,5
3772225,5
3772234,5
3772242,5
3772250,5
3772258,5
3772267,5
3772275,0
3772283,0
3772292,0
3772300,0
3772308,0
3772317,5
3772325,0
3772333,0
3772342,0
3772350,0
3772358,0
3772367,0
3772375,0
3772383,0
3772392,0
3772400,0
3772408,0
3772417,0
3772425,0
3772433,0
3772442,0
3772450,0
3772458,0
3772467,0
3772475,0
3772483,0
3772492,0
3772500,0
3772509,0
3772517,5
3772525,5
3772533,1
3772733,5
3772750,5
3772775,5
3772783,5
3772792,0
3772800,0
3772808,0
3772817,0
3772825,0
3772833,0
3772842,0
3772850,0
3772858,0
3772867,0
3772875,0
3772884,0
3772892,0
3772900,0
3772908,0
3772917,0
3772925,0
3772933,0
3772942,0
3772950,0
3772958,0
3772967,0
3772975,0
3772983,0
3772992,0
3773000,0
3773008,0
3773017,0
3773025,0
3773033,0
3773042,0
3773050,0
3773058,0
3773067,0
3773075,0
3773083,0
3773092,0
3773100,0
3773108,0
3773117,0
3773125,0
3773133,0
3773142,0
3773150,0
3773158,0
3773167,0
3773175,0
3773183,0
3773192,0
3773200,0
3773208,0
3773217,0
3773225,0
3773233,0
3773242,0
3773250,0
3773258,0
3773267,5
3773275,5
3773283,5
3773292,5
3773300,5
3773308,5
3773317,5
3773325,5
3773333,5
3773342,5
3773350,5
3773358,5
3773367,5
3773375,5
3773383,5
3773392,5
3773400,5
3773408,5
3773417,5
3773425,5
3773433,5
3773442,5
3773450,5
3773458,5
3773467,5
3773475,5
3773483,5
3773492,5
3773500,5
3773508,5
3773517,5
3773525,5
3773533,5
3773542,5
3773550,5
3773558,5
3773567,5
3773575,5
3773583,5
3773592,5
3773600,5
3773608,5
3773617,5
3773625,5
3773633,5
3773642,5
3773650,5
3773658,5
3773667,5
3773675,5
3773683,5
3773692,5
3773700,5
3773708,5
3773717,5
3773725,5
3773733,5
3773742,5
3773750,5
3773758,5
3773767,5
3773775,5
3773783,5
3773792,5
3773800,5
3773808,5
3773817,5
3773825,5
3773833,5
3773842,5
3773850,5
3773858,5
3773867,5
3773876,5
3773883,5
3773892,5
3773900,5
3773908,5
3773917,5
3773925,5
3773933,5
3773942,5
3773950,5
3773958,5
3773967,5
3773975,5
3773983,5
3773992,5
3774000,5
3774008,5
3774017,5
3774025,5
3774033,5
3774042,5
3774050,5
3774058,5
3774067,5
3774075,5
3774083,5
3774092,5
3774100,5
3774108,5
3774117,5
3774125,5
3774133,5
3774142,5
3774150,5
3774158,5
3774167,5
3774175,5
3774183,5
3774192,5
3774200,5
3774208,5
3774217,5
3774225,5
3774233,5
3774242,5
3774250,5
3774258,5
3774267,5
3774275,5
3774283,5
3774292,5
3774300,5
3774308,5
3774317,5
3774325,5
3774333,5
3774342,5
3774350,5
3774358,5
3774367,5
3774375,5
3774383,5
3774392,5
3774400,5
3774408,5
3774417,5
3774425,5
3774433,5
3774442,5
3774450,5
3774458,5
3774467,5
3774475,5
3774483,5
3774492,5
3774500,5
3774508,5
3774517,5
3774525,5
3774533,5
3774542,5
3774550,5
3774558,5
3774567,5
3774575,5
3774583,5
3774592,5
3774600,5
3774608,5
3774617,5
3774625,5
3774633,5
3774642,5
3774650,5
3774658,5
3774667,5
3774675,5
3774683,5
3774692,5
3774700,5
3774708,5
3774717,5
3774725,5
3774733,5
3774742,5
3774750,5
3774758,5
3774767,5
3774775,5
3774783,5
3774792,5
3774800,5
3774808,5
3774817,5
3774825,5
3774833,5
3774842,5
3774850,5
3774858,5
3774867,5
3774875,5
3774883,5
3774892,5
3774900,5
3774908,5
3774917,5
3775117,5
3775133,5
3775142,5
3775150,5
3775158,5
3775167,5
3775175,5
3775183,5
3775192,5
3775200,5
3775208,5
3775216,5
3775225,5
3775233,5
3775242,5
3775250,5
3775258,5
3775267,5
3775275,5
3775283,5
3775292,5
3775300,5
3775308,5
3775316,5
3775325,5
3775333,5
3775341,5
3775350,5
3775358,5
3775367,5
3775375,5
3775383,5
3775391,5
3775400,5
3775408,5
3775417,5
3775425,5
3775433,5
3775441,5
3775450,5
3775458,5
3775466,5
3775475,5
3775483,5
3775492,5
3775500,5
3775508,5
3775517,5
3775525,5
3775533,5
3775542,5
3775550,5
3775558,5
3775566,5
3775575,5
3775583,5
3775592,5
3775600,5
3775608,5
3775616,5
3775625,5
3775633,5
3775642,5
3775650,5
3775658,5
3775666,5
3775675,5
3775683,5
3775691,5
3775700,5
3775708,1
3775717,1
3775725,5
3775733,1
3775741,1
3775750,4
3775758,4
3775958,5
3775975,5
3775983,5
3775991,5
3776008,5
3776016,1
3776025,5
3776033,5
3776041,5
3776050,5
3776058,5
3776067,5
3776075,5
3776083,5
3776091,5
3776100,5
3776108,5
3776117,5
3776125,5
3776133,5
3776141,0
3776150,0
3776158,0
3776166,0
3776175,0
3776183,0
3776191,0
3776200,5
3776208,0
3776216,0
3776225,0
3776233,0
3776241,0
3776250,0
3776258,0
3776267,0
3776275,0
3776283,0
3776291,0
3776300,0
3776308,0
3776316,0
3776325,0
3776333,0
3776341,0
3776350,0
3776358,0
3776583,5
3776591,5
3776600,5
3776608,5
3776616,5
3776625,0
3776633,0
3776641,0
3776650,0
3776658,0
3776666,0
3776675,0
3776683,0
3776691,0
3776700,0
3776708,0
3776716,0
3776725,0
3776733,0
3776741,0
3776750,0
3776758,0
3776766,0
3776775,0
3776783,0
3776791,0
3776800,0
3776808,0
3776816,0
3776825,0
3776833,0
3776841,0
3776850,0
3776858,0
3776866,0
3776875,0
3776883,0
3776891,0
3776900,0
3776908,0
3776916,0
3776925,0
3776933,0
3776941,0
3776950,0
3776958,0
3776967,0
3776975,0
3776983,0
3776991,0
3777000,0
3777008,0
3777016,0
3777025,0
3777033,0
3777041,0
3777050,0
3777058,0
3777066,0
3777075,0
3777083,0
3777091,0
3777100,0
3777108,0
3777116,0
3777125,0
3777133,0
3777141,0
3777150,0
3777158,0
3777166,0
3777175,0
3777183,0
3777191,0
3777200,0
3777208,0
3777216,0
3777225,0
3777233,0
3777241,0
3777250,0
3777258,0
3777266,0
3777275,0
3777283,0
3777291,0
3777300,0
3777308,0
3777316,0
3777325,0
3777333,0
3777341,0
3777350,0
3777358,0
3777366,0
3777375,0
3777383,0
3777391,0
3777400,5
3777408,5
3777416,5
3777425,5
3777433,5
3777441,0
3777450,0
3777458,0
3777466,5
3777475,5
3777483,5
3777491,0
3777500,0
3777508,0
3777516,0
3777525,0
3777533,0
3777541,0
3777550,0
3777558,0
3777566,0
3777575,0
3777583,0
3777591,0
3777600,0
3777608,0
3777616,0
3777625,0
3777633,0
3777641,0
3777650,0
3777658,0
3777666,0
3777675,0
3777683,0
3777691,0
3777700,0
3777708,0
3777716,0
3777725,0
3777733,0
3777741,0
3777750,0
3777758,0
3777766,0
3777775,0
3777783,0
3777791,0
3777800,0
3777808,0
3777816,0
3777825,0
3777833,0
3777841,0
3777850,0
3777858,0
3777866,0
3777875,0
3777883,0
3777891,0
3777900,0
3777908,0
3777916,0
3777925,0
3777933,0
3777941,0
3777950,0
3777958,0
3777966,0
3777975,0
3777983,0
3777991,0
3778000,0
3778008,0
3778016,0
3778025,0
3778033,0
3778041,0
3778050,0
3778058,0
3778066,0
3778075,0
3778083,0
3778091,0
3778100,0
3778108,0
3778116,0
3778125,0
3778133,0
3778141,0
3778150,0
3778158,0
3778166,0
3778175,0
3778183,0
3778208,0
3778216,0
3778225,0
3778233,0
3778241,0
3778250,0
3778258,0
3778266,0
3778275,0
3778283,0
3778291,0
3778300,0
3778308,0
3778316,0
3778325,0
3778333,0
3778341,0
3778350,0
3778358,0
3778366,0
3778375,0
3778383,0
3778391,5
3778400,5
3778408,5
3778416,5
3778425,0
3778433,0
3778441,0
3778450,0
3778458,0
3778466,0
3778475,0
3778483,0
3778491,0
3778516,0
3778525,0
3778533,0
3778541,0
3778550,0
3778558,0
3778566,5
3778575,5
3778583,5
3778591,5
3778600,5
3778608,5
3778616,5
3778625,0
3778633,0
3778641,0
3778650,0
3778658,0
3778666,0
3778675,0
3778683,0
3778691,0
3778700,5
3778708,5
3778716,5
3778725,5
3778733,0
3778741,0
3778750,0
3778758,5
3778775,5
3778908,2
3778958,5
3778966,5
3778983,5
3778991,5
3779008,5
3779016,5
3779025,5
3779033,5
3779041,0
3779050,0
3779058,0
3779066,0
3779091,0
3779100,0
3779108,0
3779116,0
3779124,0
3779133,0
3779141,0
3779149,0
3779158,0
3779166,0
3779174,0
3779183,0
3779191,0
3779199,0
3779383,0
3779391,0
3779408,5
3779416,5
3779424,5
3779433,5
3779441,5
3779450,5
3779458,0
3779466,0
3779475,0
3779483,5
3779491,5
3779499,5
3779508,5
3779516,5
3779524,5
3779533,5
3779541,0
3779550,0
3779558,5
3779566,0
3779574,0
3779583,0
3779591,0
3779599,0
3779608,0
3779616,0
3779624,0
3779633,0
3779641,0
3779649,0
3779658,0
3779666,0
3779674,0
3779683,5
3779691,5
3779699,5
3779708,1
3779833,5
3779849,1
3779858,3
3779866,5
3779875,5
3779883,5
3779891,5
3779899,0
3779908,0
3779916,0
3779924,0
3779933,0
3779941,0
3779949,0
3779958,0
3779966,0
3779974,5
3779983,5
3779991,5
3780000,5
3780008,5
3780016,5
3780024,5
3780033,5
3780041,5
3780049,5
3780058,5
3780066,5
3780074,5
3780083,5
3780091,5
3780099,5
3780108,0
3780116,0
3780124,0
3780133,0
3780141,0
3780149,0
3780158,5
3780166,5
3780175,5
3780183,5
3780191,5
3780199,5
3780208,5
3780216,5
3780224,0
3780233,0
3780241,0
3780249,0
3780258,0
3780266,0
3780274,5
3780283,5
3780291,5
3780299,5
3780308,5
3780316,5
3780324,5
3780333,5
3780341,0
3780349,0
3780358,0
3780366,0
3780374,5
3780383,5
3780391,5
3780399,5
3780408,0
3780416,0
3780424,0
3780433,0
3780441,0
3780449,0
3780458,0
3780466,0
3780474,5
3780483,5
3780491,5
3780499,5
3780508,5
3780516,5
3780524,5
3780533,0
3780541,0
3780549,0
3780558,0
3780566,0
3780574,5
3780583,5
3780591,5
3780599,5
3780608,0
3780616,0
3780624,0
3780633,0
3780641,0
3780649,0
3780658,0
3780666,5
3780674,5
3780683,5
3780691,5
3780699,5
3780708,5
3780716,5
3780724,5
3780733,0
3780741,0
3780749,0
3780758,0
3780766,5
3780774,5
3780783,5
3780791,5
3780799,5
3780808,5
3780816,5
3780824,0
3780833,0
3780841,0
3780849,0
3780858,0
3780866,0
3780874,0
3780883,0
3780891,0
3780899,5
3780908,5
3780916,5
3780924,0
3780933,0
3780941,0
3780949,0
3780958,0
3780966,0
3780974,0
3780983,0
3780991,0
3780999,5
3781183,5
3781191,5
3781199,5
3781216,5
3781224,0
3781233,0
3781241,0
3781249,0
3781258,0
3781266,0
3781274,0
3781283,0
3781291,0
3781299,5
3781308,0
3781316,0
3781324,0
3781333,0
3781341,0
3781349,0
3781358,0
3781366,0
3781374,0
3781383,0
3781391,0
3781400,0
3781408,0
3781416,0
3781424,0
3781433,0
3781441,0
3781449,0
3781458,0
3781466,0
3781474,0
3781483,0
3781491,0
3781499,0
3781508,0
3781516,0
3781524,0
3781533,0
3781541,0
3781549,0
3781558,0
3781566,0
3781574,0
3781583,0
3781591,0
3781599,0
3781608,0
3781616,0
3781624,0
3781633,0
3781641,0
3781649,0
3781658,0
3781666,0
3781674,0
3781683,0
3781691,0
3781699,0
3781708,0
3781716,0
3781724,0
3781733,0
3781741,0
3781749,0
3781758,0
3781766,0
3781774,0
3781783,0
3781791,0
3781799,0
3781808,0
3781816,0
3781824,0
3781833,0
3781841,0
3781849,0
3781858,0
3781866,0
3781874,0
3781883,0
3781891,0
3781899,0
3781908,0
3781916,0
3781924,0
3781933,0
3781941,0
3781949,0
3781958,0
3781966,0
3781974,0
3781983,0
3781991,0
3781999,0
3782008,0
3782016,0
3782024,0
3782033,0
3782041,0
3782049,0
3782058,0
3782066,0
3782074,0
3782083,0
3782091,0
3782099,0
3782108,0
3782116,0
3782124,0
3782133,0
3782141,0
3782149,0
3782158,0
3782166,0
3782174,0
3782183,0
3782191,0
3782199,0
3782208,0
3782216,0
3782224,0
3782233,0
3782241,0
3782249,0
3782258,0
3782266,0
3782274,0
3782283,0
3782291,0
3782299,0
3782308,0
3782316,0
3782324,0
3782333,5
3782341,0
3782349,0
3782358,0
3782366,0
3782374,0
3782383,0
3782400,0
3782583,0
3782591,0
3782608,1
3782616,1
3782624,5
3782633,0
3782641,0
3782649,0
3782658,0
3782666,0
3782674,0
3782683,0
3782691,0
3782699,0
3782708,0
3782716,0
3782724,0
3782733,0
3782741,0
3782749,0
3782758,0
3782766,0
3782774,0
3782783,0
3782791,0
3782799,0
3782807,0
3782816,0
3782824,0
3782833,0
3782841,0
3782849,0
3782858,0
3782866,0
3782874,0
3782883,0
3782891,0
3782899,0
3782908,0
3782916,0
3782924,0
3782933,0
3782941,0
3782949,0
3782958,0
3782966,0
3782975,0
3782982,0
3782991,0
3782999,0
3783008,0
3783016,0
3783024,0
3783033,0
3783041,0
3783049,0
3783058,0
3783066,0
3783074,0
3783083,0
3783091,0
3783099,0
3783108,0
3783116,0
3783124,0
3783132,0
3783141,0
3783149,0
3783157,0
3783166,0
3783174,0
3783183,0
3783191,0
3783199,0
3783208,0
3783216,0
3783224,0
3783232,0
3783241,0
3783249,0
3783257,0
3783266,0
3783274,0
3783282,0
3783291,0
3783299,0
3783307,0
3783324,0
3783507,0
3783516,0
3783524,0
3783532,0
3783541,0
3783549,0
3783557,0
3783566,0
3783574,0
3783582,0
3783591,0
3783599,0
3783607,0
3783616,0
3783624,0
3783633,0
3783641,0
3783649,0
3783657,0
3783666,0
3783674,0
3783682,0
3783691,0
3783699,0
3783707,0
3783716,0
3783724,0
3783732,0
3783741,0
3783749,0
3783757,0
3783766,0
3783774,0
3783782,0
3783791,0
3783799,0
3783807,0
3783816,0
3783824,0
3783832,0
3783841,0
3783849,0
3783857,0
3783866,0
3783874,0
3783882,0
3783891,0
3783899,0
3783907,0
3783916,0
3783924,0
3783932,0
3783941,0
3783949,0
3783958,0
3783966,0
3783974,0
3783982,0
3783991,0
3783999,0
3784007,0
3784016,0
3784024,0
3784032,0
3784041,0
3784049,0
3784058,0
3784066,0
3784074,0
3784082,0
3784091,0
3784099,0
3784107,0
3784116,0
3784124,0
3784132,0
3784141,0
3784149,0
3784158,0
3784166,0
3784174,0
3784182,0
3784191,0
3784199,0
3784207,0
3784216,0
3784224,0
3784233,0
3784241,0
3784249,0
3784258,0
3784266,0
3784274,5
3784282,5
3784291,5
3784299,5
3784307,0
3784316,0
3784324,0
3784332,0
3784341,0
3784349,0
3784358,0
3784366,0
3784374,5
3784382,0
3784391,0
3784399,0
3784407,0
3784416,0
3784424,0
3784432,0
3784441,0
3784449,0
3784458,0
3784466,0
3784474,0
3784482,0
3784491,5
3784499,5
3784507,0
3784516,0
3784524,0
3784532,0
3784541,0
3784549,0
3784557,0
3784566,0
3784574,0
3784582,0
3784591,0
3784599,0
3784607,0
3784616,0
3784624,0
3784632,0
3784641,0
3784649,0
3784657,0
3784666,0
3784674,0
3784682,0
3784691,0
3784699,0
3784707,0
3784716,0
3784724,0
3784732,0
3784741,0
3784749,0
3784757,0
3784766,0
3784774,0
3784782,0
3784791,0
3784799,0
3784807,0
3784816,0
3784824,0
3784832,0
3784841,0
3784849,0
3784857,0
3784866,0
3784874,0
3784882,0
3784891,0
3784899,0
3784916,0
3785032,5
3785041,5
3785049,5
3785074,0
3785082,0
3785091,0
3785099,0
3785107,0
3785116,0
3785124,0
3785132,0
3785141,0
3785149,0
3785157,0
3785166,0
3785174,0
3785182,0
3785191,0
3785199,0
3785207,0
3785216,0
3785224,0
3785232,0
3785241,0
3785249,0
3785257,0
3785266,0
3785274,0
3785282,0
3785291,0
3785299,0
3785307,0
3785316,0
3785324,0
3785332,0
3785341,0
3785349,0
3785357,0
3785374,0
3785557,5
3785566,5
3785574,5
3785582,0
3785591,0
3785599,0
3785607,0
3785616,0
3785624,0
3785632,0
3785649,0
3785657,0
3785666,0
3785674,0
3785682,0
3785691,0
3785700,0
3785707,0
3785716,0
3785724,0
3785732,0
3785741,0
3785749,0
3785757,0
3785766,0
3785774,0
3785782,0
3785791,0
3785799,0
3785807,0
3785816,0
3785824,0
3785832,0
3785841,0
3785849,0
3785857,0
3785866,0
3785874,0
3785882,0
3785891,0
3785899,0
3785907,0
3785916,0
3785924,0
3785932,0
3785941,0
3785949,0
3785957,0
3785966,0
3785974,0
3785982,0
3785991,0
3785999,0
3786007,0
3786016,0
3786024,0
3786032,0
3786041,0
3786049,0
3786057,0
3786066,0
3786074,0
3786082,0
3786091,0
3786099,0
3786107,0
3786116,0
3786124,0
3786132,0
3786141,0
3786149,0
3786157,0
3786166,0
3786174,0
3786182,0
3786191,0
3786199,0
3786207,0
3786216,0
3786224,0
3786232,0
3786241,0
3786249,0
3786257,0
3786266,0
3786274,0
3786282,0
3786291,0
3786299,0
3786307,0
3786316,0
3786324,0
3786332,0
3786341,0
3786349,0
3786357,0
3786366,0
3786374,0
3786382,0
3786391,0
3786399,0
3786407,0
3786416,0
3786424,0
3786432,0
3786441,0
3786449,0
3786457,0
3786466,0
3786474,0
3786482,0
3786491,0
3786499,0
3786507,0
3786516,0
3786524,0
3786532,0
3786541,0
3786549,0
3786557,0
3786566,0
3786574,0
3786582,0
3786591,0
3786599,0
3786607,0
3786616,0
3786624,0
3786632,0
3786641,0
3786649,0
3786657,0
3786665,0
3786674,0
3786682,0
3786691,0
3786699,0
3786707,0
3786716,0
3786724,0
3786732,0
3786740,0
3786749,0
3786757,0
3786765,0
3786774,0
3786782,0
3786791,0
3786799,0
3786807,0
3786816,0
3786824,0
3786832,0
3786841,0
3786849,0
3786857,0
3786865,0
3786874,0
3786882,0
3786890,0
3786899,0
3786907,0
3786916,0
3786924,0
3786932,0
3786940,0
3786949,0
3786957,0
3786966,0
3786974,0
3786982,0
3786991,0
3786999,0
3787015,0
3787182,0
3787199,0
3787207,0
3787215,5
3787224,0
3787232,0
3787240,0
3787249,0
3787257,0
3787265,0
3787274,0
3787282,0
3787291,0
3787299,0
3787307,0
3787315,0
3787324,0
3787332,0
3787340,0
3787349,0
3787357,0
3787365,0
3787374,0
3787382,0
3787390,0
3787399,0
3787407,0
3787415,0
3787424,0
3787432,0
3787440,0
3787449,0
3787457,0
3787465,0
3787474,0
3787482,0
3787490,0
3787499,0
3787507,0
3787515,0
3787524,0
3787532,0
3787540,0
3787549,0
3787557,0
3787565,0
3787574,0
3787582,0
3787590,0
3787599,0
3787607,0
3787615,0
3787624,0
3787632,0
3787640,0
3787649,0
3787657,0
3787665,0
3787674,0
3787682,0
3787690,0
3787699,0
3787707,0
3787715,0
3787724,0
3787732,0
3787740,0
3787749,0
3787757,0
3787765,0
3787774,0
3787782,0
3787790,0
3787799,0
3787807,0
3787815,0
3787824,0
3787832,0
3787840,0
3787849,0
3787857,0
3787865,0
3787874,0
3787882,0
3787890,0
3787899,0
3787907,0
3787915,0
3787924,0
3787932,0
3787940,0
3787949,0
3787957,0
3787965,0
3787974,0
3787982,0
3787990,0
3787999,0
3788007,0
3788015,0
3788024,0
3788032,0
3788040,0
3788049,0
3788057,0
3788065,0
3788074,0
3788082,0
3788090,0
3788099,0
3788107,0
3788115,0
3788124,0
3788132,0
3788140,0
3788149,0
3788157,0
3788166,0
3788174,0
3788182,0
3788190,0
3788199,0
3788207,0
3788215,0
3788224,0
3788232,0
3788240,0
3788249,0
3788257,0
3788265,0
3788274,0
3788282,0
3788290,0
3788299,0
3788307,0
3788315,0
3788324,0
3788332,0
3788340,0
3788349,0
3788357,5
3788365,5
3788374,5
3788382,5
3788390,5
3788399,5
3788407,5
3788415,5
3788424,5
3788432,5
3788440,5
3788449,5
3788457,5
3788465,5
3788474,5
3788482,5
3788490,5
3788499,5
3788507,5
3788515,5
3788524,5
3788532,5
3788540,5
3788549,5
3788557,5
3788565,5
3788574,5
3788582,5
3788590,5
3788599,5
3788607,0
3788615,0
3788624,0
3788632,0
3788640,0
3788649,0
3788657,0
3788665,0
3788674,0
3788682,0
3788690,0
3788699,0
3788707,0
3788715,0
3788724,0
3788732,0
3788740,0
3788749,0
3788757,0
3788765,0
3788774,0
3788782,0
3788790,0
3788799,0
3788957,0
3788965,0
3788974,0
3788982,0
3788990,0
3788999,0
3789007,0
3789015,0
3789024,0
3789032,0
3789040,0
3789057,0
3789074,0
3789082,0
3789090,0
3789099,0
3789107,0
3789115,0
3789124,0
3789132,0
3789140,0
3789149,0
3789157,0
3789165,0
3789174,0
3789182,0
3789190,0
3789199,0
3789207,0
3789215,0
3789224,0
3789232,0
3789240,0
3789249,0
3789257,0
3789265,0
3789274,0
3789282,0
3789290,0
3789307,0
3789315,0
3789324,0
3789340,0
3789349,0
3789357,0
3789365,0
3789374,0
3789382,0
3789390,0
3789399,0
3789407,0
3789415,0
3789424,0
3789432,0
3789440,0
3789449,0
3789457,0
3789465,0
3789474,0
3789482,0
3789490,0
3789499,0
3789507,0
3789515,0
3789524,0
3789532,0
3789540,0
3789549,0
3789557,0
3789565,0
3789574,0
3789582,0
3789590,0
3789599,0
3789607,0
3789615,0
3789624,0
3789632,0
3789640,0
3789649,0
3789657,0
3789665,0
3789674,0
3789682,0
3789690,0
3789699,0
3789707,0
3789715,0
3789724,0
3789732,0
3789740,0
3789749,0
3789757,0
3789765,0
3789774,0
3789782,0
3789790,0
3789799,0
3789807,0
3789815,0
3789824,0
3789832,0
3789840,0
3789849,0
3789857,0
3789865,0
3789874,0
3789882,0
3789890,0
3789899,0
3789907,0
3789915,0
3789924,0
3789932,0
3789940,0
3789949,0
3789957,0
3789965,0
3789974,0
3789982,0
3789990,0
3789999,0
3790007,0
3790015,0
3790024,0
3790032,0
3790040,0
3790049,5
3790057,5
3790065,5
3790074,5
3790082,5
3790090,0
3790099,0
3790107,0
3790115,0
3790124,0
3790132,0
3790140,0
3790149,0
3790315,4
3790324,5
3790340,4
3790349,4
3790374,4
3790382,1
3790390,4
3790399,4
3790407,4
3790415,1
3790424,1
3790432,3
3790440,2
3790449,1
3790457,3
3790465,3
3790474,3
3790482,2
3790490,2
3790498,2
3790507,1
3790515,2
3790524,1
3790532,5
3790540,1
3790549,1
3790557,1
3790565,1
3790573,1
3790582,2
3790590,2
3790599,1
3790607,1
3790615,1
3790624,1
3790632,1
3790640,1
3790648,1
3790657,1
3790665,1
3790674,5
3790682,3
3790690,2
3790698,2
3790707,1
3790715,1
3790723,1
3790732,1
3790740,1
3790748,5
3790757,5
3790765,5
3790774,5
3790782,5
3790790,5
3790798,5
3790807,5
3790815,5
3790824,5
3790840,5
3790848,5
3790865,5
3790873,5
3790890,5
3790915,5
3790940,5
3790965,5
3790990,5
3791007,5
3791015,5
3791032,5
3791040,5
3791657,5
3791682,4
3791690,5
3791699,4
3791715,4
3791724,5
3791732,3
3791740,3
3791757,5
3792015,1
3792024,2
3792040,1
3792049,5
3792057,5
3792065,1
3792074,5
3792082,5
3792090,1
3792099,1
3792124,1
3792132,5
3792140,1
3792149,1
3792157,5
3792165,5
3792174,1
3792182,5
3792190,1
3792199,1
3792207,5
3792215,5
3792224,1
3792232,1
3792240,1
3792249,5
3792257,5
3792265,5
3792274,5
3792282,5
3792290,1
3792299,1
3792307,5
3792315,5
3792324,5
3792332,5
3792340,5
3792349,5
3792357,5
3792365,5
3792374,5
3792382,5
3792390,5
3792399,5
3792407,1
3792415,5
3792424,5
3792432,5
3792440,5
3792449,5
3792457,5
3792465,5
3792474,5
3792482,5
3792490,5
3792499,5
3792507,5
3792515,5
3792524,1
3792532,1
3792540,5
3792549,5
3792557,5
3792565,5
3792574,5
3792582,5
3792590,5
3792599,5
3792607,5
3792615,1
3792624,1
3792632,1
3792640,5
3792649,5
3792657,5
3792665,5
3792674,5
3792682,5
3792690,5
3792699,5
3792707,1
3792715,2
3792723,3
3792732,3
3792740,3
3792749,3
3792757,3
3792765,3
3792774,3
3792782,3
3792790,4
3792798,4
3792807,4
3792815,4
3792824,4
3792832,4
3792840,3
