3808942,5
3808950,5
3808967,5
3808975,5
3808992,5
3809000,1
3809017,1
3809025,5
3809042,5
3809050,5
3809067,5
3809075,5
3809100,5
3809117,5
3809125,5
3809142,5
3809150,5
3809167,5
3809175,5
3809192,5
3809200,5
3809217,5
3809242,5
3809250,5
3809267,5
3809275,5
3809292,5
3809300,5
3809317,5
3809325,5
3809342,5
3809350,5
3809367,5
3809375,5
3809392,5
3809400,5
3809417,5
3809425,5
3809442,5
3809450,5
3809467,5
3809475,5
3809492,5
3809500,5
3809517,5
3809525,5
3809550,5
3809617,5
3809650,5
3809875,5
3809892,5
3809900,5
3809917,5
3809925,5
3810013,5
3810021,5
3810038,5
3810046,5
3810063,5
3810071,5
3810088,5
3810096,5
3810113,5
3810121,5
3810138,5
3810147,5
3810163,5
3810171,5
3810188,5
3810196,5
3810213,5
3810221,5
3810238,5
3810246,5
3810263,5
3810271,5
3810288,5
3810296,5
3810313,5
3810321,5
3810338,5
3810346,5
3810363,5
3810371,5
3810388,5
3810396,5
3810404,5
3810413,5
3810421,5
3810429,5
3810438,5
3810446,5
3810454,5
3810463,5
3810471,5
3810479,5
3810488,5
3810496,5
3810504,5
3810513,5
3810521,5
3810529,5
3810538,5
3810554,5
3810563,5
3810579,5
3810588,5
3810604,5
3810613,5
3810621,5
3810629,5
3810638,5
3810646,5
3810654,5
3810663,5
3810671,5
3810679,5
3810696,5
3810704,5
3810713,5
3810721,5
3810729,5
3810746,5
3810754,5
3810771,5
3810779,5
3810796,5
3810804,5
3810821,5
3810829,5
3810846,5
3810854,5
3810871,5
3810879,5
3810888,5
3810896,5
3810904,5
3810913,5
3810921,5
3810929,5
3810938,5
3810946,5
3810954,5
3810963,5
3810971,5
3810988,5
3810996,5
3811084,5
3811092,5
3811109,5
3811117,5
3811134,5
3811142,5
3811159,5
3811167,5
3811175,5
3811184,5
3811192,5
3811200,5
3811209,5
3811217,5
3811225,5
3811234,5
3811242,5
3811250,5
3811259,5
3811267,4
3811275,5
3811284,5
3811292,5
3811300,5
3811309,5
3811317,5
3811325,5
3811334,5
3811342,5
3811350,5
3811359,5
3811367,5
3811375,5
3811384,5
3811392,5
3811400,5
3811409,5
3811417,5
3811425,5
3811434,5
3811442,5
3811450,5
3811459,5
3811467,5
3811475,5
3811484,5
3811492,5
3811500,5
3811509,5
3811517,5
3811525,5
3811534,5
3811542,5
3811550,5
3811559,1
3811567,1
3811575,1
3811584,2
3811592,2
3811600,2
3811609,1
3811617,1
3811625,1
3811634,1
3811642,1
3811650,1
3811659,1
3811667,1
3811675,1
3811684,1
3811692,1
3811700,1
3811709,1
3811717,1
3811725,1
3811734,1
3811742,1
3811751,1
3811759,1
3811767,5
3811775,1
3811784,1
3811792,1
3811800,1
3811809,1
3811817,1
3811825,1
3811834,1
3811842,1
3811850,1
3811859,5
3811867,5
3811875,5
3811884,5
3811892,5
3811900,5
3811909,5
3811917,5
3811925,5
3811934,5
3811942,5
3811951,5
3811959,5
3811967,5
3811975,5
3811984,5
3811992,5
3812000,5
3812009,5
3812017,5
3812025,5
3812034,5
3812042,5
3812050,5
3812059,5
3812067,5
3812075,5
3812084,5
3812092,5
3812100,5
3812109,5
3812117,5
3812125,5
3812134,5
3812142,5
3812151,5
3812159,5
3812167,5
3812175,5
3812184,5
3812192,5
3812200,5
3812209,5
3812217,5
3812225,5
3812234,5
3812242,5
3812250,5
3812259,5
3812267,5
3812275,5
3812284,5
3812292,5
3812300,5
3812309,5
3812317,5
3812325,5
3812334,5
3812342,5
3812350,5
3812359,5
3812367,5
3812375,5
3812384,5
3812392,5
3812400,5
3812409,5
3812417,5
3812425,5
3812434,5
3812442,5
3812450,5
3812459,5
3812467,5
3812475,5
3812484,5
3812492,5
3812500,5
3812509,5
3812517,5
3812525,5
3812534,5
3812542,5
3812550,5
3812559,5
3812567,5
3812575,5
3812584,5
3812592,5
3812600,5
3812609,5
3812617,5
3812625,5
3812634,5
3812642,5
3812650,5
3812659,5
3812667,5
3812675,5
3812684,5
3812692,5
3812700,5
3812709,5
3812717,5
3812725,5
3812734,5
3812742,5
3812750,5
3812759,5
3812767,5
3812775,5
3812784,5
3812792,5
3812800,5
3812809,5
3812817,5
3812825,5
3812834,5
3812842,5
3812850,5
3812859,5
3812867,5
3812875,5
3812884,5
3812892,5
3812900,5
3812909,5
3812917,5
3812925,5
3812934,5
3812942,5
3812950,5
3812959,5
3812967,5
3812975,5
3812984,5
3812992,5
3813000,5
3813009,5
3813017,5
3813025,5
3813034,5
3813042,5
3813050,5
3813059,5
3813067,5
3813075,5
3813084,5
3813092,5
3813100,5
3813109,5
3813117,5
3813125,5
3813134,5
3813142,5
3813150,5
3813159,5
3813167,5
3813175,5
3813184,5
3813192,5
3813200,5
3813209,5
3813217,5
3813225,5
3813234,5
3813242,5
3813250,5
3813259,5
3813267,5
3813275,5
3813284,5
3813292,5
3813300,5
3813309,5
3813317,5
3813325,5
3813334,5
3813342,5
3813350,5
3813359,5
3813367,5
3813375,5
3813384,5
3813392,5
3813400,5
3813409,5
3813417,5
3813425,5
3813434,5
3813442,5
3813450,5
3813459,5
3813467,5
3813475,5
3813484,5
3813492,5
3813500,5
3813508,5
3813517,5
3813525,5
3813534,5
3813542,5
3813550,5
3813559,5
3813567,5
3813575,5
3813584,5
3813592,5
3813600,5
3813609,5
3813617,5
3813625,5
3813634,5
3813642,5
3813650,5
3813659,5
3813667,5
3813675,5
3813684,5
3813692,5
3813700,5
3813709,5
3813717,5
3813725,5
3813734,5
3813742,5
3813750,5
3813759,5
3813767,5
3813775,5
3813784,5
3813792,5
3813800,5
3813809,5
3813817,5
3813825,5
3813834,5
3813842,5
3813850,5
3813859,5
3813867,5
3813875,5
3813884,5
3813892,5
3813900,5
3813909,5
3813917,5
3814117,5
3814142,5
3814167,1
3814184,5
3814192,5
3814200,5
3814209,1
3814217,1
3814225,1
3814242,1
3814250,1
3814258,5
3814267,5
3814275,5
3814283,5
3814292,5
3814300,2
3814308,2
3814317,2
3814325,2
3814333,2
3814342,5
3814350,5
3814359,5
3814367,5
3814375,5
3814384,5
3814392,1
3814400,1
3814408,1
3814417,1
3814425,1
3814433,1
3814442,1
3814450,2
3814458,2
3814467,2
3814475,2
3814483,2
3814492,2
3814500,2
3814508,2
3814517,2
3814525,1
3814533,1
3814542,2
3814550,2
3814558,2
3814567,5
3814584,2
3814633,3
3814642,2
3814650,1
3814658,1
3814667,1
3814675,1
3814683,1
3814692,1
3814700,2
3814708,2
3814717,2
3814725,1
3814733,1
3814742,1
3814750,5
3814758,5
3814767,5
3814775,5
3814783,5
3814792,5
3814800,5
3814808,5
3814817,5
3814825,5
3814833,5
3814842,5
3814867,5
3814884,5
3814900,5
3814908,5
3814917,5
3814925,5
3814933,5
3814942,5
3814950,5
3814958,5
3814967,5
3814975,5
3814983,5
3814992,5
3815000,5
3815008,5
3815017,5
3815025,5
3815033,5
3815042,5
3815050,5
3815058,5
3815067,5
3815075,5
3815083,5
3815092,5
3815100,5
3815108,5
3815117,5
3815125,5
3815133,5
3815142,5
3815150,5
3815158,5
3815167,5
3815175,5
3815183,5
3815192,5
3815200,5
3815208,5
3815217,5
3815225,5
3815233,5
3815242,5
3815250,5
3815258,5
3815267,5
3815275,5
3815283,5
3815292,5
3815300,5
3815308,5
3815317,5
3815325,5
3815333,5
3815342,5
3815350,5
3815358,5
3815375,5
3815383,5
3815392,5
3815400,5
3815408,5
3815417,5
3815425,5
3815434,5
3815442,5
3815450,5
3815458,5
3815467,5
3815475,5
3815483,5
3815492,5
3815500,5
3815508,5
3815517,5
3815525,5
3815542,5
3815550,5
3815567,5
3815575,5
3815592,5
3815600,5
3815608,5
3815617,5
3815625,5
3815633,5
3815642,5
3815650,5
3815658,5
3815667,5
3815675,5
3815683,5
3815692,5
3815700,5
3815708,5
3815717,5
3815725,5
3815733,5
3815742,5
3815750,5
3815758,5
3815767,5
3815775,5
3815783,5
3815792,5
3815800,5
3815808,5
3815817,5
3815825,5
3815833,5
3815842,5
3815850,5
3815858,5
3815867,5
3815875,5
3815883,5
3815892,5
3815900,5
3815908,5
3815917,5
3815925,5
3815933,5
3815942,5
3815950,5
3815958,5
3815967,5
3815975,5
3815983,5
3815992,5
3816000,5
3816008,5
3816017,5
3816025,5
3816033,5
3816042,5
3816050,5
3816058,5
3816075,5
3816083,5
3816092,5
3816100,5
3816108,5
3816117,5
3816125,5
3816133,5
3816142,5
3816150,5
3816158,5
3816167,5
3816175,5
3816183,5
3816192,5
3816200,5
3816208,5
3816217,5
3816225,5
3816233,5
3816250,5
3816258,5
3816275,5
3816283,5
3816300,5
3816308,5
3816325,5
3816333,5
3816342,5
3816350,5
3816358,5
3816367,5
3816375,5
3816383,5
3816392,5
3816400,5
3816408,5
3816417,5
3816425,5
3816433,5
3816442,5
3816450,5
3816458,5
3816467,5
3816475,5
3816483,5
3816492,5
3816500,5
3816508,5
3816517,5
3816525,5
3816533,5
3816542,5
3816550,5
3816558,5
3816567,5
3816575,5
3816583,5
3816592,5
3816600,5
3816608,5
3816617,5
3816625,5
3816633,5
3816642,5
3816650,5
3816658,5
3816667,5
3816675,5
3816683,5
3816692,5
3816700,5
3816708,5
3816717,5
3816725,5
3816733,5
3816742,5
3816750,5
3816759,2
3816767,5
3816775,5
3816783,5
3816792,5
3816800,5
3816808,5
3816817,5
3816825,5
3816833,5
3816842,5
3816850,5
3816858,5
3816867,5
3816875,5
3816883,5
3816892,5
3816900,5
3816908,5
3816917,5
3816925,5
3816933,5
3816942,5
3816950,5
3816958,5
3816967,5
3816975,5
3816983,5
3816992,5
3817000,5
3817017,5
3817025,5
3817042,5
3817050,5
3817067,5
3817075,5
3817083,5
3817092,5
3817100,5
3817108,5
3817125,5
3817133,5
3817150,5
3817158,5
3817175,5
3817183,5
3817200,5
3817208,5
3817225,5
3817233,5
3817250,5
3817258,5
3817267,5
3817275,5
3817283,5
3817292,5
3817300,5
3817308,5
3817317,5
3817325,5
3817333,5
3817342,5
3817350,5
3817358,5
3817367,5
3817375,5
3817383,5
3817392,5
3817400,5
3817408,5
3817417,5
3817425,5
3817433,5
3817442,5
3817450,5
3817458,5
3817467,5
3817475,5
3817483,5
3817491,5
3817500,5
3817508,5
3817517,5
3817525,5
3817533,5
3817541,5
3817550,5
3817558,5
3817567,5
3817575,5
3817583,5
3817592,5
3817600,5
3817608,5
3817617,5
3817625,5
3817633,5
3817642,5
3817650,5
3817658,5
3817667,5
3817675,5
3817683,5
3817691,5
3817700,5
3817708,5
3817717,5
3817725,5
3817733,5
3817741,5
3817750,5
3817758,5
3817766,5
3817775,5
3817783,5
3817872,5
3817880,5
3817888,5
3817897,5
3817905,5
3817913,5
3817922,5
3817930,5
3817938,5
3817947,5
3817955,5
3817963,5
3817972,5
3817980,5
3817988,5
3817997,5
3818005,5
3818013,5
3818022,5
3818030,5
3818038,5
3818047,5
3818055,5
3818063,5
3818072,5
3818080,5
3818088,5
3818096,5
3818105,5
3818113,5
3818122,5
3818130,5
3818138,5
3818147,5
3818155,5
3818163,5
3818180,5
3818188,5
3818205,5
3818213,5
3818230,5
3818238,5
3818247,5
3818255,5
3818263,5
3818272,5
3818280,5
3818288,5
3818296,5
3818305,5
3818313,5
3818322,5
3818330,5
3818338,5
3818347,5
3818355,5
3818363,5
3818380,5
3818388,5
3818405,5
3818413,5
3818430,5
3818438,5
3818447,5
3818455,5
3818463,5
3818472,5
3818480,5
3818488,5
3818496,5
3818505,5
3818513,5
3818522,5
3818530,5
3818538,5
3818547,5
3818555,5
3818563,5
3818572,5
3818580,5
3818588,5
3818596,5
3818605,5
3818613,5
3818621,5
3818630,5
3818638,5
3818646,5
3818655,5
3818663,5
3818672,5
3818680,5
3818688,5
3818696,5
3818705,5
3818713,5
3818721,5
3818730,5
3818738,5
3818747,5
3818755,5
3818763,5
3818771,5
3818780,5
3818788,5
3818796,5
3818805,5
3818813,5
3818821,5
3818830,5
3818838,5
3818846,5
3818855,5
3818943,5
3818951,5
3818959,5
3818968,5
3818976,5
3818984,5
3818993,5
3819001,4
3819018,5
3819026,5
3819034,5
3819043,5
3819051,5
3819059,5
3819067,5
3819076,5
3819084,5
3819092,5
3819101,5
3819109,5
3819117,5
3819126,5
3819134,5
3819143,5
3819151,5
3819159,5
3819167,5
3819176,5
3819184,5
3819193,5
3819201,5
3819209,5
3819217,5
3819226,5
3819234,5
3819243,5
3819251,5
3819259,5
3819267,5
3819276,5
3819284,5
3819292,5
3819301,5
3819309,5
3819317,5
3819326,5
3819334,5
3819342,5
3819351,5
3819359,5
3819367,5
3819376,5
3819384,5
3819401,5
3819417,5
3819426,5
3819434,5
3819451,5
3819459,5
3819467,5
3819476,5
3819484,5
3819493,5
3819501,5
3819509,5
3819518,5
3819526,5
3819534,5
3819542,5
3819551,5
3819559,5
3819567,5
3819576,5
3819584,5
3819592,5
3819601,5
3819609,5
3819617,5
3819626,5
3819634,5
3819651,5
3819659,5
3819676,5
3819684,5
3819701,5
3819709,5
3819718,5
3819726,5
3819734,5
3819742,5
3819751,5
3819759,5
3819767,5
3819776,5
3819784,5
3819792,5
3819801,5
3819809,5
3819817,5
3819834,5
3819842,5
3819851,5
3819859,5
3819867,5
3819884,5
3819892,5
3819909,5
3819917,5
3820014,5
3820030,5
3820038,5
3820055,5
3820063,5
3820072,5
3820080,5
3820089,5
3820097,5
3820105,5
3820114,5
3820122,5
3820130,5
3820139,5
3820147,5
3820155,5
3820163,5
3820172,5
3820180,5
3820188,5
3820197,5
3820205,5
3820214,5
3820222,5
3820230,5
3820238,5
3820247,5
3820255,5
3820264,5
3820272,5
3820280,5
3820297,5
3820305,5
3820313,5
3820322,5
3820330,5
3820338,5
3820347,5
3820355,5
3820372,4
3820388,5
3820397,5
3820405,5
3820422,5
3820430,5
3820438,5
3820447,5
3820455,5
3820463,5
3820472,5
3820480,5
3820488,5
3820497,5
3820505,5
3820514,5
3820522,5
3820530,5
3820538,5
3820547,5
3820555,5
3820572,4
3820588,5
3820597,5
3820605,5
3820622,5
3820630,5
3820638,5
3820647,5
3820655,5
3820663,5
3820672,5
3820680,5
3820688,5
3820697,5
3820705,5
3820713,5
3820722,5
3820730,5
3820738,5
3820747,5
3820755,5
3820763,5
3820772,5
3820780,5
3820788,5
3820797,5
3820805,5
3820813,5
3820822,5
3820830,5
3820838,5
3820847,5
3820855,5
3820863,5
3820872,4
3820888,5
3820897,5
3820905,5
3820913,5
3820922,5
3820930,5
3820938,5
3820947,5
3820955,5
3820963,5
3820972,5
3820980,5
3820988,5
3820997,5
3821085,5
3821093,5
3821101,5
3821109,5
3821118,5
3821126,5
3821134,5
3821143,5
3821151,5
3821160,5
3821168,5
3821176,5
3821184,5
3821193,5
3821201,5
3821209,5
3821218,5
3821226,5
3821234,5
3821243,5
3821251,5
3821259,5
3821268,5
3821276,5
3821284,5
3821293,5
3821301,5
3821309,5
3821318,5
3821326,5
3821334,5
3821343,5
3821351,5
3821359,5
3821368,5
3821376,5
3821384,5
3821393,5
3821401,5
3821409,5
3821426,5
3821434,5
3821443,5
3821451,5
3821459,5
3821468,5
3821476,5
3821493,5
3821501,5
3821518,5
3821526,5
3821543,5
3821551,5
3821568,5
3821576,5
3821584,5
3821593,5
3821601,5
3821609,5
3821618,5
3821626,5
3821634,5
3821643,5
3821651,5
3821659,5
3821668,5
3821676,5
3821684,5
3821701,5
3821709,5
3821726,5
3821734,5
3821751,5
3821759,5
3821776,5
3821784,5
3821801,5
3821809,5
3821826,5
3821834,5
3821851,5
3821859,5
3821876,5
3821884,5
3821901,5
3821909,5
3821926,5
3821934,5
3821951,5
3821959,5
3821976,5
3821984,5
3822001,5
3822009,5
3822018,5
3822026,5
3822034,5
3822043,5
3822051,5
3822059,5
3822068,5
3822156,5
3822164,5
3822172,5
3822180,5
3822189,5
3822197,5
3822205,5
3822214,5
3822222,5
3822230,5
3822239,5
3822247,5
3822255,5
3822264,5
3822272,5
3822280,5
3822289,5
3822297,5
3822305,5
3822322,5
3822330,5
3822339,4
3822355,5
3822364,5
3822372,5
3822380,5
3822397,5
3822405,5
3822422,5
3822430,5
3822447,5
3822455,5
3822472,5
3822480,5
3822497,5
3822505,5
3822522,5
3822530,5
3822547,5
3822555,5
3822572,5
3822580,5
3822597,5
3822605,5
3822622,5
3822630,5
3822647,5
3822655,5
3822672,5
3822680,5
3822697,5
3822705,5
3822722,5
3822730,5
3822747,5
3822755,5
3822772,5
3822780,5
3822789,5
3822797,5
3822805,5
3822814,5
3822822,5
3822830,5
3822839,5
3822847,5
3822855,5
3822864,5
3822872,5
3822880,5
3822889,5
3822897,5
3822905,5
3822914,5
3822922,5
3822930,5
3822939,5
3822947,5
3822955,5
3822964,5
3822972,5
3822980,5
3822989,5
3822997,5
3823005,5
3823014,5
3823022,5
3823030,5
3823039,5
3823047,5
3823055,5
3823064,5
3823072,5
3823081,5
3823089,5
3823097,5
3823105,5
3823114,5
3823122,5
3823130,5
3823139,5
3823227,5
3823235,5
3823243,5
3823251,5
3823260,5
3823268,5
3823276,5
3823285,5
3823293,5
3823301,5
3823310,5
3823318,5
3823326,5
3823335,5
3823343,5
3823351,5
3823368,5
3823376,5
3823393,5
3823401,5
3823418,5
3823435,5
3823443,5
3823460,5
3823468,5
3823485,5
3823493,5
3823510,5
3823518,5
3823535,5
3823543,5
3823810,5
3823818,5
3823835,5
3823843,5
3823868,5
3823876,5
3823893,5
3823901,5
3823918,5
3823926,5
3823935,5
3823943,5
3823951,5
3823960,5
3823968,5
3823976,5
3823985,5
3823993,5
3824001,5
3824010,5
3824018,5
3824026,5
3824035,5
3824043,5
3824051,5
3824060,5
3824068,5
3824076,5
3824093,5
3824101,5
3824118,5
3824126,5
3824143,5
3824168,5
3824176,5
3824185,5
3824193,5
3824210,5
3824306,5
3824314,5
3824331,5
3824339,5
3824348,5
3824356,5
3824364,5
3824372,5
3824381,5
3824389,5
3824397,5
3824406,5
3824414,5
3824422,5
3824431,5
3824439,5
3824448,5
3824456,5
3824464,5
3824472,5
3824481,5
3824489,5
3824497,5
3824506,5
3824514,5
3824522,5
3824531,5
3824539,5
3824547,5
3824556,5
3824564,5
3824572,5
3824581,5
3824589,5
3824597,5
3824606,5
3824614,5
3824622,5
3824631,5
3824639,5
3824647,5
3824656,5
3824664,5
3824672,5
3824681,5
3824689,5
3824697,5
3824706,5
3824714,5
3824722,5
3824731,5
3824739,5
3824747,5
3824756,5
3824764,5
3824772,5
3824781,5
3824789,5
3824806,4
3824822,5
3824831,5
3824839,5
3824856,5
3824864,5
3824872,5
3824881,5
3824889,5
3824897,5
3824906,5
3824914,5
3824922,5
3824931,5
3824939,5
3824947,5
3824956,5
3824964,5
3824972,5
3824981,5
3824989,5
3824997,5
3825006,5
3825014,5
3825022,5
3825031,5
3825039,5
3825047,5
3825056,5
3825064,5
3825072,5
3825081,5
3825089,5
3825097,5
3825106,5
3825114,5
3825122,5
3825131,5
3825139,5
3825147,5
3825156,5
3825164,5
3825172,5
3825181,5
3825189,5
3825197,5
3825206,5
3825214,5
3825222,5
3825231,5
3825239,5
3825247,5
3825256,5
3825264,5
3825272,5
3825281,5
3825369,5
3825385,5
3825393,5
3825410,5
3825435,0
3825452,0
3825460,5
3825477,5
3825485,5
3825502,5
3825510,5
3825518,5
3825527,5
3825535,5
3825543,5
3825552,5
3825560,5
3825568,5
3825577,5
3825585,5
3825593,5
3825602,5
3825610,5
3825618,5
3825627,5
3825635,5
3825643,5
3825652,5
3825660,5
3825668,5
3825677,5
3825685,5
3825693,5
3825702,5
3825710,5
3825718,5
3825727,5
3825735,5
3825744,5
3825752,5
3825760,5
3825768,5
3825777,5
3825785,5
3825793,5
3825802,5
3825810,5
3825818,5
3825827,5
3825835,5
3825843,5
3825852,5
3825860,5
3825868,5
3825885,5
3825910,5
3825935,5
3825952,5
3825960,5
3825968,5
3825977,5
3825985,5
3825993,5
3826002,5
3826010,5
3826018,5
3826027,5
3826035,5
3826043,5
3826052,5
3826060,5
3826068,5
3826077,5
3826085,5
3826093,5
3826102,5
3826110,5
3826118,5
3826127,5
3826135,5
3826143,5
3826152,5
3826160,5
3826168,5
3826177,5
3826185,5
3826193,5
3826202,5
3826210,5
3826218,5
3826227,5
3826235,5
3826243,5
3826252,5
3826260,5
3826268,5
3826277,5
3826285,5
3826293,5
3826302,5
3826310,5
3826327,5
3826335,5
3826352,5
3826448,5
3826456,5
3826464,5
3826473,5
3826481,5
3826489,5
3826498,5
3826506,5
3826514,5
3826523,5
3826531,1
3826548,1
3826556,1
3826573,1
3826581,1
3826606,1
3826631,2
3826640,2
3826656,2
3826664,2
3826681,2
3826689,2
3826706,2
3826714,2
3826731,2
3826739,2
3826748,2
3826756,2
3826764,2
3826781,2
3826789,2
3826806,2
3826814,2
3826831,2
3826839,2
3826856,2
3826864,2
3826881,2
3826889,3
3826906,4
3826914,4
3826931,4
3826940,3
3826956,3
3826964,3
3826973,3
3826981,2
3826989,2
3826998,2
3827006,3
3827014,3
3827023,3
3827031,4
3827039,4
3827056,4
3827064,4
3827081,4
3827089,4
3827106,4
3827123,4
3827131,4
3827148,4
3827156,4
3827181,4
3827189,2
3827206,3
3827214,3
3827231,3
3827239,2
3827256,2
3827264,2
3827281,2
3827298,3
3827306,2
3827323,2
3827331,3
3827348,3
3827356,2
3827373,2
3827381,2
3827398,2
3827406,2
3827423,2
3827511,4
3827519,3
3827527,3
3827544,3
3827552,3
3827560,3
3827569,3
3827577,3
3827585,3
3827594,3
3827602,3
3827619,3
3827627,3
3827644,3
3827652,3
3827669,3
3827677,3
3827694,3
3827702,3
3827719,3
3827727,5
3827735,5
3827744,5
3827752,5
3827760,5
3827769,5
3827777,5
3827785,5
3827794,5
3827802,5
3827810,5
3827827,5
3827835,5
3827852,5
3827860,5
3827877,5
3827885,5
3827902,5
3827910,5
3827919,5
3827927,5
3827944,5
3827952,5
3827960,5
3827969,5
3827977,5
3827985,5
3827994,5
3828002,5
3828010,5
3828019,5
3828027,5
3828035,5
3828052,5
3828077,2
3828102,3
3828119,3
3828127,3
3828144,3
3828152,3
3828160,3
3828169,3
3828177,3
3828185,3
3828194,3
3828202,3
3828210,3
3828219,4
3828227,3
3828235,3
3828244,3
3828252,2
3828260,3
3828269,3
3828277,3
3828285,3
3828294,3
3828302,3
3828310,2
3828319,2
3828327,3
3828335,3
3828344,3
3828352,3
3828360,3
3828377,3
3828385,3
3828402,3
3828410,3
3828427,3
3828435,2
3828452,2
3828460,3
3828477,3
3828485,3
3828502,3
3828510,4
3828527,4
3828616,3
3828624,3
3828632,3
3828640,3
3828649,3
3828657,3
3828665,3
3828674,3
3828682,2
3828691,3
3828699,3
3828707,3
3828715,3
3828724,3
3828732,3
3828740,3
3828749,3
3828757,2
3828765,3
3828773,3
3828782,3
3828790,4
3828799,4
3828807,4
3828824,4
3828832,4
3828849,4
3828857,4
3828874,4
3828882,3
3828890,4
3828899,4
3828907,4
3828915,4
3828924,4
3828932,4
3828949,4
3828957,4
3828965,4
3828974,5
3828990,4
3828999,4
3829007,4
3829015,4
3829024,4
3829032,4
3829040,4
3829049,4
3829057,4
3829065,4
3829082,4
3829090,4
3829107,4
3829115,4
3829132,4
3829140,4
3829149,4
3829157,4
3829165,4
3829173,3
3829182,2
3829190,5
3829199,5
3829207,5
3829215,5
3829224,5
3829232,5
3829240,5
3829249,5
3829257,5
3829265,5
3829274,5
3829282,5
3829290,5
3829298,5
3829307,5
3829315,5
3829323,5
3829332,5
3829340,5
3829349,5
3829357,5
3829365,5
3829373,5
3829382,5
3829399,5
3829407,5
3829423,5
3829432,5
3829448,5
3829457,5
3829473,5
3829482,5
3829498,5
3829507,5
3829523,5
3829532,5
3829540,5
3829549,5
3829557,5
3829565,5
3829573,5
3829582,5
3829590,5
3829599,5
3829694,5
3829720,5
3829745,5
3829761,5
3829770,5
3829778,5
3829786,5
3829795,5
3829803,5
3829811,5
3829820,5
