3829097,4
3829122,4
3829139,5
3829147,5
3829172,5
3829197,4
3829222,4
3829247,4
3829272,4
3829297,4
3829322,4
3829339,4
3829347,4
3829364,1
3829372,2
3829397,1
3829414,4
3829422,4
3829447,4
3829464,4
3829472,5
3829489,4
3829514,4
3829522,4
3829547,4
3829614,4
3829622,3
3829647,4
3836039,1
3836064,1
3836114,5
3836139,2
3836164,1
3836239,1
3836289,1
3836314,1
3836364,5
3836372,2
3836489,5
3836514,5
3836614,5
3836664,2
3836772,2
3836789,2
3836864,2
3836889,1
3836914,2
3836964,1
3836989,1
3837014,1
3837110,1
3837135,1
3837185,1
3837210,1
3837235,1
3837260,1
3837285,1
3837310,2
3837360,2
3837385,5
3837410,5
3837435,5
3837443,5
3837460,5
3837485,5
3837535,5
3837560,5
3837585,2
3837610,2
3837635,2
3837660,2
3837685,2
3837710,1
3837735,1
3837760,1
3837785,5
3837809,5
3837859,5
3837885,5
3837934,5
3837959,5
3837985,5
3838010,5
3838034,5
3838059,5
3838181,5
3838206,5
3838214,1
3838231,1
3838256,1
3838456,5
3838755,5
3838831,5
3838856,5
3838931,5
3838956,5
3839031,5
3839055,5
3839114,5
3839131,5
3839155,1
3839269,1
3839294,1
3839319,1
3839343,1
3839393,1
3839718,5
3839818,5
3839868,5
3839893,5
3839994,5
3840143,5
3840168,5
3840193,5
3840218,5
3841412,5
3841511,5
3841536,5
3841611,5
3841711,5
3841761,5
3841836,5
3841911,5
3842161,5
3842186,5
3842211,5
3842261,5
3842311,5
3842336,5
3842386,5
3842507,5
3842532,5
3842557,5
3842582,5
3842607,5
3842632,5
3842682,5
3842707,5
3842733,5
3842757,5
3842782,5
3842807,5
3842857,5
3842882,5
3842907,5
3842932,5
3842957,5
3842982,5
3843007,5
3843016,5
3843032,5
3843041,1
3843058,1
3843066,2
3843182,2
3843191,2
3843216,2
3843241,5
3843257,5
3843266,5
3843282,5
3843307,5
3843332,5
3843341,5
3843357,5
3843366,5
3843382,5
3843391,5
3843407,2
3843432,2
3843441,1
3843457,1
3843466,1
3843562,1
3843587,2
3843603,2
3843612,1
3843628,1
3843637,1
3843653,1
3843662,2
3843678,1
3843687,1
3843703,1
3843712,1
3843728,1
3843737,1
3843753,2
3843762,1
3843778,1
3843787,2
3843803,2
3843812,1
3843828,1
3843837,2
3843853,2
3843862,2
3843878,2
3843887,1
3843903,1
3843912,2
3843928,2
3843953,2
3843962,2
3843978,2
3843987,2
3844003,2
3844012,2
3844028,2
3844053,5
3844062,5
3844078,5
3844087,5
3844103,5
3844112,5
3844128,2
3844153,2
3844178,2
3844187,2
3844212,2
3844237,3
3844626,1
3844675,1
3844700,1
3844725,1
3844750,1
3844850,2
3844875,2
3845225,1
3845250,1
3845300,5
3845325,1
3845350,1
3845400,1
3845409,1
3845425,5
3845450,5
3845500,5
3845509,5
3845525,5
3845550,5
3845575,5
3845600,5
3845609,5
3845697,5
3845821,3
3845846,5
3845896,1
3845921,1
3845946,5
3845971,1
3845996,5
3846777,5
3846785,5
3846826,5
3846976,5
3847010,5
3847060,5
3848147,5
3848172,5
3848197,5
3848206,5
3848222,5
3848231,5
3848247,5
3848256,5
3848272,5
3848297,5
3848306,5
3848322,5
3848331,5
3848347,5
3848356,5
3848372,5
3848397,5
3848406,5
3848423,5
3848431,5
3848447,5
3848472,5
3848506,5
3848522,5
3848556,5
3848572,5
3848597,5
3848606,5
3848622,5
3848631,1
3848647,1
3848656,1
3848672,5
3848697,5
3848723,5
3848756,5
3848772,5
3848797,5
3848806,5
3848822,5
3848831,5
3848847,5
3848856,5
3848872,1
3848969,1
3848993,1
3849018,5
3849027,5
3849068,5
3849093,5
3849127,5
3849160,5
3849168,5
3849185,5
3849193,5
3849202,5
3849227,5
3849243,5
3849252,5
3849268,5
3849293,5
3849318,5
3849327,5
3849335,5
3849352,5
3849360,5
3849368,5
3849393,5
3849418,5
3849435,5
3849443,1
3849468,5
3849493,5
3849518,5
3849543,5
3849568,5
3849577,5
3849593,1
3849643,5
3849652,5
3849660,5
3849668,5
3849677,5
3849693,1
3849702,1
3849718,1
3849726,1
3849768,1
3849827,1
3849852,1
3849860,1
3849868,5
3849893,1
3849918,1
3849960,1
3850065,5
3850098,5
3850123,5
3850148,5
3850165,5
3850173,5
3850190,5
3850198,5
3850257,1
3850290,1
3850298,1
3850323,5
3850348,5
3850373,5
3850390,5
3850398,5
3850423,5
3850448,5
3850465,5
3850473,5
3850490,5
3850498,5
3850523,5
3850532,5
3850548,5
3850573,5
3850590,5
3850623,5
3850648,5
3850656,5
3850673,5
3850681,5
3850698,5
3850723,5
3850732,1
3850748,3
3850773,1
3850790,1
3850798,5
3850865,5
3850898,5
3850923,1
3850931,5
3850948,4
3850998,1
3851023,5
3851048,5
3851056,5
3851073,5
3851098,5
3851106,5
3851148,5
3851248,3
3851256,1
3851273,1
3851281,5
3851298,5
3851306,5
3851356,5
3851398,5
3851406,5
3851423,5
3851448,5
3851456,5
3851498,5
3851523,5
3851548,5
3851556,5
3851573,5
3851598,5
3851606,5
3851615,5
3851623,5
3851631,5
3851648,5
3851665,5
3851673,5
3851690,5
3851698,5
3851706,5
3851731,5
3851740,5
3851756,5
3851790,1
3851798,1
3851806,1
3851815,1
3851823,1
3851831,1
3851856,1
3851873,1
3851881,1
3851898,1
3851906,1
3851931,1
3851956,2
3852086,2
3852161,4
3852203,3
3852211,3
3852228,3
3852236,3
3852286,1
3852311,1
3852328,1
3852336,1
3852361,1
3852387,1
3852428,5
3852436,5
3852453,5
3852478,5
3852486,5
3852495,1
3852503,2
3852520,2
3852545,2
3852578,2
3852586,3
3852595,3
3852611,4
3852620,4
3852636,4
3852645,4
3852661,4
3852670,4
3852686,4
3852703,4
3852711,4
3852720,4
3852728,4
3852736,4
3852745,4
3852753,4
3852761,4
3852770,4
3852786,4
3852795,4
3852811,4
3852820,2
3852828,2
3852836,2
3852845,2
3852853,2
3852861,2
3852870,2
3852886,2
3852895,2
3852903,2
3852911,2
3852920,2
3852928,2
3852936,2
3852953,2
3852961,2
3852970,2
3852978,2
3852986,2
3852995,2
3853003,2
3853011,2
3853020,2
3853028,2
3853036,2
3854195,5
3854203,5
3854220,5
3854228,5
3854245,5
3854270,5
3854278,5
3854295,5
3854303,5
3854328,5
3854345,5
3854370,5
3854378,5
3854395,5
3854403,5
3854428,5
3854445,5
3854453,5
3854470,5
3854478,5
3854495,5
3854504,5
3854528,5
3854545,5
3854553,5
3854570,5
3854578,1
3854595,1
3854603,5
3854620,5
3854628,5
3854645,5
3854670,5
3854695,1
3854703,1
3854728,1
3854745,5
3854753,5
3854770,5
3854778,5
3854795,5
3854804,5
3854820,5
3854828,5
3854853,5
3854870,5
3854878,5
3854895,5
3854903,5
3854920,5
3854928,5
3854945,5
3854953,5
3854970,5
3854978,5
3854995,5
3855004,5
3855020,5
3855028,5
3855045,5
3855053,5
3855070,1
3855078,5
3855095,5
3855103,5
3855120,1
3855128,5
3855145,5
3855153,5
3855170,5
3855178,5
3855266,4
3855366,1
3855374,1
3855399,1
3855424,1
3855441,1
3855449,1
3855466,1
3855474,5
3855491,5
3855499,5
3855516,5
3855524,5
3855541,5
3855549,5
3855574,5
3855591,5
3855599,5
3855616,5
3855624,5
3855641,5
3855649,5
3855666,5
3855674,5
3855691,5
3855699,5
3855774,5
3855824,5
3855874,5
3855899,5
3855924,5
3855974,5
3856016,4
3856024,4
3856074,5
3856099,5
3856116,4
3856124,4
3856174,5
3856199,5
3856224,5
3856370,5
3856395,5
3856420,5
3856470,5
3856495,5
3856570,5
3856595,2
3856620,5
3856637,1
3856645,1
3856695,1
3856720,1
3856745,5
3856762,5
3856795,1
3856820,5
3856845,5
3856870,1
3856895,1
3856945,1
3856970,1
3856995,1
3857020,2
3857095,5
3857112,3
3857120,3
3857137,1
3857145,1
3857170,1
3857187,1
3857195,1
3857212,5
3857220,5
3857237,1
3857245,1
3857262,1
3857270,1
3857295,1
3857320,2
3857408,5
3857416,1
3857433,1
3857441,1
3857458,1
3857466,1
3857491,1
3857508,1
3857516,1
3857541,1
3857558,1
3857566,1
3857591,5
3857608,5
3857617,5
3857633,1
3857641,1
3857658,5
3857666,5
3857683,5
3857691,1
3857708,1
3857716,1
3857733,1
3857741,5
3857758,1
3857766,1
3857783,1
3857791,1
3857808,5
3857833,5
3857841,5
3857858,1
3857866,1
3857883,1
3857891,1
3857908,5
3857933,5
3857941,5
3857966,5
3857983,5
3857991,1
3858008,1
3858016,1
3858033,1
3858041,1
3858058,1
3858083,5
3858091,5
3858108,5
3858116,5
3858133,5
3858141,5
3858158,1
3858166,1
3858191,1
3858208,5
3858233,5
3858241,5
3858258,1
3858266,1
3858283,1
3858291,1
3858308,1
3858333,1
3858341,1
3858358,1
3858366,5
3858383,5
3858391,5
3858537,1
3858562,1
3858587,2
3858612,1
3858637,1
3858654,5
3858662,5
3858679,5
3858687,5
3858704,5
3858729,5
3858737,5
3858763,5
3858779,1
3858787,1
3858804,5
3858829,5
3858837,5
3858854,5
3858862,5
3858879,5
3858887,5
3858904,5
3858912,5
3858929,1
3858937,1
3858962,5
3858979,5
3858987,5
3859012,1
3859029,1
3859037,5
3859054,5
3859062,1
3859154,1
3859179,1
3859187,1
3859204,5
3859212,5
3859237,5
3859262,5
3859287,5
3859304,5
3859312,5
3859329,5
3859337,5
3859362,5
3859379,5
3859387,5
3859404,5
3859429,5
3859437,5
3859462,5
3859479,5
3859592,5
3859600,5
3859617,5
3859625,5
3859642,5
3859650,5
3859675,5
3859692,5
3859700,5
3859717,5
3859725,5
3859742,5
3859750,5
3859767,5
3859775,5
3859792,5
3859800,5
3859817,5
3859825,5
3859842,5
3859850,5
3859867,5
3859875,5
3859892,5
3859900,5
3859917,5
3859925,5
3859942,5
3859950,5
3859967,5
3859975,5
3859992,5
3860000,5
3860025,5
3860050,1
3860067,5
3860075,5
3860092,5
3860100,5
3860125,5
3860142,5
3860150,5
3860167,5
3860175,5
3860192,5
3860200,5
3860225,5
3860242,5
3860267,5
3860275,5
3860292,5
3860300,5
3860317,5
3860325,5
3860342,5
3860350,5
3860367,5
3860375,5
3860392,5
3860400,5
3860417,5
3860425,5
3860442,5
3860467,5
3860475,5
3860492,5
3860500,5
3860517,5
3860525,5
3860542,5
3860550,5
3860567,5
3860575,5
3860592,5
3860600,5
3860705,5
3860730,5
3860738,5
3860763,5
3860788,5
3860805,5
3860813,5
3860830,5
3860838,5
3860863,5
3860888,5
3860905,5
3860913,5
3860930,5
3860938,5
3860955,5
3860963,5
3860988,5
3861005,5
3861013,5
3861030,5
3861063,5
3861088,5
3861105,5
3861113,5
3861130,5
3861138,5
3861155,5
3861163,5
3861180,5
3861188,5
3861205,5
3861230,5
3861238,5
3861263,5
3861305,5
3861330,5
3861338,5
3861355,5
3861363,5
3861380,5
3861388,5
3861405,5
3861438,5
3861463,5
3861480,5
3861505,5
3861530,5
3861538,5
3861555,5
3861563,5
3861605,5
3861630,5
3861638,5
3861655,5
3861663,5
3861680,5
3861688,5
3861776,5
3861784,5
3861809,5
3861826,5
3861859,5
3861876,5
3861884,5
3861901,5
3861909,5
3861926,5
3861934,5
3861951,5
3861959,5
3861976,5
3861984,5
3862001,5
3862009,5
3862059,1
3862076,1
3862084,5
3862101,5
3862109,5
3862126,5
3862134,5
3862151,5
3862159,5
3862176,5
3862184,5
3862201,5
3862209,5
3862226,5
3862234,5
3862259,5
3862276,5
3862284,5
3862301,5
3862318,5
3862326,5
3862334,5
3862351,5
3862359,5
3862376,5
3862384,5
3862401,5
3862409,5
3862426,5
3862434,5
3862451,5
3862459,5
3862476,5
3862484,5
3862501,5
3862509,5
3862526,5
3862534,5
3862551,5
3862559,5
3862576,5
3862584,5
3862601,5
3862609,5
3862626,5
3862634,5
3862651,5
3862659,5
3862676,5
3862684,5
3862701,5
3862709,5
3862726,5
3862734,5
3862751,5
3862759,5
3862872,5
3862880,5
3862897,5
3862905,5
3862930,5
3862955,1
3862972,5
3862980,5
3862997,5
3863005,5
3863097,2
3863105,2
3863122,1
3863130,5
3863147,5
3863155,5
3863180,5
3863205,5
3863222,5
3863230,5
3863247,5
3863255,5
3863272,5
3863280,5
3863297,5
3863305,5
3863330,5
3863347,5
3863355,5
3863372,5
3863380,5
3863397,5
3863405,5
3863422,5
3863430,5
3863447,5
3863455,5
3863472,5
3863480,5
3863497,5
3863505,5
3863522,5
3863530,5
3863547,5
3863555,5
3863572,5
3863580,5
3863597,5
3863605,5
3863622,5
3863630,5
3863647,5
3863655,5
3863672,5
3863680,5
3863697,5
3863705,5
3863722,5
3863730,5
3863747,5
3863755,5
3863780,5
3863805,5
3863822,5
3863830,5
3863918,5
3863926,5
3863951,5
3863968,5
3863976,1
3864001,1
3864018,1
3864026,1
3864051,1
3864076,1
3864093,1
3864101,5
3864118,5
3864126,5
3864143,5
3864151,5
3864168,5
3864176,5
3864201,5
3864226,1
3864268,1
3864276,1
3864293,5
3864301,5
3864318,5
3864326,5
3864343,5
3864351,5
3864368,5
3864376,5
3864401,5
3864418,5
3864426,5
3864451,5
3864468,5
3864476,5
3864493,5
3864501,5
3864526,5
3864543,5
3864551,5
3864568,5
3864576,5
3864593,5
3864601,5
3864626,5
3864668,5
3864676,5
3864693,5
3864701,5
3864726,5
3864743,5
3864768,5
3864776,5
3864793,5
3864801,5
3864818,5
3864826,5
3864843,5
3864851,5
3864868,5
3864876,5
3864893,5
3864901,5
3864997,5
3865014,5
3865039,5
3865047,5
3865064,5
3865072,5
3865089,5
3865097,5
3865114,5
3865122,5
3865164,5
3865189,5
3865197,5
3865214,5
3865222,5
3865239,5
3865247,5
3865264,5
3865289,5
3865297,5
3865314,5
3865322,5
3865339,5
3865364,5
3865372,5
3865389,5
3865397,5
3865514,2
3865539,5
3865547,5
3865564,5
3865572,5
3865589,5
3865597,5
3865622,5
3865647,5
3865672,5
3865689,5
3865697,5
3865722,5
3865747,1
3865764,5
3865772,5
3865789,5
3865797,5
3865839,5
3865847,5
3865864,5
3865872,5
3865889,5
3865897,5
3865922,5
3865947,5
3865964,5
3865972,5
3866060,5
3866068,5
3866093,5
3866143,5
3866160,5
3866168,5
3866185,5
3866193,5
3866218,5
3866243,1
3866268,1
3866285,1
3866293,1
3866318,1
3866343,2
3866368,2
3866385,1
3866393,1
3866418,1
3866443,1
3866468,1
3866485,1
3866493,5
3866518,1
3866535,1
3866543,1
3866560,1
3866568,1
3866585,1
3866593,1
3866618,1
3866635,1
3866643,1
3866660,1
3866668,1
3866685,1
3866693,1
3866718,1
3866743,1
3866760,1
3866768,1
3866785,1
3866793,5
3866818,5
3866843,5
3866868,5
3866885,5
3866893,5
3866943,5
3866960,5
3866985,5
3866993,5
3867018,5
3867035,5
3867043,5
3867131,5
3867164,5
3867189,5
3867206,5
3867214,5
3867231,5
3867239,5
3867256,5
3867264,5
3867281,5
3867289,5
3867406,1
3867414,5
3867431,5
3867439,5
3867456,5
3867481,5
3867489,5
3867514,5
3867531,5
3867539,5
3867556,5
3867564,5
3867581,5
3867589,5
3867606,5
3867614,5
3867631,5
3867639,5
3867656,5
3867664,5
3867681,5
3867689,5
3867706,5
3867714,5
3867731,5
3867739,5
3867756,5
3867764,5
3867781,5
3867789,5
3867806,5
3867814,5
3867831,5
3867839,5
3867856,5
3867864,5
3867881,5
3867906,5
3867914,5
3867931,5
3867939,5
3867956,5
3867964,5
3867981,5
3868006,5
3868014,5
3868031,5
3868039,5
3868056,5
3868064,1
3868081,1
3868106,1
3868114,5
3868227,5
3868235,5
3868252,5
3868260,5
3868277,5
3868285,5
3868302,5
3868310,5
3868327,5
3868335,5
3868352,5
3868360,5
3868377,5
3868385,5
3868402,5
3868410,5
3868427,5
3868435,5
3868452,5
3868460,5
3868477,5
3868502,5
3868510,5
3868527,5
3868535,5
3868552,5
3868560,5
3868577,5
3868585,5
3868602,5
3868610,5
3868627,5
3868635,5
3868652,5
3868660,5
3868677,5
3868685,5
3868702,5
3868710,5
3868727,5
3868735,5
3868777,5
3868785,5
3868802,5
3868810,5
3868827,5
3868835,5
3868852,5
3868860,5
3868877,5
3868885,1
3868927,1
3868935,5
3868952,5
3868960,5
3868977,5
3868985,5
3869002,5
3869027,5
3869035,5
3869052,5
3869060,5
3869077,5
3869085,5
3869102,5
3869110,5
3869127,5
3869135,5
3869152,5
3869160,5
3869177,5
3869185,5
3869273,5
3869281,1
3869298,1
3869306,1
3869323,1
3869331,1
3869348,5
3869373,5
3869381,5
3869398,5
3869406,5
3869423,5
3869431,5
3869448,5
3869473,5
3869498,5
3869506,1
3869531,1
3869556,1
3869573,1
3869581,5
3869598,5
3869606,5
3869623,5
3869631,5
3869648,5
3869656,5
3869673,5
3869681,5
3869698,5
3869706,5
3869723,5
3869731,5
3869748,5
3869756,5
3869773,5
3869781,5
3869798,5
3869806,5
3869823,5
3869831,5
3869848,5
3869856,5
3869873,5
3869881,5
3869898,5
3869906,5
3869923,5
3869931,5
3869948,5
3869956,5
3869973,5
3869981,5
3869998,5
3870006,5
3870023,5
3870031,5
3870048,5
3870056,5
3870073,5
3870081,5
3870098,5
3870106,5
3870123,5
3870131,1
3870148,5
3870156,5
3870173,5
3870206,5
3870344,1
3870352,5
3870377,5
3870394,5
3870402,5
3870427,5
3870452,5
3870477,5
3870494,5
3870502,5
3870527,5
3870544,5
3870552,5
3870569,5
3870577,5
3870594,5
3870627,5
3870644,5
3870652,5
3870669,5
3870677,5
3870694,5
3870702,5
3870719,5
3870727,5
3870744,5
3870752,5
3870769,5
3870777,5
3870794,5
3870802,5
3870827,5
3870844,5
3870852,5
3870869,5
3870877,5
3870894,5
3870902,5
3870919,5
3870944,5
3870952,5
3870969,5
3870977,5
3870994,5
3871002,5
3871019,5
3871027,5
3871044,5
3871052,5
3871069,5
3871077,5
3871094,5
3871102,5
3871119,5
3871127,5
3871144,5
3871152,5
3871168,5
3871177,5
3871194,5
3871202,5
3871244,5
3871269,5
3871277,5
3871294,5
3871302,5
3871319,5
3871327,5
3871343,5
3871369,5
3871377,5
3871465,5
3871473,5
3871490,4
3871498,1
3871515,1
3871540,1
3871548,1
3871565,1
3871573,1
3871590,5
3871598,5
3871615,5
3871623,5
3871640,5
3871648,5
3871665,5
3871673,5
3871698,5
3871715,5
3871723,5
3871740,5
3871748,5
3871765,5
3871773,5
3871798,5
3871815,5
3871823,5
3871840,5
3871848,5
3871864,5
3871873,5
3871890,5
3871898,5
3871914,5
3871923,5
3871940,5
3871948,5
3871973,5
3871989,5
3871998,5
3872023,5
3872040,5
3872048,5
3872073,5
3872089,5
3872098,5
3872123,5
3872140,5
3872148,5
3872165,5
3872173,5
3872190,5
3872198,5
3872223,5
3872239,5
3872248,5
3872273,5
3872290,5
3872298,5
3872314,5
3872339,5
3872348,5
3872364,5
3872373,5
3872390,5
3872398,5
3872414,5
3872423,5
3872439,5
3872448,5
3872544,5
3872561,5
3872569,5
3872586,5
3872594,5
3872611,5
3872619,5
3872635,5
3872644,5
3872661,5
3872669,5
3872685,5
3872711,5
3872719,5
3872736,5
3872744,5
3872769,5
3872794,5
3872811,5
3872819,5
3872835,5
3872844,5
3872860,5
3872869,5
3872885,5
3872894,5
3872910,5
3872919,5
3872935,5
3872944,5
3872969,5
3872986,5
3872994,5
3873011,5
3873019,5
3873035,5
3873044,5
3873060,5
3873069,5
3873094,5
3873111,5
3873119,5
3873135,5
3873144,5
3873160,5
3873169,5
3873185,5
3873194,5
3873211,5
3873219,5
3873235,5
3873260,5
3873269,5
3873286,5
3873294,5
3873311,5
3873319,5
3873335,5
3873344,5
3873360,5
3873369,5
3873394,5
3873411,1
3873419,1
3873444,1
3873460,1
3873469,1
3873494,1
3873511,1
3873519,1
3873640,5
3873656,5
3873665,5
3873740,5
3873781,5
3873815,5
3874040,2
3874081,1
3874140,5
3874165,4
3874190,3
3874215,3
3874240,4
3874265,4
3874290,4
3874315,4
3874340,4
3874365,4
3874390,3
3874415,4
3874465,4
3874481,2
3874490,2
3874506,4
3874531,3
3874540,4
3874548,4
3874556,4
3874565,4
3874573,4
3874581,4
3874590,4
3874598,4
3874606,4
3874615,4
3874631,4
3874640,4
3874648,4
3874656,4
3874665,4
3874673,4
3874690,4
3876256,5
3876281,5
