3734165,0
3734174,2
3734182,0
3734207,0
3734232,0
3734240,0
3734257,0
3734274,0
3734282,0
3734290,0
3734307,0
3734315,5
3734324,0
3734332,0
3734340,5
3734349,5
3734357,0
3734365,0
3734374,5
3734382,5
3734391,0
3734399,0
3734407,0
3734415,5
3734424,5
3734432,0
3734440,0
3734449,0
3734457,0
3734465,0
3734474,4
3734491,0
3734499,0
3734507,0
3734515,0
3734524,0
3734532,0
3734540,0
3734549,0
3734565,0
3734715,0
3734724,0
3734732,0
3734740,0
3734749,0
3734757,0
3734765,0
3734774,0
3734782,0
3734790,0
3734807,0
3734815,0
3734824,0
3734832,0
3734840,0
3734849,0
3734857,0
3734865,0
3734874,3
3734890,0
3734899,0
3734907,0
3734915,0
3734924,0
3734932,0
3734940,0
3734949,0
3734957,0
3734965,0
3734974,0
3734982,0
3734990,0
3734999,0
3735007,0
3735015,0
3735024,0
3735032,0
3735040,0
3735049,0
3735057,0
3735065,0
3735074,0
3735082,0
3735090,0
3735099,0
3735107,0
3735115,0
3735124,0
3735132,0
3735140,2
3735149,2
3735157,0
3735165,0
3735174,0
3735182,0
3735190,0
3735199,0
3735207,0
3735215,0
3735224,0
3735232,0
3735240,0
3735249,0
3735257,0
3735265,0
3735274,0
3735282,0
3735290,0
3735299,0
3735307,0
3735315,0
3735324,0
3735332,0
3735340,0
3735349,0
3735357,0
3735365,0
3735374,0
3735382,0
3735390,0
3735399,0
3735407,0
3735415,0
3735424,0
3735432,0
3735440,0
3735449,0
3735457,0
3735465,0
3735474,4
3735490,0
3735499,0
3735507,0
3735515,0
3735524,0
3735540,0
3735549,0
3735557,0
3735565,0
3735574,0
3735582,0
3735590,0
3735599,0
3735607,0
3735615,0
3735624,0
3735632,0
3735640,0
3735649,0
3735657,0
3735665,2
3735674,4
3735690,5
3735699,2
3735716,0
3735724,0
3735732,0
3735740,2
3735749,0
3735757,0
3735765,0
3735774,4
3735790,2
3735799,5
3735807,5
3735815,5
3735824,0
3735832,0
3735840,5
3735849,5
3735857,0
3735865,0
3735874,4
3735882,0
3735890,0
3735899,5
3735907,5
3735915,5
3735924,5
3735932,5
3735940,0
3735949,0
3735957,0
3735965,0
3735974,3
3735990,0
3735999,4
3736015,0
3736024,0
3736032,0
3736040,5
3736049,5
3736057,5
3736065,0
3736074,2
3736082,5
3736090,5
3736099,0
3736107,0
3736115,0
3736124,0
3736132,0
3736140,0
3736149,0
3736157,0
3736165,0
3736174,0
3736182,0
3736190,0
3736199,0
3736207,0
3736216,0
3736224,0
3736232,0
3736240,0
3736249,0
3736257,0
3736265,0
3736274,0
3736282,0
3736290,0
3736299,0
3736307,0
3736315,0
3736324,0
3736332,0
3736340,0
3736349,0
3736357,0
3736365,0
3736373,0
3736382,0
3736390,0
3736399,0
3736407,0
3736415,0
3736424,0
3736432,0
3736440,0
3736448,0
3736457,0
3736465,0
3736473,4
3736482,0
3736490,0
3736499,0
3736507,0
3736515,0
3736524,0
3736532,0
3736540,0
3736549,0
3736557,0
3736565,0
3736573,0
3736582,0
3736590,0
3736598,0
3736607,0
3736615,0
3736624,0
3736632,0
3736640,0
3736649,0
3736657,0
3736665,0
3736674,0
3736682,0
3736690,0
3736699,0
3736715,0
3736724,0
3736732,0
3736740,0
3736749,0
3736757,0
3736765,0
3736774,0
3736782,5
3736790,5
3736799,5
3736807,5
3736815,5
3736823,5
3736832,0
3736840,0
3736848,0
3736857,0
3736865,0
3736874,0
3736882,0
3736890,0
3736898,0
3736907,0
3736915,0
3736923,0
3736932,0
3736949,0
3736957,0
3736965,0
3736973,0
3736982,0
3736990,0
3736999,0
3737007,0
3737023,0
3737032,0
3737040,0
3737049,0
3737057,0
3737074,0
3737082,0
3737090,0
3737098,0
3737107,0
3737115,0
3737124,0
3737132,0
3737140,0
3737148,0
3737157,0
3737165,0
3737173,0
3737182,0
3737190,0
3737199,0
3737207,0
3737215,0
3737223,0
3737232,0
3737240,0
3737249,0
3737257,0
3737265,0
3737273,0
3737282,0
3737290,0
3737315,0
3737323,0
3737332,0
3737340,0
3737349,0
3737357,0
3737373,0
3737382,0
3737390,0
3737399,0
3737407,0
3737415,0
3737423,0
3737432,0
3737440,0
3737449,0
3737457,0
3737465,0
3737473,0
3737482,0
3737490,0
3737498,0
3737507,0
3737515,0
3737523,0
3737532,0
3737540,0
3737548,0
3737557,0
3737565,0
3737573,0
3737582,0
3737591,0
3737598,0
3737607,0
3737615,0
3737623,0
3737632,0
3737640,0
3737648,0
3737657,0
3737665,0
3737673,0
3737682,0
3737690,0
3737698,0
3737707,0
3737715,0
3737723,0
3737732,0
3737740,0
3737748,0
3737757,0
3737765,0
3737773,0
3737782,0
3737790,0
3737798,0
3737807,0
3737815,0
3737832,0
3737840,0
3737848,0
3737857,0
3737865,0
3737882,0
3737890,0
3737898,0
3737915,0
3737932,0
3737940,0
3737948,0
3737957,0
3737965,0
3737982,0
3737990,0
3737998,0
3738015,0
3738032,0
3738040,0
3738048,0
3738057,0
3738065,0
3738082,0
3738090,0
3738098,0
3738107,0
3738115,0
3738132,0
3738140,0
3738148,0
3738157,0
3738165,0
3738182,0
3738190,0
3738198,0
3738207,0
3738215,0
3738232,0
3738240,0
3738257,0
3738265,0
3738282,0
3738290,0
3738307,0
3738315,0
3738332,0
3738340,0
3738357,0
3738365,0
3738382,0
3738390,0
3738407,0
3738415,0
3738432,0
3738440,0
3738457,0
3738465,0
3738482,0
3738490,0
3738507,0
3738515,0
3738540,0
3738557,0
3738565,0
3738573,0
3738582,0
3738590,0
3738607,0
3738615,0
3738632,0
3738640,0
3738657,0
3738665,0
3738682,0
3738690,0
3738707,0
3738715,0
3738732,0
3738740,0
3738757,0
3738765,0
3738773,0
3738782,0
3738790,0
3738807,0
3738815,0
3738832,0
3738840,5
3738865,5
3738873,2
3738890,5
3738907,0
3738915,0
3738940,0
3738973,4
3738982,2
3739007,2
3739032,0
3739040,0
3739065,0
3739082,0
3739090,0
3739107,0
3739115,0
3739132,0
3739140,0
3739165,0
3739182,0
3739190,0
3739207,0
3739215,0
3739303,0
3739311,4
3739328,0
3739336,0
3739344,0
3739353,0
3739361,0
3739369,0
3739378,0
3739403,0
3739411,0
3739428,0
3739453,0
3739461,0
3739469,0
3739478,0
3739486,0
3739494,0
3739503,0
3739511,2
3739519,0
3739528,0
3739536,2
3739544,0
3739553,0
3739561,0
3739569,0
3739578,0
3739594,0
3739603,0
3739611,0
3739619,0
3739628,0
3739636,0
3739644,0
3739653,0
3739661,0
3739669,0
3739678,0
3739686,0
3739695,0
3739703,0
3739711,2
3739728,0
3739736,0
3739753,0
3739761,0
3739769,0
3739778,0
3739786,0
3739794,0
3739803,0
3739811,0
3739819,0
3739828,0
3739836,0
3739845,0
3739853,0
3739861,0
3739869,0
3739878,0
3739894,0
3739903,0
3739911,3
3739928,0
3739936,0
3739944,0
3739953,0
3739961,0
3739969,0
3739978,0
3739986,0
3739995,0
3740003,0
3740011,3
3740028,0
3740036,0
3740044,0
3740053,0
3740061,0
3740069,0
3740078,0
3740086,0
3740094,0
3740103,0
3740111,0
3740119,0
3740128,0
3740136,0
3740144,0
3740153,0
3740161,0
3740169,0
3740178,0
3740186,0
3740194,0
3740203,3
3740211,4
3740228,0
3740236,0
3740244,0
3740253,0
3740261,0
3740269,0
3740278,0
3740286,0
3740294,0
3740303,0
3740311,3
3740328,0
3740336,0
3740344,0
3740353,0
3740361,0
3740369,0
3740378,0
3740386,0
3740394,0
3740403,0
3740411,0
3740419,0
3740428,0
3740611,0
3740619,0
3740628,0
3740636,0
3740644,0
3740653,0
3740661,0
3740669,0
3740677,0
3740686,0
3740694,0
3740703,0
3740711,0
3740719,0
3740728,0
3740736,0
3740744,0
3740753,0
3740761,0
3740769,0
3740778,0
3740786,0
3740794,0
3740802,0
3740811,0
3740828,0
3740836,0
3740844,4
3740852,0
3740869,0
3740877,0
3740886,0
3740894,0
3740903,0
3740911,0
3740920,0
3740927,0
3740936,0
3740944,0
3740953,0
3740961,0
3740969,0
3740977,0
3740986,0
3740994,0
3741002,0
3741011,0
3741019,0
3741028,0
3741036,0
3741044,0
3741053,0
3741061,0
3741069,0
3741078,0
3741086,0
3741094,0
3741102,0
3741111,2
3741119,0
3741127,0
3741136,0
3741144,0
3741153,0
3741161,0
3741169,0
3741177,0
3741186,0
3741194,0
3741202,0
3741211,0
3741219,0
3741228,0
3741236,0
3741244,0
3741253,0
3741261,0
3741269,0
3741277,0
3741286,0
3741294,0
3741302,0
3741311,4
3741319,0
3741327,0
3741336,0
3741344,0
3741353,0
3741361,0
3741369,0
3741377,0
3741386,0
3741394,0
3741402,0
3741411,3
3741427,0
3741436,0
3741444,0
3741452,0
3741461,0
3741469,0
3741477,0
3741486,0
3741494,0
3741502,0
3741511,2
3741527,0
3741536,0
3741544,0
3741552,0
3741561,0
3741569,0
3741577,0
3741586,0
3741594,0
3741602,0
3741611,2
3741627,0
3741636,0
3741644,0
3741652,0
3741661,0
3741669,0
3741677,0
3741686,0
3741694,0
3741702,0
3741711,2
3741727,0
3741736,0
3741744,0
3741753,0
3741761,0
3741769,0
3741777,0
3741786,0
3741794,0
3741802,0
3741811,5
3741819,5
3741836,5
3741844,0
3741853,0
3741861,0
3741869,0
3741877,0
3741886,0
3741894,0
3741902,0
3741911,0
3741919,0
3741927,0
3741936,0
3741944,0
3741952,0
3741961,0
3741969,0
3741977,0
3741986,0
3741994,0
3742002,0
3742011,0
3742019,0
3742027,0
3742036,0
3742044,0
3742052,0
3742061,0
3742069,0
3742077,0
3742086,0
3742094,0
3742102,0
3742111,0
3742119,0
3742127,0
3742136,0
3742144,0
3742152,0
3742161,0
3742169,0
3742177,0
3742186,0
3742194,0
3742202,0
3742211,4
3742227,0
3742236,0
3742244,0
3742252,0
3742261,0
3742269,0
3742277,0
3742286,0
3742294,0
3742302,0
3742311,2
3742327,0
3742336,0
3742344,0
3742352,0
3742361,0
3742369,0
3742377,0
3742386,0
3742394,0
3742402,0
3742411,2
3742427,0
3742436,0
3742444,0
3742452,0
3742461,0
3742469,0
3742477,0
3742486,0
3742494,0
3742502,0
3742511,3
3742527,0
3742536,0
3742544,0
3742552,0
3742561,0
3742569,0
3742577,0
3742586,0
3742594,0
3742602,0
3742611,2
3742627,0
3742636,0
3742644,0
3742652,0
3742661,0
3742677,4
3742686,0
3742702,4
3742711,4
3742727,4
3742736,4
3742752,0
3742761,0
3742769,0
3742777,0
3742786,0
3742794,0
3742802,0
3742811,0
3742819,1
3742827,0
3742836,0
3742844,0
3742852,0
3742861,1
3742869,0
3742877,3
3742886,1
3742894,1
3742902,6
3742911,4
3742927,0
3742936,0
3742944,5
3742952,0
3742961,2
3742969,5
3742977,4
3742986,2
3742994,2
3743002,5
3743011,2
3743019,2
3743027,0
3743036,2
3743044,1
3743052,1
3743061,2
3743069,5
3743077,0
3743086,2
3743094,5
3743102,5
3743111,0
3743119,1
3743127,1
3743136,2
3743144,2
3743152,2
3743169,5
3743177,5
3743186,5
3743194,5
3743202,5
3743211,4
3743227,0
3743236,0
3743252,0
3743261,0
3743277,0
3743286,0
3743302,0
3743311,4
3743327,0
3743336,0
3743344,0
3743352,0
3743361,0
3743369,0
3743377,0
3743386,0
3743394,0
3743402,0
3743411,0
3743419,0
3743427,0
3743436,0
3743444,0
3743452,0
3743461,0
3743469,0
3743477,0
3743486,0
3743494,0
3743502,0
3743511,4
3743527,0
3743536,0
3743544,0
3743552,0
3743561,0
3743569,0
3743577,0
3743586,0
3743594,0
3743602,0
3743611,0
3743619,0
3743627,0
3743644,0
3743652,0
3743661,0
3743669,0
3743677,0
3743686,0
3743694,0
3743702,0
3743711,0
3743719,0
3743727,0
3743736,0
3743744,0
3743752,0
3743761,0
3743769,0
3743777,0
3743786,0
3743794,0
3743802,0
3743811,5
3743819,5
3743827,5
3743844,5
3743852,5
3743861,5
3743869,5
3743877,5
3743886,5
3743894,5
3743902,5
3743919,5
3743927,5
3743936,5
3743952,5
3743961,5
3743969,5
3743977,5
3743994,5
3744002,5
3744019,5
3744027,5
3744044,5
3744052,5
3744061,5
3744077,5
3744086,5
3744102,5
3744111,5
3744119,5
3744127,5
3744136,5
3744152,5
3744161,5
3744257,1
3744265,1
3744273,1
3744282,3
3744290,1
3744298,1
3744307,2
3744315,2
3744323,2
3744332,5
3744340,2
3744348,0
3744357,5
3744365,5
3744373,5
3744382,5
3744390,5
3744398,0
3744407,2
3744415,0
3744431,5
3744440,2
3744448,5
3744456,5
3744465,5
3744473,2
3744482,5
3744490,5
3744498,2
3744531,2
3744540,2
3744548,5
3744557,5
3744565,5
3744581,1
3744590,1
3744606,2
3744615,2
3744631,2
3744640,0
3744648,0
3744656,0
3744665,0
3744682,2
3744690,2
3744698,2
3744706,4
3744715,2
3744723,2
3744731,5
3744740,5
3744748,5
3744756,5
3744765,2
3744773,0
3744781,3
3744790,3
3744798,3
3744806,3
3744815,2
3744831,5
3744840,2
3744848,5
3744856,0
3744865,5
3744873,5
3744881,2
3744890,2
3744898,0
3744906,2
3744915,2
3744931,5
3744940,2
3744948,0
3744956,5
3744965,2
3744973,5
3744982,2
3744990,5
3744998,0
3745006,2
3745015,0
3745023,2
3745031,5
3745040,2
3745048,0
3745057,5
3745065,5
3745073,5
3745082,2
3745090,1
3745098,0
3745106,2
3745115,5
3745131,5
3745140,5
3745148,0
3745156,5
3745165,5
3745173,0
3745181,1
3745190,1
3745198,0
3745206,0
3745215,3
3745223,3
3745231,1
3745240,1
3745248,5
3745256,5
3745265,5
3745273,0
3745281,2
3745290,5
3745298,0
3745306,2
3745315,2
3745331,5
3745340,2
3745356,5
3745365,5
3745373,0
3745381,2
3745390,5
3745398,5
3745406,1
3745423,0
3745431,0
3745440,0
3745448,0
3745456,0
3745465,0
3745473,0
3745481,0
3745490,0
3745498,0
3745523,0
3745531,0
3745540,0
3745548,0
3745556,0
3745565,0
3745573,0
3745581,0
3745590,0
3745606,0
3745615,2
3745631,0
3745640,0
3745648,0
3745656,0
3745665,0
3745673,0
3745681,0
3745690,0
3745698,0
3745707,0
3745715,0
3745723,0
3745731,0
3745740,0
3745748,0
3745756,0
3745765,0
3745773,0
3745781,0
3745790,0
3745798,0
3745806,0
3745815,3
3745831,0
3745840,5
3745848,0
3745856,0
3745865,0
3745873,0
3745881,0
3745890,0
3745898,0
3745906,0
3745915,3
3745931,0
3745940,0
3745948,0
3745956,0
3745965,0
3745973,0
3745981,0
3745990,0
3745998,0
3746006,0
3746015,3
3746031,0
3746040,0
3746048,0
3746056,0
3746065,0
3746073,0
3746081,0
3746098,0
3746106,0
3746123,0
3746131,0
