7121634,5
7121642,3
7121659,3
7121667,4
7121684,4
7121709,4
7121717,2
7121734,3
7121742,3
7121784,3
7121809,1
7121834,2
7121884,2
7121909,1
7121934,1
7121943,4
7121959,4
7121984,4
7122009,1
7122034,1
7122043,4
7122059,4
7122084,4
7122134,1
7122159,1
7122184,1
7122209,1
7122234,5
7122259,5
7122284,1
7122309,1
7122334,1
7122359,1
7122584,4
7122609,1
7122705,5
7122755,5
7122780,1
7122805,1
7122855,5
7122880,5
7122905,5
7122955,5
7122980,5
7123005,5
7123030,5
7123055,5
7123080,5
7123155,5
7123180,0
7123205,5
7123230,5
7123255,0
7123280,0
7123305,0
7123355,0
7123380,0
7123405,0
7123455,5
7123480,5
7123505,5
7123530,5
7123555,0
7123580,0
7123605,0
7123630,0
7123655,0
7123680,0
7123776,0
7123801,0
7123826,0
7123851,0
7123876,0
7123901,0
7123926,0
7123951,5
7123976,5
7124001,5
7124026,5
7124051,5
7124076,5
7124101,5
7124126,5
7124151,5
7124176,5
7124201,5
7124226,5
7124251,5
7124351,5
7124376,5
7124451,5
7124476,5
7124501,5
7124526,5
7124534,2
7124551,2
7124576,2
7124584,1
7124601,1
7124609,5
7124634,5
7124660,4
7124684,3
7124701,5
7124709,5
7124726,5
7124734,5
7124751,5
7125918,5
7125926,4
7125935,0
7125943,3
7125951,5
7125968,5
7125976,5
7125993,5
7126001,5
7126018,5
7126026,5
7126043,5
7126051,5
7126068,5
7126076,5
7126093,5
7126102,5
7126118,5
7126126,5
7126143,5
7126151,5
7126160,5
7126168,5
7126177,5
7126193,5
7126201,5
7126218,5
7126226,5
7126251,5
7126268,5
7126276,5
7126293,5
7126301,5
7126318,5
7126326,5
7126343,5
7126351,5
7126360,5
7126368,5
7126376,5
7126393,5
7126401,5
7126418,5
7126426,5
7126443,5
7126452,5
7126460,5
7126468,5
7126476,5
7126493,5
7126518,5
7126526,5
7126543,5
7126551,5
7126568,5
7126576,5
7126593,5
7126602,0
7126618,0
7126626,5
7126635,5
7126643,5
7126651,5
7126668,5
7126693,5
7126718,5
7126743,5
7126751,5
7126768,5
7126777,5
7126793,5
7126801,5
7127018,5
7127043,5
7127068,5
7127076,5
7127093,5
7127101,5
7127118,5
7127126,5
7127143,5
7127151,5
7127168,5
7127176,5
7127193,3
7127201,0
7127218,0
7127226,5
7127243,5
7127252,5
7127268,0
7127293,5
7127301,5
7127318,5
7127326,5
7127335,5
7127343,5
7127351,5
7127368,5
7127376,5
7127393,0
7127418,5
7127426,5
7127443,5
7127451,5
7127468,5
7127493,5
7127501,5
7127518,5
7127526,5
7127543,5
7127551,5
7127560,5
7127568,0
7127593,5
7127601,5
7127618,5
7127626,5
7127643,5
7127651,5
7127668,5
7127781,4
7127789,4
7127806,4
7127831,4
7127839,4
7127856,4
7127864,4
7127881,4
7127889,4
7127906,4
7127914,4
7127931,4
7127939,4
7127956,4
7127964,4
7127981,4
7127989,4
7128006,4
7128014,4
7128031,4
7128040,4
7128056,4
7128064,4
7128081,4
7128089,4
7128106,4
7128114,4
7128131,4
7128139,4
7128156,4
7128164,4
7128181,4
7128189,4
7128206,4
7128214,4
7128231,4
7128240,4
7128256,4
7128264,4
7128281,4
7128289,4
7128306,4
7128314,4
7128331,3
7128339,4
7128356,4
7128364,4
7128381,4
7128389,4
7128406,4
7128414,4
7128431,4
7128439,4
7128456,3
7128464,3
7128481,3
7128489,3
7128506,3
7128514,3
7128531,3
7128539,3
7128556,3
7128564,3
7128581,3
7128589,3
7128606,3
7128614,3
7128631,3
7128639,3
7128656,3
7128664,3
7128681,3
7128689,3
7128706,3
7128714,3
7128731,3
7128739,3
7128756,3
7128764,3
7128781,3
7128789,3
7128806,3
7128814,3
7128831,3
7128839,3
7128856,3
7128864,3
7128881,3
7128889,3
7128906,3
7128914,3
7128931,3
7128939,3
7128956,3
7128964,3
7128981,3
7128989,3
7129006,3
7129014,3
7129031,3
7129039,3
7129056,3
7129064,3
7129081,3
7129089,3
7129106,3
7129114,3
7129131,3
7129139,3
7129156,3
7129164,3
7129181,3
7129189,3
7129206,3
7129214,3
7129231,3
7129239,3
7129256,3
7129264,3
7129281,3
7129289,3
7129306,3
7129314,3
7129331,3
7129339,3
7129356,3
7129364,3
7129381,3
7129389,3
7129406,3
7129414,3
7129431,3
7129439,4
7129456,4
7129464,5
7129481,5
7129489,5
7129497,5
7129506,5
7129514,5
7129531,5
7129539,5
7129556,5
7129564,5
7129581,5
7129589,5
7129597,5
7129606,5
7129614,5
7129631,5
7129639,5
7129656,5
7129664,5
7129681,4
7129689,0
7129697,0
7129706,0
7129714,0
7129731,0
7129739,0
7129756,0
7129764,0
7129781,0
7129789,0
7129806,0
7129814,0
7129831,0
7129839,0
7129856,0
7129864,0
7129881,0
7129889,0
7129906,0
7129914,0
7129931,0
7129939,0
7129956,0
7129964,0
7129981,0
7129989,0
7130006,0
7130014,0
7130031,0
7130039,0
7130056,0
7130064,0
7130081,0
7130089,0
7130106,0
7130114,0
7130131,0
7130139,0
7130156,0
7130164,0
7130181,0
7130206,0
7130214,0
7130231,0
7130239,0
7130256,0
7130264,0
7130281,0
7130289,0
7130306,0
7130314,0
7130331,0
7130339,0
7130356,0
7130364,0
7130381,0
7130389,0
7130406,0
7130414,0
7130431,0
7130439,0
7130456,0
7130464,0
7130481,0
7130489,3
7130506,3
7130514,3
7130531,3
7130539,0
7130556,0
7130564,0
7130581,0
7130589,3
7130606,3
7130614,3
7130631,3
7130639,0
7130656,0
7130664,0
7130681,0
7130689,0
7130706,0
7130714,0
7130731,0
7130739,0
7130756,0
7130764,0
7130781,0
7130789,0
7130806,0
7130814,0
7130831,0
7130839,0
7130856,0
7130864,0
7130881,0
7130889,0
7130906,0
7130914,0
7130931,0
7130939,0
7130956,0
7130964,0
7130981,0
7130989,0
7131006,0
7131014,0
7131031,0
7131039,0
7131056,0
7131064,0
7131081,0
7131089,0
7131106,0
7131114,0
7131131,0
7131139,0
7131156,0
7131164,0
7131181,0
7131189,0
7131381,3
7131406,4
7131431,4
7131456,4
7131464,4
7131481,4
7131489,4
7131506,4
7131514,4
7131531,5
7131539,5
7131556,5
7131564,5
7131581,5
7131589,5
7131597,5
7131606,5
7131614,5
7131631,5
7131639,5
7131656,5
7131664,5
7131681,5
7131689,5
7131706,5
7131714,5
7131731,5
7131739,5
7131756,5
7131764,5
7131781,5
7131789,5
7131806,5
7131814,5
7131831,5
7131856,5
7131864,5
7131881,5
7131889,5
7131906,5
7131914,5
7131931,5
7131939,5
7131956,5
7131964,5
7131981,5
7131989,5
7131997,5
7132006,5
7132014,5
7132031,5
7132039,5
7132056,5
7132064,5
7132081,5
7132089,3
7132106,3
7132114,3
7132131,3
7132139,3
7132156,3
7132164,3
7132181,3
7132189,3
7132206,3
7132214,3
7132231,3
7132239,3
7132256,3
7132264,3
7132281,3
7132289,3
7132306,3
7132314,3
7132331,3
7132339,3
7132356,3
7132364,3
7132381,3
7132389,3
7132406,3
7132414,3
7132431,3
7132439,3
7132456,3
7132464,3
7132481,3
7132489,3
7132506,3
7132514,3
7132531,3
7132539,3
7132556,3
7132564,3
7132581,3
7132589,3
7132606,3
7132614,3
7132631,3
7132639,3
7132656,3
7132664,3
7132681,3
7132689,3
7132706,3
7132714,3
7132731,3
7132739,3
7132756,3
7132764,3
7132781,3
7132789,3
7132806,3
7132814,3
7132831,3
7132839,3
7132856,3
7132864,3
7132881,3
7132889,3
7132906,3
7132914,3
7132930,3
7132939,3
7132956,3
7132964,3
7132981,3
7132989,3
7132997,0
7133006,3
7133014,0
7133031,0
7133039,3
7133056,0
7133064,3
7133080,3
7133089,0
7133106,3
7133114,0
7133131,0
7133139,3
7133156,3
7133164,3
7133180,3
7133189,0
7133206,3
7133214,3
7133230,3
7133239,3
7133255,3
7133264,3
7133280,3
7133289,3
7133305,3
7133314,3
7133330,0
7133339,3
7133356,3
7133364,3
7133530,4
7133556,5
7133564,5
7133580,5
7133589,5
7133605,5
7133614,5
7133630,5
7133639,5
7133655,5
7133664,5
7133680,5
7133689,5
7133705,5
7133714,5
7133730,5
7133739,5
7133756,5
7133764,5
7133780,5
7133789,5
7133805,5
7133814,5
7133830,5
7133839,5
7133855,5
7133864,5
7133880,5
7133889,5
7133905,5
7133914,5
7133930,5
7133939,5
7133956,5
7133964,5
7133980,5
7133989,5
7134005,5
7134014,5
7134030,5
7134039,5
7134055,5
7134064,5
7134080,5
7134089,5
7134105,5
7134114,5
7134130,5
7134139,5
7134156,5
7134164,5
7134180,5
7134189,5
7134205,5
7134214,5
7134230,5
7134239,5
7134255,5
7134264,5
7134280,5
7134289,5
7134305,5
7134314,5
7134330,5
7134339,5
7134356,5
7134364,5
7134380,5
7134389,5
7134405,5
7134414,5
7134430,5
7134439,5
7134455,5
7134464,5
7134480,5
7134489,5
7134505,5
7134514,5
7134530,5
7134539,5
7134555,5
7134564,5
7134580,5
7134589,5
7134605,5
7134614,5
7134630,5
7134639,5
7134655,5
7134664,5
7134680,5
7134689,5
7134705,5
7134714,5
7134730,5
7134739,5
7134755,5
7134764,5
7134781,5
7134789,5
7134805,5
7134814,5
7134830,5
7134839,5
7134855,5
7134864,5
7134872,5
7134881,5
7134889,5
7134905,5
7134914,5
7134930,5
7134939,5
7134956,5
7134964,5
7134972,5
7134980,5
7134989,5
7135005,5
7135014,5
7135030,5
7135039,5
7135055,5
7135064,5
7135081,5
7135089,5
7135105,5
7135114,5
7135130,5
7135155,5
7135164,5
7135181,5
7135189,5
7135205,5
7135214,5
7135230,5
7135239,5
7135255,5
7135264,5
7135280,5
7135289,5
7135305,5
7135314,5
7135330,5
7135339,5
7135356,5
7135364,5
7135380,5
7135389,5
7135405,5
7135414,5
7135430,5
7135439,5
7135455,5
7135464,5
7135480,5
7135489,4
7135505,4
7135514,4
7135530,4
7135539,4
7135555,3
7135564,3
7135572,3
7135581,3
7135589,3
7135605,3
7135630,3
7135639,3
7135655,3
7135664,3
7135681,3
7135689,3
7135705,3
7135714,3
7135730,3
7135739,3
7135755,3
7135764,3
7135780,3
7135789,3
7135805,3
7135814,3
7135830,3
7135839,0
7135855,0
7135864,3
7135880,3
7135889,3
7135905,3
7135914,3
7135930,3
7135939,3
7135955,3
7135964,3
7135980,3
7135989,3
7136005,3
7136014,3
7136030,3
7136039,3
7136055,3
7136064,3
7136080,3
7136089,3
7136105,3
7136114,3
7136130,3
7136139,3
7136155,0
7136164,0
7136180,3
7136189,3
7136205,4
7136214,4
7136230,3
7136239,3
7136255,3
7136264,3
7136280,3
7136289,3
7136305,4
7136314,4
7136330,4
7136339,4
7136355,3
7136364,3
7136380,3
7136388,3
7136405,3
7136414,3
7136430,3
7136439,3
7136455,3
7136464,3
7136480,3
7136489,3
7136505,3
7136514,3
7136530,3
7136539,0
7136555,0
7136564,0
7136580,0
7136589,3
7136605,3
7136614,3
7136630,3
7136639,3
7136655,3
7136664,3
7136680,3
7136689,4
7136705,4
7136714,4
7136730,4
7136739,3
7136756,3
7136764,4
7136780,4
7136788,4
7136805,4
7136814,3
7136830,3
7136839,3
7136855,3
7136864,3
7136880,3
7136889,3
7136905,4
7136914,4
7136930,3
7136939,3
7136955,3
7136963,3
7136980,3
7136988,3
7137005,3
7137013,4
7137030,4
7137038,4
7137055,4
7137064,4
7137080,4
7137088,4
7137105,4
7137113,4
7137130,4
7137138,4
7137155,3
7137163,4
7137180,3
7137188,4
7137205,4
7137214,4
7137230,4
7137239,4
7137255,4
7137263,4
7137280,4
7137288,4
7137305,4
7137313,4
7137330,4
7137339,4
7137355,4
7137363,4
7137380,3
7137389,4
7137405,4
7137413,4
7137430,3
7137438,4
7137455,4
7137464,3
7137480,3
7137489,3
7137505,3
7137513,3
7137530,3
7137538,3
7137555,3
7137564,3
7137580,3
7137589,3
7137605,3
7137613,3
7137630,3
7137638,3
7137655,3
7137663,3
7137680,4
7137689,4
7137705,4
7137714,4
7137730,4
7137738,4
7137756,4
7137763,4
7137780,3
7137789,4
7137805,3
7137813,3
7137830,4
7137839,3
7137855,3
7137863,4
7137880,4
7137889,4
7137905,4
7137914,4
7137930,3
7137938,3
7137955,4
7137963,4
7137980,4
7137989,4
7137997,3
7138005,3
7138013,3
7138030,4
7138038,3
7138055,3
7138063,4
7138080,4
7138088,4
7138105,3
7138114,4
7138130,4
7138139,4
7138155,4
7138163,4
7138180,4
7138189,4
7138205,4
7138213,4
7138230,4
7138238,4
7138255,4
7138263,4
7138280,4
7138289,4
7138305,4
7138314,4
7138330,4
7138338,4
7138355,4
7138363,4
7138380,4
7138388,4
7138405,4
7138414,4
7138430,3
7138439,3
7138455,3
7138464,3
7138480,3
7138488,4
7138505,4
7138514,4
7138530,4
7138539,4
7138555,3
7138563,3
7138580,3
7138588,4
7138605,4
7138613,4
7138630,3
7138638,3
7138655,3
7138663,4
7138680,4
7138689,4
7138705,4
7138713,4
7138730,4
7138738,4
7138755,4
7138763,4
7138780,4
7138788,4
7138805,3
7138813,4
7138830,4
7138838,3
7138855,3
7138863,3
7138880,4
7138888,4
7138905,3
7138913,4
7138930,4
7138938,3
7138955,4
7138963,3
7138980,3
7138988,3
7139005,3
7139013,3
7139030,3
7139038,3
7139055,3
7139063,4
7139080,3
7139089,3
7139105,3
7139113,3
7139130,3
7139138,3
7139155,3
7139163,3
7139180,3
7139188,3
7139205,3
7139213,3
7139230,3
7139239,4
7139255,3
7139263,4
7139280,4
7139288,4
7139305,3
7139313,4
7139330,4
7139338,3
7139355,4
7139363,4
7139380,3
7139388,4
7139405,3
7139413,3
7139430,3
7139438,3
7139455,3
7139464,4
7139480,3
7139488,4
7139505,3
7139514,3
7139530,3
7139538,0
7139555,0
7139563,0
7139580,0
7139588,3
7139605,3
7139614,3
7139630,3
7139638,3
7139655,4
7139663,4
7139680,0
7139688,4
7139705,4
7139713,4
7139730,4
7139738,4
7139755,4
7139763,3
7139780,3
7139788,3
7139805,3
7139813,3
7139830,3
7139838,3
7139855,3
7139863,3
7139880,3
7139888,4
7139905,4
7139913,4
7139930,4
7139938,4
7139955,4
7139963,4
7139980,4
7139988,4
7140005,4
7140013,4
7140030,4
7140038,4
7140055,5
7140063,5
7140080,5
7140088,5
7140105,5
7140113,5
7140130,5
7140138,5
7140155,5
7140163,5
7140180,5
7140188,5
7140205,5
7140213,5
7140238,5
7140255,5
7140263,5
7140280,5
7140288,5
7140305,5
7140313,3
7140330,5
7140505,4
7140513,0
7140530,4
7140538,4
7140555,4
7140563,5
7140580,5
7140588,5
7140605,5
7140613,5
7140630,5
7140638,5
7140655,5
7140663,5
7140672,5
7140680,5
7140688,5
7140697,5
7140705,5
7140713,5
7140730,5
7140738,5
7140755,5
7140763,5
7140772,5
7140780,5
7140788,5
7140797,5
7140805,5
7140813,5
7140830,5
7140838,5
7140855,5
7140863,5
7140880,5
7140888,5
7140905,5
7140913,5
7140930,5
7140938,5
7140955,5
7140963,5
7140971,5
7140980,5
7140988,5
7141005,5
7141013,5
7141030,3
7141055,4
7141063,3
7141080,3
7141088,3
7141105,3
7141113,0
7141130,0
7141138,0
7141155,3
7141163,0
7141171,0
7141180,0
7141188,0
7141205,0
7141213,0
7141230,0
7141238,0
7141255,0
7141263,0
7141280,0
7141288,0
7141305,0
7141313,0
7141338,3
7141355,3
7141363,0
7141380,0
7141388,0
7141405,0
7141413,0
7141438,0
7141455,0
7141463,0
7141480,0
7141488,0
7141505,3
7141513,3
7141530,3
7141538,4
7141555,0
7141563,0
7141580,0
7141588,4
7141605,4
7141613,5
7141630,5
7141638,5
7141655,5
7141663,5
7141680,5
7141688,5
7141705,5
7141713,5
7141730,5
7141738,5
7141755,5
7141763,5
7141780,5
7141788,5
7141805,5
7141813,5
7141830,5
7141838,4
7141855,4
7141863,3
7141880,5
7141888,5
7141905,5
7141913,5
7141930,5
7141938,5
7141955,5
7141963,5
7141980,5
7141988,5
7142005,5
7142013,3
7142030,4
7142038,3
7142205,5
7142230,4
7142255,5
7142263,4
7142280,3
7142288,5
7142305,5
7142313,5
7142330,5
7142338,5
7142355,5
7142363,5
7142380,5
7142388,5
7142405,5
7142413,5
7142430,5
7142438,5
7142455,5
7142463,5
7142480,5
7142488,5
7142505,5
7142513,5
7142530,5
7142538,5
7142555,5
7142563,5
7142580,5
7142588,5
7142605,5
7142613,5
7142630,5
7142638,5
7142655,5
7142663,5
7142680,5
7142688,5
7142705,5
7142730,5
7142738,5
7142755,5
7142763,5
7142780,5
7142788,5
7142805,5
7142813,5
7142830,5
7142838,5
7142855,5
7142863,5
7142871,5
7142880,5
7142888,5
7142905,4
7142913,4
7142930,4
7142938,4
7142955,4
7142963,4
7142980,4
7142988,4
7143005,4
7143013,4
7143030,4
7143038,4
7143055,4
7143063,4
7143080,4
7143088,4
7143105,4
7143113,4
7143130,4
7143138,4
7143155,4
7143163,4
7143171,4
7143180,4
7143188,4
7143205,4
7143213,4
7143230,4
7143238,4
7143255,4
7143263,4
7143280,4
7143288,3
7143305,3
7143313,3
7143330,3
7143338,3
7143355,3
7143363,3
7143380,3
7143388,3
7143405,3
7143413,3
7143430,3
7143438,3
7143455,3
7143463,4
7143480,4
7143488,4
7143505,4
7143513,4
7143530,4
7143538,4
7143555,4
7143563,4
7143580,3
7143588,4
7143605,4
7143613,4
7143630,4
7143638,4
7143655,4
7143663,4
7143680,4
7143688,4
7143705,4
7143713,4
7143730,4
7143738,4
7143755,4
7143763,4
7143780,4
7143788,4
7143805,3
7143813,3
7143830,3
7143838,3
7143855,3
7143863,3
7143880,3
7143888,3
7143905,4
7143913,4
7143930,4
7143938,4
7143955,4
7143963,4
7143980,4
7143988,4
7144005,4
7144013,4
7144030,4
7144038,4
7144055,4
7144063,4
7144080,4
7144088,3
7144105,4
7144113,4
7144130,4
7144138,4
7144155,4
7144163,4
7144180,4
7144188,4
7144205,4
7144213,4
7144230,4
7144238,4
7144255,4
7144263,4
7144280,4
7144288,4
7144305,4
7144313,4
7144330,4
7144338,4
7144355,4
7144363,4
7144380,4
7144388,4
7144405,3
7144430,4
7144438,4
7144455,4
7144463,4
7144480,4
7144488,4
7144505,4
7144513,4
7144530,4
7144538,4
7144555,4
7144563,0
7144580,0
7144729,5
7144754,5
7144780,5
7144804,5
7144829,5
7144838,5
7144863,5
7144879,5
7144888,5
7144904,5
7144913,5
7144929,5
7144938,5
7144954,5
7144963,5
7144980,5
7144988,5
7145005,5
7145013,5
7145029,5
7145038,5
7145054,5
7145063,5
7145088,5
7145105,5
7145113,5
7145129,5
7145138,5
7145154,5
7145163,5
7145180,5
7145188,0
7145204,1
7145213,1
7145229,2
7145238,4
7145263,2
7145280,2
7145288,2
7145304,1
7145313,1
7145329,1
7145338,1
7145354,1
7145363,2
7145380,2
7145388,2
7145413,2
7145429,2
7145438,2
7145454,2
7145463,2
7145471,2
7145479,2
7145488,2
7145496,2
7145513,1
7145521,2
7145529,2
7145546,2
7145554,3
7145563,3
7145571,3
7145580,3
7145588,3
7145596,3
7145604,3
7145613,3
7145621,3
7145629,2
7145638,2
7145646,2
7145654,1
7145663,3
7145671,3
7145679,2
7145688,2
7145696,2
7145704,1
7145713,5
7145721,5
7145729,5
7145738,5
7145746,5
7145754,5
7145763,5
7145771,5
7145780,5
7145788,0
7145796,5
7145804,5
7145813,5
7145821,5
7145829,5
7145838,5
7145846,5
7145854,5
7145863,5
7145871,5
7145879,5
7145888,5
