7609953,1
7609961,5
7609969,5
7609978,5
7609986,5
7609995,5
7610003,5
7610011,5
7610020,5
7610028,5
7610036,5
7610044,5
7610053,5
7610061,5
7610069,5
7610078,5
7610086,5
7610094,5
7610278,4
7610286,4
7610294,4
7610303,4
7610311,5
7610319,5
7610478,0
7610486,5
7610494,1
7610503,5
7610519,4
7610528,5
7610545,5
7610553,5
7610569,5
7610578,5
7610594,5
7610603,5
7610620,5
7610628,5
7610644,5
7610653,5
7610669,5
7610678,5
7610694,5
7610703,5
7610719,5
7610728,5
7610744,5
7610753,5
7610769,5
7610778,5
7610794,5
7610803,5
7610819,5
7610828,5
7610844,5
7610853,5
7610869,5
7610878,5
7610894,5
7610903,5
7610920,5
7610928,5
7610944,5
7610953,5
7610969,5
7610978,5
7610994,5
7611003,5
7611019,5
7611028,5
7611044,5
7611053,5
7611069,5
7611078,5
7611094,5
7611103,5
7611119,5
7611128,5
7611144,5
7611153,5
7611169,5
7611178,5
7611194,5
7611203,5
7611219,5
7611228,5
7611244,5
7611253,5
7611269,5
7611278,5
7611294,5
7611303,5
7611319,5
7611328,5
7611344,5
7611353,5
7611369,5
7611378,5
7611394,5
7611569,4
7611578,4
7611594,5
7611603,0
7611619,5
7611628,5
7611644,5
7611653,5
7611669,5
7611678,5
7611694,5
7611703,5
7611719,5
7611728,1
7611744,5
7611753,5
7611769,5
7611778,5
7611794,5
7611803,5
7611819,5
7611828,5
7611844,5
7611853,5
7611869,5
7611878,5
7611894,5
7611903,5
7611919,5
7611928,5
7611944,5
7611953,5
7611970,5
7611978,5
7611994,5
7612003,5
7612019,5
7612028,1
7612044,1
7612053,1
7612069,1
7612078,1
7612094,5
7612103,5
7612119,1
7612128,1
7612144,1
7612153,1
7612169,5
7612178,5
7612194,5
7612203,5
7612219,5
7612228,5
7612244,5
7612253,5
7612269,5
7612278,5
7612294,5
7612303,5
7612319,5
7612328,5
7612344,5
7612353,5
7612369,5
7612378,5
7612394,5
7612403,5
7612419,5
7612428,5
7612444,5
7612453,5
7612469,5
7612478,5
7612494,5
7612503,5
7612520,5
7612528,5
7612544,2
7612703,4
7612728,5
7612744,5
7612753,0
7612761,5
7612769,5
7612778,1
7612786,1
7612794,1
7612803,1
7612811,2
7612819,2
7612828,2
7612836,1
7612844,1
7612853,1
7612861,5
7612869,5
7612878,5
7612886,1
7612894,1
7612903,2
7612911,2
7612919,2
7612928,2
7612936,1
7612944,1
7612953,1
7612961,1
7612969,1
7612978,1
7612986,1
7612994,1
7613003,1
7613011,1
7613019,1
7613028,1
7613036,1
7613044,1
7613053,1
7613061,1
7613069,1
7613078,1
7613086,1
7613094,1
7613103,1
7613111,1
7613119,1
7613127,1
7613136,1
7613144,1
7613153,2
7613161,2
7613169,2
7613177,2
7613186,2
7613194,2
7613203,2
7613211,2
7613219,2
7613228,2
7613236,2
7613244,2
7613253,2
7613261,2
7613269,2
7613278,2
7613286,2
7613294,3
7613303,3
7613311,3
7613469,3
7613478,3
7613486,3
7613494,3
7613502,3
7613511,3
7613519,3
7613528,5
7613536,5
7613544,5
7613553,5
7613561,5
7613569,5
7613578,5
7613586,5
7613594,5
7613603,5
7613611,5
7613619,5
7613628,5
7613636,5
7613644,5
7613653,5
7613661,5
7613669,5
7613678,5
7613686,5
7613694,5
7613702,5
7613711,5
7613719,5
7613728,5
7613736,5
7613744,5
7613753,5
7613761,5
7613769,5
7613777,5
7613786,5
7613794,5
7613802,5
7613811,5
7613819,5
7613827,5
7613836,5
7613844,5
7613853,5
7613861,2
7613869,2
7613878,2
7613886,2
7613894,2
7613902,2
7613911,2
7613919,2
7613927,2
7613936,2
7613944,2
7613952,2
7613961,2
7613969,2
7613977,2
7613986,2
7613994,2
7614002,2
7614011,2
7614019,2
7614027,2
7614036,2
7614044,2
7614053,2
7614061,2
7614069,2
7614077,2
7614086,2
7614094,2
7614102,3
7614111,3
7614119,3
7614127,3
7614136,2
7614144,2
7614152,2
7614161,2
7614169,2
7614177,2
7614186,2
7614194,2
7614202,2
7614211,2
7614219,2
7614227,2
7614236,2
7614244,2
7614252,2
7614261,2
7614269,2
7614277,2
7614286,2
7614294,2
7614302,2
7614311,2
7614319,2
7614327,2
7614336,3
7614344,3
7614352,3
7614361,3
7614369,3
7614377,3
7614386,3
7614394,3
7614402,3
7614411,3
7614419,3
7614428,3
7614436,2
7614444,2
7614452,2
7614461,3
7614469,3
7614477,3
7614486,3
7614494,3
7614502,3
7614511,2
7614519,2
7614527,2
7614536,2
7614544,2
7614552,2
7614561,2
7614569,3
7614577,3
7614586,3
7614594,3
7614794,4
7614802,4
7614811,4
7614819,1
7614827,3
7614836,3
7614844,3
7614853,3
7614861,3
7614869,3
7614877,3
7614886,3
7614894,3
7614902,3
7614911,3
7614919,3
7614927,3
7614936,3
7614944,3
7614952,3
7614961,3
7614969,3
7614977,3
7614986,3
7614994,3
7615002,3
7615011,2
7615019,2
7615027,2
7615036,2
7615044,2
7615052,1
7615061,3
7615069,3
7615077,3
7615086,3
7615094,3
7615102,3
7615111,3
7615119,3
7615127,3
7615136,2
7615144,2
7615152,2
7615161,2
7615169,2
7615177,2
7615186,3
7615194,3
7615202,3
7615211,3
7615219,3
7615227,3
7615236,3
7615244,3
7615252,3
7615261,3
7615269,3
7615277,3
7615286,3
7615294,3
7615302,3
7615311,3
7615319,3
7615327,3
7615336,3
7615344,3
7615352,3
7615361,3
7615369,3
7615377,3
7615386,3
7615394,3
7615402,3
7615411,3
7615419,3
7615427,3
7615436,3
7615444,3
7615452,3
7615461,3
7615469,3
7615477,3
7615486,3
7615494,3
7615502,3
7615511,3
7615519,4
7615527,4
7615544,3
7615552,3
7615561,3
7615569,3
7615577,3
7615586,3
7615594,3
7615602,3
7615611,0
7615619,0
7615627,0
7615636,3
7615644,3
7615652,3
7615661,3
7615669,3
7615677,3
7615686,3
7615694,3
7615702,3
7615711,3
7615719,3
7615727,3
7615736,3
7615744,3
7615752,3
7615761,3
7615769,3
7615777,3
7615786,3
7615794,3
7615802,3
7615811,3
7615819,3
7615827,3
7615836,3
7615844,3
7615853,3
7615961,0
7615994,0
7616002,0
7616011,4
7616019,4
7616027,3
7616036,3
7616044,3
7616052,3
7616061,3
7616069,3
7616077,3
7616086,3
7616094,3
7616102,3
7616111,0
7616119,0
7616127,0
7616136,0
7616144,0
7616152,0
7616161,0
7616169,3
7616177,3
7616186,3
7616194,3
7616202,3
7616211,3
7616219,3
7616227,3
7616236,3
7616244,3
7616252,3
7616261,3
7616269,3
7616277,0
7616286,0
7616294,0
7616302,0
7616311,3
7616319,3
7616327,3
7616336,3
7616344,3
7616352,3
7616361,0
7616369,0
7616386,0
7616594,3
7616602,3
7616611,3
7616619,4
7616627,4
7616636,4
7616644,4
7616652,4
7616661,4
7616669,5
7616677,5
7616686,5
7616694,5
7616702,5
7616711,5
7616719,5
7616727,5
7616736,5
7616744,5
7616752,5
7616761,5
7616769,5
7616777,5
7616786,5
7616794,5
7616802,5
7616811,5
7616819,5
7616827,5
7616836,5
7616844,5
7616852,5
7616860,5
7616869,5
7616877,5
7616886,5
7616894,5
7616902,5
7616911,5
7616919,5
7616927,5
7616936,5
7616944,5
7616952,5
7616960,5
7616969,5
7616977,5
7616986,5
7616994,5
7617002,5
7617011,5
7617019,5
7617027,5
7617036,5
7617044,5
7617053,5
7617060,5
7617069,5
7617077,5
7617086,5
7617094,5
7617102,5
7617111,5
7617119,5
7617127,5
7617136,5
7617144,5
7617152,5
7617161,5
7617169,5
7617177,5
7617186,5
7617194,5
7617202,5
7617211,5
7617219,5
7617227,5
7617236,5
7617244,5
7617252,5
7617261,5
7617269,5
7617277,5
7617286,5
7617294,5
7617302,5
7617311,5
7617319,5
7617327,5
7617336,5
7617344,5
7617352,5
7617361,5
7617369,5
7617377,5
7617386,5
7617394,5
7617402,5
7617411,5
7617419,5
7617427,5
7617435,5
7617444,5
7617452,5
7617460,5
7617469,5
7617477,5
7617486,5
7617494,5
7617502,5
7617510,5
7617519,5
7617527,5
7617535,5
7617544,5
7617552,5
7617560,5
7617569,5
7617577,5
7617586,5
7617594,5
7617602,5
7617611,5
7617619,5
7617627,0
7617644,5
7617652,5
7617660,5
7617669,5
7617677,5
7617686,5
7617694,5
7617702,5
7617710,5
7617719,5
7617727,5
7617735,5
7617744,5
7617752,5
7617760,5
7617769,5
7617777,5
7617785,5
7617794,5
7617802,5
7617810,5
7617819,5
7617827,5
7617835,5
7617844,5
7617852,5
7617860,5
7617869,5
7617877,5
7617885,5
7617894,5
7617902,5
7617910,5
7617919,5
7617927,5
7617936,5
7617944,5
7617952,5
7617961,5
7617969,5
7617977,5
7617985,5
7617994,5
7618002,5
7618010,5
7618019,5
7618027,5
7618036,5
7618044,5
7618052,5
7618060,5
7618069,5
7618077,5
7618085,5
7618094,5
7618102,5
7618110,5
7618119,5
7618127,5
7618135,5
7618144,5
7618152,5
7618160,5
7618169,5
7618177,5
7618185,5
7618194,5
7618202,5
7618210,5
7618219,5
7618227,5
7618235,5
7618244,5
7618252,5
7618260,5
7618269,5
7618277,5
7618285,5
7618294,5
7618302,5
7618310,5
7618319,5
7618327,5
7618335,5
7618344,5
7618352,5
7618360,0
7618510,5
7618535,5
7618544,5
7618552,5
7618560,5
7618569,5
7618577,5
7618585,5
7618594,5
7618602,5
7618610,5
7618619,5
7618627,5
7618635,5
7618644,5
7618652,5
7618660,5
7618669,5
7618677,5
7618685,5
7618694,5
7618702,5
7618710,5
7618727,5
7618744,5
7618752,5
7618760,5
7618777,5
7618785,5
7618794,5
7618802,5
7618810,5
7618819,5
7618827,5
7618844,5
7618852,5
7618860,5
7618869,5
7618877,5
7618885,5
7618894,5
7618902,5
7618910,5
7618919,5
7618927,5
7618935,5
7618944,5
7618952,5
7618960,5
7618969,5
7618977,5
7618985,5
7618994,5
7619002,5
7619010,5
7619019,5
7619027,5
7619044,5
7619052,5
7619060,5
7619069,5
7619077,5
7619086,5
7619094,5
7619102,5
7619110,5
7619119,5
7619127,5
7619135,5
7619144,5
7619152,5
7619160,5
7619169,5
7619177,5
7619185,5
7619194,5
7619202,5
7619210,5
7619219,5
7619227,5
7619235,5
7619244,5
7619252,5
7619260,5
7619269,5
7619277,5
7619285,5
7619294,5
7619302,5
7619310,5
7619319,5
7619327,5
7619335,5
7619344,5
7619352,5
7619360,5
7619369,5
7619377,5
7619385,5
7619394,5
7619402,5
7619410,5
7619419,5
7619427,5
7619435,5
7619452,5
7619460,5
7619619,5
7619636,5
7619660,5
7619669,5
7619677,5
7619685,5
7619694,5
7619702,5
7619710,5
7619719,5
7619727,5
7619735,5
7619744,5
7619752,5
7619760,5
7619769,5
7619777,5
7619785,5
7619794,5
7619802,5
7619810,5
7619827,5
7619860,5
7619885,5
7619894,0
7619910,4
7619927,0
7619944,5
7619952,4
7619960,5
7619977,5
7619985,5
7619994,5
7620002,5
7620010,5
7620019,5
7620027,5
7620036,5
7620044,5
7620052,5
7620060,5
7620069,5
7620077,5
7620085,5
7620094,5
7620102,5
7620110,5
7620119,5
7620127,0
7620144,5
7620152,5
7620160,5
7620169,5
7620177,5
7620185,5
7620194,5
7620202,5
7620210,5
7620219,5
7620227,0
7620244,5
7620252,4
7620260,4
7620269,4
7620277,4
7620285,4
7620294,4
7620302,4
7620310,4
7620319,4
7620327,0
7620335,4
7620344,4
7620352,4
7620360,4
7620369,4
7620377,4
7620385,3
7620394,3
7620402,3
7620410,3
7620419,3
7620427,0
7620435,4
7620444,4
7620452,4
7620460,3
7620469,3
7620477,3
7620485,4
7620494,4
7620502,4
7620510,4
7620519,4
7620527,0
7620535,3
7620544,3
7620552,3
7620560,3
7620569,3
7620577,3
7620585,4
7620594,4
7620602,4
7620610,4
7620619,3
7620627,3
7620635,3
7620644,3
7620652,3
7620660,3
7620669,3
7620677,3
7620685,3
7620694,3
7620702,3
7620710,3
7620719,3
7620727,3
7620736,3
7620744,3
7620752,3
7620760,3
7620769,3
7620777,3
7620785,3
7620794,3
7620802,3
7620810,0
7620819,0
7620827,0
7620844,0
7620852,0
7620860,4
7620869,4
7620877,4
7620885,4
7620894,4
7620902,4
7620910,4
7620919,4
7620927,0
7620944,4
7620952,4
7620960,4
7620969,4
7620977,4
7620985,4
7621135,0
7621160,3
7621169,0
7621177,0
7621185,0
7621193,3
7621202,3
7621210,3
7621218,3
7621227,3
7621235,3
7621244,3
7621252,3
7621260,3
7621269,3
7621277,3
7621285,3
7621293,3
7621302,3
7621310,3
7621319,3
7621327,3
7621335,3
7621344,3
7621352,3
7621360,3
7621369,3
7621377,3
7621385,3
7621393,3
7621402,3
7621410,3
7621419,3
7621427,3
7621435,3
7621444,3
7621452,3
7621460,3
7621468,3
7621477,3
7621485,3
7621493,3
7621502,3
7621510,3
7621518,3
7621527,4
7621535,4
7621544,3
7621552,3
7621560,3
7621568,3
7621577,3
7621585,3
7621593,3
7621602,3
7621610,3
7621618,3
7621627,3
7621635,3
7621644,3
7621652,3
7621660,3
7621668,3
7621677,3
7621685,3
7621694,3
7621702,3
7621710,3
7621718,3
7621927,3
7621935,3
7621943,3
7621952,4
7621960,4
7621969,4
7621977,4
7621985,4
7621993,4
7622002,4
7622010,4
7622018,4
7622027,4
7622035,4
7622043,4
7622052,4
7622060,4
7622068,3
7622077,3
7622085,3
7622093,3
7622102,3
7622110,3
7622118,3
7622127,3
7622135,3
7622143,3
7622152,3
7622160,3
7622168,3
7622177,3
7622185,3
7622193,3
7622202,3
7622210,3
7622218,3
7622227,3
7622235,3
7622243,3
7622252,3
7622260,3
7622268,3
7622277,3
7622285,3
7622293,3
7622302,3
7622310,3
7622318,3
7622327,3
7622335,3
7622343,3
7622352,3
7622360,3
7622368,3
7622377,3
7622385,2
7622393,2
7622402,2
7622410,2
7622418,2
7622427,2
7622435,1
7622444,1
7622452,2
7622460,2
7622468,3
7622477,3
7622485,3
7622493,3
7622502,3
7622510,3
7622518,3
7622527,0
7622543,3
7622552,3
7622560,2
7622568,2
7622577,2
7622585,2
7622593,2
7622602,2
7622610,1
7622618,1
7622627,0
7622643,1
7622652,1
7622660,2
7622668,2
7622677,2
7622685,1
7622693,1
7622702,1
7622710,0
7622718,0
7622727,0
7622744,0
7622752,0
7622760,1
7622768,1
7622777,1
7622785,0
7622793,0
7622802,0
7622810,0
7622818,0
7622827,0
7622843,0
7622852,0
7622860,0
7622868,0
7622877,0
7622885,0
7622893,0
7622902,0
7622910,0
7622918,0
7622927,0
7622935,3
7622944,3
7622952,3
7622960,3
7622968,3
7622977,3
7622985,3
7622993,3
7623002,3
7623010,3
7623018,0
7623027,0
7623035,0
7623044,5
7623052,5
7623060,5
7623068,5
7623077,5
7623085,5
7623093,5
7623102,5
7623110,5
7623118,5
7623127,5
7623135,5
7623143,5
7623152,3
7623160,3
7623168,3
7623177,3
7623185,5
7623193,5
7623202,5
7623210,5
7623218,5
7623227,5
7623235,5
7623243,5
7623252,5
7623260,5
7623268,5
7623277,5
7623285,5
7623293,5
7623302,5
7623310,5
7623318,5
7623327,5
7623335,5
7623343,5
7623352,5
7623360,5
7623368,5
7623377,5
7623385,5
7623393,5
7623402,5
7623410,5
7623585,5
7623602,5
7623610,5
7623618,4
7623627,0
7623643,4
7623652,4
7623660,4
7623668,5
7623677,5
7623685,5
7623693,4
7623702,5
7623710,5
7623718,5
7623727,5
7623735,5
7623743,5
7623752,5
7623760,5
7623768,5
7623777,5
7623785,5
7623793,5
7623802,5
7623810,5
7623818,5
7623827,5
7623835,5
7623843,5
7623852,5
7623860,5
7623868,5
7623877,5
7623885,5
7623893,5
7623902,5
7623910,5
7623918,5
7623927,5
7623935,5
7623943,5
7623952,5
7623960,5
7623968,5
7623977,5
7623985,5
7623993,5
7624002,5
7624010,5
7624018,5
7624027,0
7624043,5
7624052,5
7624060,5
7624068,5
7624077,5
7624085,5
7624093,5
7624102,5
7624110,5
7624118,5
7624127,0
7624143,5
7624152,5
7624160,5
7624168,5
7624177,5
7624185,5
7624193,5
7624202,5
7624210,5
7624218,5
7624227,0
7624243,5
7624252,5
7624260,5
7624268,5
7624277,5
7624285,5
7624293,5
7624302,5
7624310,3
7624477,4
7624485,4
7624502,4
7624510,5
7624518,4
7624527,4
7624535,4
7624543,4
7624552,5
7624560,5
7624568,5
7624577,5
7624585,5
7624593,5
7624602,5
7624610,5
7624618,5
7624627,5
7624635,5
7624644,5
7624652,5
7624660,5
7624668,5
7624677,5
7624685,5
7624693,5
7624702,5
7624710,5
7624718,5
7624726,5
7624735,5
7624743,5
7624752,5
7624760,5
7624768,5
7624777,5
7624785,5
7624793,5
7624802,5
7624810,5
7624818,5
7624827,5
7624835,5
7624843,5
7624851,5
7624860,5
7624868,5
7624877,5
7624885,5
7624893,5
7624901,5
7624910,5
7624918,5
7624926,5
7624935,5
7624943,5
7624952,5
7624960,5
7624968,5
7624977,5
7624985,5
7624993,5
7625002,5
7625010,5
7625018,5
7625026,0
7625043,5
7625052,5
7625060,5
7625068,5
7625076,5
7625085,5
7625093,5
7625102,5
7625110,5
7625118,5
7625126,5
7625135,5
7625143,5
7625151,5
7625160,5
7625168,5
7625176,5
7625185,5
7625368,4
7625377,4
7625385,4
7625393,5
7625401,5
7625410,5
7625418,4
7625426,4
7625435,5
7625443,5
7625452,5
7625460,5
7625468,5
7625476,5
7625485,5
7625493,5
7625501,5
7625510,5
7625518,5
7625526,5
7625535,5
7625543,5
7625551,5
7625560,5
7625568,5
7625576,5
7625585,5
7625593,5
7625601,5
7625610,5
7625618,5
7625626,5
7625635,5
7625643,5
7625651,5
7625660,5
7625668,5
7625676,5
7625685,5
7625693,5
7625701,5
7625710,5
7625718,5
7625726,5
7625735,5
7625743,5
7625751,5
7625760,5
7625768,5
7625776,5
7625785,5
7625793,5
7625801,5
7625810,5
7625818,5
7625826,5
7625835,5
7625843,5
7625851,5
7625860,5
7625868,5
7625876,5
7625885,5
7625893,5
7625901,5
7625910,5
7625918,5
7625926,0
7625943,5
7625951,5
7625960,5
7625968,5
7625976,5
7625985,5
7625993,5
7626001,5
7626010,5
7626018,5
7626026,0
7626043,5
7626051,5
7626060,5
7626068,5
7626076,5
7626085,5
7626093,5
7626101,5
7626110,5
7626118,5
7626126,0
7626143,5
7626151,5
7626160,5
7626168,5
7626176,5
7626185,5
7626193,5
7626201,5
7626210,5
7626218,5
7626226,0
7626243,5
7626251,5
7626260,5
7626268,5
7626276,5
7626285,5
7626293,5
7626301,5
7626310,5
7626318,5
7626326,0
7626343,5
7626351,5
7626360,5
7626368,5
7626376,5
7626385,5
7626393,5
7626401,5
7626410,5
7626418,5
7626426,0
7626443,5
7626451,5
7626460,5
7626468,5
7626476,5
7626485,5
7626493,5
7626501,5
7626510,5
7626518,5
7626526,0
7626543,5
7626551,5
7626560,5
7626801,5
7626810,5
7626818,5
7626826,0
7626843,5
7626851,4
7626860,5
7626868,5
7626876,5
7626885,5
7626893,5
7626901,5
7626910,5
7626918,5
7626926,5
7626935,5
7626943,5
7626951,5
7626960,5
7626968,5
7626976,5
7626985,5
7626993,5
7627001,5
7627010,5
7627018,5
7627026,0
7627043,5
7627051,5
7627060,5
7627068,5
7627076,5
7627085,5
7627093,5
7627101,5
7627110,5
7627118,5
7627126,0
7627135,5
7627143,5
7627151,5
7627160,5
7627168,5
7627176,5
7627185,5
7627193,5
7627201,5
7627210,5
7627218,5
7627226,0
7627235,5
7627243,5
7627251,5
7627260,5
7627268,5
7627276,5
7627285,5
7627293,5
7627301,5
7627310,5
7627318,5
7627326,3
7627343,5
7627351,5
7627360,5
7627368,5
7627376,5
7627385,5
7627393,5
7627401,5
7627410,5
7627418,5
7627426,0
7627435,5
7627443,5
7627451,5
7627460,5
7627468,5
7627476,5
7627485,5
7627493,5
7627501,5
7627510,5
7627518,5
7627526,5
7627535,5
7627543,5
7627551,5
7627560,5
7627568,5
7627768,5
7627776,5
7627785,5
7627793,5
7627801,5
7627810,5
7627818,5
7627826,5
7627835,5
7627843,5
7627851,5
7627860,5
7627868,5
7627876,5
7627885,5
7627893,5
7627901,5
7627910,5
7627918,5
7627926,5
7627935,5
7627943,5
7627951,5
7627960,5
7627968,5
7627976,5
7627985,5
7627993,5
7628001,5
7628010,5
7628018,5
7628026,5
7628035,5
7628043,5
7628051,5
7628060,5
7628068,5
7628077,5
7628085,5
7628093,5
7628101,5
7628110,5
7628118,5
7628126,5
7628134,5
7628143,5
7628151,5
7628160,5
7628168,5
7628176,5
7628185,5
7628193,5
7628201,5
7628210,5
7628218,5
7628226,5
7628235,5
7628243,5
7628251,5
7628260,5
7628268,5
7628276,5
7628285,5
7628293,5
7628301,5
7628310,5
7628318,5
7628326,5
7628334,5
7628343,5
7628351,5
7628359,5
7628368,5
7628376,5
7628385,5
7628393,5
7628401,5
7628410,5
7628418,5
7628426,5
7628435,5
7628443,5
7628451,5
7628460,5
7628468,5
7628476,5
7628485,5
7628493,5
7628501,5
7628510,5
7628518,5
7628526,0
7628543,5
7628551,5
7628559,5
7628568,5
7628576,5
7628585,5
7628593,5
7628601,5
7628610,5
7628618,5
7628626,3
7628635,5
7628643,5
7628651,5
7628659,5
7628668,5
7628676,5
7628685,5
7628693,5
7628701,5
7628709,5
7628718,5
7628726,0
7628743,5
7628751,5
7628760,5
7628768,5
7628776,5
7628785,5
7628793,5
7628801,5
7628810,5
7628818,5
7629051,5
7629059,4
7629068,5
7629076,5
7629084,5
7629093,5
7629101,5
7629109,5
7629118,5
7629126,5
7629134,5
7629143,5
7629151,5
7629159,5
7629168,5
7629176,5
7629184,5
7629193,5
7629201,5
7629209,5
7629218,5
7629226,5
7629234,5
7629243,5
7629251,5
7629259,5
7629268,5
7629276,5
7629284,5
7629293,5
7629301,5
7629309,5
7629318,5
7629326,0
7629343,5
7629351,5
7629359,5
7629368,5
7629376,5
7629384,5
7629393,5
7629401,5
7629410,5
7629418,5
7629426,5
7629434,5
7629443,5
7629693,0
7629701,5
7629709,5
7629718,5
7629726,5
7629734,5
7629743,5
7629751,5
7629759,5
7629768,5
7629776,5
7629784,5
7629793,5
7629801,5
7629809,5
7629818,5
7629826,5
7629834,5
7629843,5
7629851,5
7629859,5
7629868,5
7629876,5
7629884,5
7629893,5
7629901,5
7629909,5
7629918,5
7629926,0
7629934,5
7629943,5
7629951,5
7629959,5
7629968,5
7629976,5
7629984,5
7629993,5
7630001,5
7630009,0
7630209,0
7630226,3
7630234,5
7630243,5
7630251,5
7630259,5
7630268,5
7630276,5
7630284,5
7630293,5
7630301,5
7630309,5
7630318,5
7630326,5
7630334,5
7630343,5
7630351,5
7630359,5
7630368,5
7630376,5
7630384,5
7630393,5
7630401,5
7630409,5
7630418,5
7630426,5
7630434,5
7630443,5
7630451,5
7630459,5
7630468,5
7630476,5
7630484,5
7630493,5
7630501,5
7630509,5
7630518,5
7630526,5
7630534,5
7630543,5
7630551,5
7630559,5
7630793,5
7630801,5
7630809,5
7630818,5
7630826,5
7630834,5
7630843,5
7630851,5
7630859,5
7630868,5
7630876,5
7630884,5
7630893,5
7630901,5
7630909,5
7630918,5
7630926,5
7630934,5
7630943,5
7630951,5
7630959,5
7630968,5
7630976,5
7630984,5
7630993,5
7631001,5
7631009,5
7631018,5
7631026,4
7631034,5
7631043,5
7631051,5
7631059,5
7631068,5
7631076,5
7631084,5
7631093,5
7631101,5
7631109,5
7631118,5
7631126,4
7631134,5
7631143,5
7631151,5
7631159,5
7631168,5
7631176,5
7631184,5
7631193,5
7631201,5
7631209,5
7631218,5
7631226,4
7631234,5
7631243,5
7631251,5
7631259,5
7631268,5
7631276,5
7631284,5
7631293,5
7631301,5
7631309,5
7631318,5
7631326,4
7631334,5
7631343,5
7631351,5
7631359,5
7631368,5
7631376,5
7631384,5
7631393,5
7631401,5
7631410,5
7631418,5
7631426,5
7631434,5
7631443,5
7631451,5
7631459,5
7631468,5
7631476,5
7631484,5
7631493,5
7631501,5
7631509,5
7631518,5
7631526,5
7631534,5
7631543,5
7631551,5
7631559,5
7631568,5
7631576,5
7631584,5
7631593,5
7631601,5
7631609,5
7631618,5
7631626,5
7631634,5
7631643,5
7631651,5
7631659,5
7631668,5
7631676,5
7631684,5
7631693,5
7631701,5
7631709,5
7631718,5
7631726,5
7631734,5
7631743,5
7631751,5
7631759,5
7631768,5
7631776,5
7631784,5
7631793,5
7631801,5
7631809,5
7631818,5
7631826,5
7631834,5
7631843,5
7631851,5
7631859,5
7631868,5
7631876,5
7631884,5
7631893,5
7631901,5
7631909,3
7632143,5
7632151,5
7632159,5
7632167,5
7632176,5
7632184,5
7632192,5
7632201,5
7632209,5
7632218,6
7632226,6
7632234,6
7632243,6
7632251,5
7632259,5
7632267,4
7632276,4
7632284,3
7632293,3
7632301,3
7632309,3
7632318,3
7632326,3
7632334,3
7632343,3
7632351,3
7632359,3
7632368,3
7632376,3
7632384,3
7632393,3
7632401,3
7632409,3
7632418,3
7632426,3
7632434,3
7632443,3
7632451,3
7632459,0
7632468,0
7632476,0
7632484,0
7632492,0
7632501,0
7632509,0
7632518,0
7632526,0
7632534,0
7632543,0
7632551,0
7632559,0
7632568,0
7632576,0
7632584,0
7632592,0
7632601,0
7632609,0
7632617,0
7632626,0
7632634,0
7632642,0
7632651,0
7632659,0
7632667,0
7632676,0
7632684,0
7632692,0
7632701,0
7632709,0
7632717,0
7632726,0
7632734,0
7632743,0
7632751,0
7632759,0
7632767,0
7632776,0
7632784,0
7632792,0
7632801,0
7632809,0
7632817,0
7632826,0
7632834,0
7632842,0
7632851,0
7632859,0
7632868,0
7632876,0
7632884,0
7632892,0
7632901,0
7632909,0
7632917,0
7632926,0
7632934,0
7632942,0
7632951,0
7632959,0
7632967,0
7632976,0
7632984,0
7632992,0
7633001,0
7633009,0
7633017,0
7633226,4
7633234,3
7633242,0
7633251,4
7633259,4
7633267,4
7633276,3
7633284,3
7633292,3
7633301,3
7633309,3
7633317,3
7633326,3
7633334,3
7633343,3
7633351,3
7633359,3
7633367,3
7633376,3
7633384,3
7633392,5
7633401,3
7633409,3
7633417,3
7633426,3
7633434,3
7633443,3
7633451,3
7633459,3
7633467,3
7633476,3
7633484,3
7633492,4
7633501,4
7633509,3
7633517,3
7633526,3
7633534,3
7633542,3
7633551,3
7633559,3
7633567,3
7633576,3
7633584,3
7633592,3
7633601,3
7633609,3
7633617,3
7633626,3
7633634,3
7633642,3
7633651,3
7633659,3
7633667,4
7633676,4
7633684,5
7633692,5
7633701,5
7633709,5
7633717,5
7633726,5
7633734,5
7633742,5
7633751,5
7633759,5
7633767,5
7633776,5
7633784,5
7633792,5
7633801,5
7633809,5
7633817,5
7633826,5
7633834,5
7633842,5
7633851,5
7633859,5
7633867,5
7633876,5
7633884,5
7633892,5
7633901,5
7633909,5
7633917,5
7633926,5
7633934,5
7633942,5
7633951,5
7633959,5
7633967,5
7633976,5
7633984,5
7634209,0
7634217,0
7634226,0
7634234,0
7634242,0
7634251,0
7634259,0
7634267,0
7634276,0
7634284,0
7634292,0
7634301,3
7634309,3
7634317,0
7634326,0
7634334,0
7634343,0
7634351,0
7634359,0
7634368,0
7634376,0
7634384,0
7634392,0
7634401,0
7634409,0
7634417,0
7634426,0
7634434,0
7634443,0
7634451,0
7634459,0
7634468,0
7634476,0
7634484,0
7634492,0
7634501,0
7634509,0
7634517,0
7634526,0
7634534,0
7634543,0
7634551,0
7634559,0
7634567,0
7634576,0
7634584,0
7634592,0
7634601,0
7634609,0
7634617,0
7634626,0
7634634,0
7634642,0
7634651,0
7634659,0
7634667,0
7634676,0
7634684,0
7634692,0
7634701,0
7634709,0
7634717,0
7634726,0
7634734,0
7634742,0
7634751,0
7634759,0
7634767,0
7634776,0
7634784,0
7634792,0
7634801,0
7634809,0
7634817,0
7634826,0
7634834,0
7634842,0
7634851,0
7634859,0
7634867,0
7634876,0
7634884,0
7634892,0
7634901,0
7634909,0
7634917,0
7634926,0
7634934,0
7634942,0
7634951,0
7634959,0
7634967,0
7634976,0
7634984,0
7634992,0
7635001,0
7635009,0
7635017,0
7635026,0
7635034,0
7635042,0
7635051,0
7635059,0
7635067,0
7635076,0
7635084,0
7635092,0
7635101,0
7635109,0
7635117,0
7635126,0
7635134,0
7635142,0
7635151,0
7635159,0
7635167,0
7635176,0
7635184,0
7635192,0
7635201,0
7635209,0
7635217,0
7635226,0
7635234,0
7635242,0
7635251,0
7635259,0
7635267,0
7635276,0
7635284,0
7635292,0
7635301,0
7635309,0
7635317,0
7635326,0
7635334,0
7635342,0
7635351,0
7635359,0
7635367,0
7635376,0
7635384,0
7635392,0
7635401,0
7635409,0
7635417,0
7635426,0
7635434,0
7635442,0
7635451,0
7635459,0
7635467,0
7635476,0
7635484,0
7635492,0
7635501,0
7635509,0
7635517,0
7635526,0
7635534,0
7635542,0
7635551,0
7635559,0
7635567,0
7635576,0
7635584,0
7635592,3
7635601,0
7635609,0
7635617,0
7635626,0
7635634,0
7635642,0
7635651,0
7635659,0
7635667,3
7635676,3
7635684,0
7635692,0
7635701,0
7635709,3
7635717,3
7635726,3
7635734,0
7635742,0
7635751,0
7635759,3
7635767,3
7635775,3
7635784,3
7635792,3
7635801,3
7635809,3
7635817,3
7635826,3
7635834,3
7635842,3
7635851,3
7635859,3
7635867,0
7635876,0
7636067,0
7636076,0
7636084,3
7636100,3
7636109,3
7636117,3
7636126,3
7636134,3
7636142,3
7636151,3
7636159,3
7636167,3
7636175,3
7636184,3
7636192,3
7636201,3
7636209,3
7636217,3
7636225,3
7636234,3
7636242,3
7636251,3
7636259,3
7636484,0
7636492,0
7636500,0
7636509,0
7636517,3
7636525,0
7636534,3
7636542,3
7636550,3
7636559,3
7636567,3
7636575,3
7636584,3
7636592,3
7636600,3
7636609,3
7636617,3
7636625,3
7636634,3
7636642,3
7636650,3
7636659,3
7636667,3
7636676,3
7636684,3
7636692,3
7636700,3
7636709,3
7636717,3
7636725,3
7636734,3
7636742,3
7636750,3
7636759,3
7636767,3
7636775,3
7636784,3
7636792,3
7636801,3
7636809,3
7636817,3
7636825,3
7636834,3
7636842,3
7636850,3
7636859,3
7637059,3
7637084,3
7637092,3
7637109,4
7637117,4
7637125,4
7637134,4
7637142,3
7637150,3
7637159,3
7637167,4
7637175,4
7637184,4
7637192,4
7637200,0
7637217,4
7637225,4
7637234,4
7637242,4
7637250,4
7637259,4
7637267,4
7637275,4
7637284,4
7637292,4
7637300,0
7637317,4
7637325,4
7637334,4
7637342,4
7637350,4
7637359,4
7637367,5
7637375,4
7637384,4
7637392,4
7637400,4
7637409,4
7637417,4
7637425,4
7637434,4
7637442,4
7637450,4
7637459,4
7637467,4
7637475,4
7637484,0
7637717,3
7637725,3
7637734,4
7637742,4
7637750,5
7637759,5
7637767,5
7637775,4
7637784,4
7637792,4
7637800,0
7637817,5
7637825,5
7637834,5
7637842,5
7637850,5
7637859,5
7637867,5
7637875,5
7637884,5
7637892,5
7637900,0
7637917,5
7637925,5
7637934,5
7637942,5
7637950,5
7637959,5
7637967,5
7637976,5
7637984,5
7637992,5
7638000,0
7638009,5
7638017,5
7638025,5
7638034,5
7638042,5
7638050,5
7638059,5
7638067,5
7638076,5
7638084,5
7638092,5
7638100,0
7638117,5
7638125,5
7638134,5
7638142,5
7638150,5
7638159,5
7638167,5
7638175,5
7638184,5
7638192,5
7638200,0
7638217,5
7638225,5
7638234,5
7638242,5
7638250,5
7638259,5
7638267,5
7638275,5
7638284,5
7638292,5
7638300,0
7638317,5
7638325,5
7638334,5
7638342,5
7638350,5
7638359,5
7638367,5
7638375,5
7638384,5
7638392,5
7638400,5
7638409,5
7638417,5
7638425,5
7638434,5
7638442,5
7638450,5
7638459,5
7638467,5
7638476,5
7638484,5
7638492,5
7638500,0
7638517,5
7638525,5
7638534,5
7638542,5
7638550,5
7638559,5
7638567,5
7638575,5
7638584,5
7638592,5
7638600,0
7638617,5
7638625,5
7638634,5
7638642,5
7638892,0
7638900,0
7638925,5
7639200,4
7639209,5
7639234,5
7639242,5
7639259,5
7639267,5
7639276,5
7639284,5
7639300,5
7639309,5
7639317,5
7639325,5
7639334,5
7639342,5
7639350,5
7639359,5
7639367,5
7639376,5
7639384,5
7639392,5
7639400,0
7639417,6
7639425,6
7639434,6
7639442,6
7639450,6
7639459,6
7639467,5
7639475,5
7639484,5
7639492,5
7639500,0
7639517,5
7639525,5
7639534,5
7639542,5
7639550,6
7639559,6
7639567,6
7639575,6
7639584,6
7639592,6
7639600,0
7639617,6
7639625,6
7639633,6
7639642,5
7639650,5
7639658,5
7639667,3
7639675,5
7639684,5
7639692,5
7639700,3
7639709,5
7639717,5
7639725,5
7639734,5
7639742,5
7639750,5
7639759,5
7639767,5
7639775,5
7639784,5
7639792,5
7639800,3
7639809,5
7639817,5
7639825,5
7639834,6
7639842,6
7639850,6
7639859,6
7639867,6
7639875,6
7639884,6
7639892,6
7639900,0
7639917,6
7639925,6
7639933,5
7640133,0
7640142,0
7640150,4
7640158,5
7640167,0
7640175,5
7640184,5
7640192,3
7640200,0
7640217,4
7640225,0
7640234,0
7640408,3
7640433,3
7640458,0
7640467,0
7640484,0
7640492,0
7640500,0
7640508,0
7640517,0
7640525,0
7640533,0
7640542,0
7640550,0
7640558,0
7640567,0
7640575,0
7640583,0
7640592,0
7640600,0
7640608,0
7640617,0
7640625,0
7640633,0
7640642,0
7640651,0
7640658,0
7640667,0
7640675,0
7640683,0
7640692,0
7640700,0
7640708,0
7640717,0
7640725,0
7640733,0
7640742,0
7640750,0
7640758,0
7640767,0
7640775,0
7640783,0
7640792,0
7640800,0
7640808,0
7640817,0
7640825,0
7640833,0
7640842,0
7640850,0
7640858,0
7640867,0
7640875,0
7640883,0
7640892,0
7640900,0
7640908,0
7640917,0
7640925,0
7640934,0
7640942,0
7640950,0
7640958,0
7640967,0
7640975,0
7640983,0
7640992,0
7641000,0
7641008,0
7641017,0
7641025,0
7641033,0
7641042,0
7641050,0
7641058,0
7641067,0
7641075,0
7641083,0
7641092,0
7641100,0
7641108,0
7641117,0
7641125,0
7641133,0
7641142,0
7641150,0
7641158,0
7641167,0
7641175,0
7641183,0
7641192,0
7641200,0
7641208,0
7641217,0
7641225,0
7641233,0
7641242,0
7641250,0
7641258,0
7641267,0
7641275,0
7641283,0
7641292,0
7641300,0
7641308,0
7641317,0
7641325,0
7641333,0
7641342,0
7641350,0
7641358,0
7641367,0
7641375,0
7641383,0
7641392,0
7641400,0
7641408,0
7641417,0
7641425,0
7641433,0
7641442,0
7641450,0
7641458,0
7641467,0
7641475,0
7641483,0
7641492,0
7641500,0
7641508,0
7641683,0
7641700,0
7641708,0
7641717,3
7641725,3
7641733,3
7641742,3
7641750,3
7641758,3
7641767,3
7641775,3
7641783,3
7641792,3
7641800,0
7641817,3
7641825,3
7641833,3
7641842,3
7641850,4
7641858,4
7641867,4
7641875,4
7641883,4
7641892,4
7641900,0
7641917,4
7641925,4
7641933,4
7641942,4
7641950,4
7641958,4
7641967,4
7641975,4
7641983,4
7641992,4
7642000,0
7642017,4
7642025,4
7642033,4
7642042,4
7642050,4
7642058,4
7642067,4
7642075,4
7642083,4
7642092,4
7642100,0
7642117,4
7642125,4
7642134,4
7642142,4
7642150,4
7642158,4
7642167,4
7642175,4
7642183,4
7642192,4
7642200,0
7642217,4
7642225,4
7642233,4
7642242,4
7642250,4
7642258,4
7642267,4
7642275,4
7642283,4
7642300,0
7642317,4
7642325,4
7642333,4
7642350,4
7642358,4
7642367,4
7642375,4
7642383,4
7642400,0
7642417,3
7642425,3
7642433,3
7642450,3
7642458,3
7642467,3
7642475,3
7642483,3
7642500,0
7642517,3
7642525,3
7642533,3
7642550,3
7642558,3
7642567,3
7642575,3
7642583,3
7642775,0
7642783,0
7642808,0
7642817,0
7642825,0
7642833,0
7642842,0
7642850,0
7642858,0
7642867,0
7642875,0
7642883,0
7642892,0
7642900,0
7642908,0
7642917,0
7642925,0
7642933,0
7642942,0
7642950,0
7642958,0
7642967,0
7642975,0
7642983,0
7642992,0
7643000,0
7643008,0
7643017,0
7643025,0
7643033,0
7643042,0
7643050,0
7643058,0
7643067,0
7643075,0
7643083,0
7643092,0
7643100,0
7643108,0
7643117,0
7643125,0
7643133,0
7643142,0
7643150,0
7643158,0
7643167,0
7643175,0
7643183,0
7643192,0
7643200,0
7643208,0
7643217,0
7643225,0
7643233,0
7643242,0
7643250,0
7643258,0
7643267,0
7643275,0
7643283,0
7643292,0
7643300,0
7643308,0
7643317,0
7643325,0
7643333,0
7643342,0
7643350,0
7643358,0
7643367,0
7643375,0
7643383,0
7643392,0
7643400,0
7643408,0
7643417,0
7643425,0
7643433,0
7643442,0
7643450,0
7643458,0
7643467,0
7643475,0
7643483,0
7643492,0
7643500,0
7643508,0
7643517,0
7643525,0
7643533,0
7643542,0
7643550,0
7643558,0
7643566,0
7643575,0
7643583,0
7643592,0
7643600,0
7643617,0
7643625,0
7643642,0
7643650,0
7643667,0
7643675,3
7643691,3
7643700,0
7643716,0
7643725,0
7643742,0
7643750,0
7643766,0
7643775,0
7643791,0
7643800,0
7643817,0
7643825,0
7643842,0
7643850,0
7643858,0
7643866,0
7643875,0
7643884,3
7643891,3
7643900,3
7643917,3
7643925,3
7643933,3
7643941,3
7643950,3
7643958,0
7643966,0
7643975,3
7643983,3
7643991,3
7644000,3
7644016,3
7644025,3
7644041,0
7644050,0
7644066,0
7644075,0
7644091,3
7644100,3
7644116,3
7644125,3
7644133,3
7644142,3
7644150,3
7644166,3
7644175,3
7644191,3
7644200,0
7644216,0
7644242,5
7644466,4
7644475,4
7644483,4
7644500,5
7644516,5
7644525,5
7644533,5
7644541,5
7644550,5
7644558,5
7644566,5
7644575,5
7644583,5
7644591,5
7644600,0
7644616,5
7644625,5
7644633,6
7644641,5
7644650,5
7644658,6
7644666,6
7644675,6
7644683,6
7644691,6
7644700,0
7644716,5
7644725,5
7644733,5
7644741,5
7644750,5
7644758,5
7644766,5
7644775,5
7644783,5
7644791,5
7644800,5
7644808,5
7644816,5
7644825,0
7644833,5
7644841,5
7644850,5
7644858,5
7644866,5
7644875,5
7644883,5
7644891,5
7644900,5
7644908,5
7644917,5
7644925,5
7644933,5
7644941,5
7644950,5
7644958,5
7644966,5
7644975,5
7644983,5
7645141,5
7645158,5
7645183,5
7645191,3
7645200,3
7645208,3
7645216,4
7645225,4
7645233,4
7645242,4
7645250,4
7645258,4
7645267,4
7645275,4
7645283,4
7645291,4
7645300,0
7645316,5
7645325,5
7645333,5
7645341,5
7645350,5
7645358,5
7645366,5
7645375,5
7645383,5
7645391,5
7645400,0
7645416,5
7645425,5
7645433,5
7645441,5
7645450,5
7645458,5
7645466,5
7645475,5
7645483,5
7645491,5
7645500,5
7645508,5
7645517,5
7645525,5
7645533,5
7645542,5
7645550,5
7645558,5
7645566,5
7645575,5
7645583,5
7645591,5
7645600,5
7645608,5
7645616,5
7645625,5
7645633,5
7645641,5
7645650,5
7645658,5
7645666,5
7645675,5
7645683,5
7645691,5
7645700,5
7645708,5
7645716,5
7645725,5
7645733,5
7645741,5
7645750,5
7645758,5
7645766,5
7645775,5
7645783,5
7645791,5
7645800,5
7645808,5
7645816,5
7645825,5
7645833,5
7645841,5
7645850,5
7645858,5
7645866,5
7646100,5
7646108,5
7646116,5
7646125,5
7646133,5
7646141,5
7646150,5
7646158,5
7646166,5
7646175,5
7646183,5
7646191,5
7646200,5
7646208,5
7646216,5
7646225,5
7646233,5
7646241,5
7646250,5
7646258,5
7646266,5
7646275,5
7646283,5
7646291,5
7646300,0
7646308,5
7646316,5
7646325,5
7646333,5
7646341,5
7646350,5
7646358,5
7646366,5
7646375,5
7646383,5
7646391,5
7646400,0
7646416,5
7646425,5
7646433,5
7646441,5
7646450,5
7646458,5
7646466,5
7646475,5
7646483,5
7646491,5
7646500,5
7646508,5
7646516,5
7646525,5
7646533,5
7646541,5
7646550,5
7646558,5
7646566,5
7646575,5
7646583,5
7646591,5
7646600,5
7646608,5
7646616,5
7646625,5
7646633,5
7646641,5
7646650,5
7646658,5
7646666,5
7646675,5
7646683,5
7646691,5
7646700,5
7646708,5
7646716,5
7646725,5
7646733,5
7646741,5
7646750,5
7646758,5
7646766,5
7646775,5
7646783,5
7646791,5
7646800,5
7646808,5
7646816,5
7646825,5
7646833,5
7646841,5
7646850,5
7646858,5
7646866,5
7646875,5
7646883,5
7646891,5
7646900,5
7646908,5
7646916,5
7646925,5
7646933,5
7646941,5
7646950,5
7646958,5
7646966,5
7646975,5
7646983,5
7646991,5
7646999,5
7647008,5
7647016,5
7647025,5
7647033,5
7647041,5
7647050,5
7647058,5
7647066,5
7647233,5
7647242,5
7647250,5
7647258,5
7647266,5
7647275,5
7647283,5
7647291,5
7647300,5
7647308,5
7647316,5
7647325,5
7647333,5
7647341,5
7647350,5
7647358,5
7647366,5
7647375,5
7647383,5
7647391,5
7647400,5
7647408,5
7647416,5
7647425,5
7647433,5
7647441,5
7647450,5
7647458,5
7647466,5
7647475,5
7647483,5
7647491,5
7647499,5
7647508,5
7647516,5
7647524,5
7647533,5
7647541,5
7647549,5
7647558,5
7647566,5
7647574,5
7647583,5
7647591,5
7647599,5
7647616,5
7647624,5
7647633,5
7647641,5
7647649,5
7647658,5
7647666,5
7647675,5
7647683,5
7647691,5
7647699,5
7647916,5
7647925,5
7647933,5
7647941,5
7647949,5
7647958,5
7647974,5
7647983,5
7647991,5
7647999,5
7648008,5
7648016,5
7648024,5
7648033,5
7648041,5
7648049,5
7648058,5
7648066,5
7648075,5
7648083,5
7648091,5
7648099,0
7648108,5
7648116,5
7648124,5
7648133,5
7648141,5
7648149,5
7648158,5
7648166,5
7648174,5
7648183,5
7648191,5
7648199,3
7648208,5
7648216,5
7648224,5
7648233,5
7648241,5
7648249,5
7648258,5
7648266,5
7648275,5
7648283,5
7648291,5
7648299,3
7648308,5
7648316,5
7648324,5
7648333,5
7648341,5
7648349,5
7648358,5
7648366,5
7648374,5
7648383,5
7648391,5
7648399,3
7648408,5
7648416,5
7648425,5
7648433,5
7648441,5
7648449,5
7648458,5
7648466,5
7648474,5
7648483,5
7648491,5
7648499,5
7648508,5
7648516,5
7648524,5
7648533,5
7648541,5
7648549,5
7648741,4
7648749,5
7648758,5
7648766,5
7648775,5
7648783,5
7648791,5
7648799,5
7648808,5
7648816,5
7648824,5
7648833,5
7648841,5
7648849,5
7648858,5
7648866,5
7648875,5
7648883,5
7648891,5
7648899,5
7648908,5
7648916,5
7648924,5
7648941,5
7649346,5
7649354,5
7649370,5
7649379,5
7649395,5
7649404,0
7649429,5
7649445,5
7649454,5
7649750,0
7649758,3
7649766,3
7649774,3
7649783,3
7649791,3
7649799,3
7649808,3
7649816,3
7649824,0
7649833,0
7649841,3
7649849,3
7649858,3
7649866,0
7649874,0
7649883,0
7649891,0
7649899,3
7649908,3
7649916,3
7649924,3
7649933,3
7649941,3
7649949,3
7649958,3
7649966,3
7649974,3
7649983,3
7649991,3
7649999,3
7650008,3
7650016,3
7650024,3
7650033,3
7650041,3
7650049,3
7650058,3
7650066,0
7650074,0
7650083,0
7650091,0
7650099,0
7650108,0
7650116,0
7650124,0
7650133,0
7650141,0
7650149,0
7650158,0
7650166,0
7650174,0
7650183,0
7650191,0
7650199,0
7650208,0
7650216,0
7650224,0
7650233,0
7650241,0
7650249,0
7650258,0
7650266,0
7650274,0
7650283,0
7650291,0
7650299,0
7650308,0
7650316,0
7650324,0
7650333,0
7650341,0
7650349,0
7650358,0
7650366,0
7650383,0
7650391,0
7650408,0
7650416,0
7650433,0
7650441,0
7650449,0
7650458,0
7650466,0
7650474,0
7650483,0
7650491,0
7650499,3
7650508,3
7650516,3
7650524,3
7650533,3
7650541,3
7650549,3
7650558,3
7650566,3
7650574,3
7650583,3
7650591,0
7650608,0
7650616,0
7650633,0
7650641,0
7650658,0
7650666,0
7650674,0
7650683,0
7650691,0
7650699,0
7650708,0
7650716,0
7650724,3
7650733,3
7650821,3
7650829,3
7650837,3
7650845,3
7650854,3
7650862,3
7650870,3
7650879,3
7650887,3
7650895,3
7650904,3
7650920,3
7650929,0
7650937,0
7650945,0
7651070,0
7651087,0
7651095,0
7651104,0
7651112,0
7651120,0
7651129,0
7651137,3
7651145,3
7651154,0
7651162,3
7651170,3
7651179,0
7651187,3
7651195,0
7651204,0
7651220,3
7651229,3
7651245,3
7651254,0
7651262,3
7651270,0
7651279,0
7651287,3
7651295,0
7651304,0
7651320,3
7651329,3
7651337,3
7651345,3
7651354,3
7651362,3
7651370,5
7651379,5
7651454,3
7651470,3
7651479,3
7651495,3
7651504,3
7651512,3
7651520,3
7651529,3
7651720,4
7651729,4
7651737,4
7651745,5
7651754,5
7651762,5
7651770,5
7651779,4
7651787,5
7651795,5
7651804,5
7651812,5
7651820,4
7651829,5
7651837,3
7651845,0
7651854,0
7651862,0
7651870,0
7651879,0
7651887,0
7651895,0
7651904,0
7651920,0
7651928,0
7651937,3
7651945,3
7651954,3
7651962,3
7651970,3
7651979,3
7651995,3
7652004,0
7652020,3
7652028,3
7652045,3
7652053,3
7652070,3
7652079,0
7652095,0
7652104,0
7652120,3
7653105,0
7653113,3
7653121,3
7653129,3
7653138,3
7653146,3
7653154,3
7653163,3
7653171,3
7653179,3
7653187,3
7653196,3
7653204,3
7653213,3
7653221,3
7653238,0
7653254,3
7653263,3
7653271,3
7653288,3
7653296,3
7653313,3
7653321,4
7653338,4
7653346,3
7653371,3
7653396,4
7653421,3
7653446,3
7653462,3
7653471,3
7653488,3
7653496,3
7653504,3
7653513,0
7653521,0
7653529,3
7653538,3
7653546,3
7653554,3
7653562,3
7653571,3
7653579,3
7653588,3
7653596,3
7653604,3
7653613,3
7653621,3
7653629,3
7653638,3
7653646,3
7653654,3
7653662,3
7653671,3
7653679,3
7653688,3
7653696,3
7653704,3
7653712,3
7653721,3
7653737,0
7653754,3
7653762,3
7653771,3
7653787,3
7653796,3
7653804,3
7653812,3
7653821,3
7653829,3
7653837,3
7653846,3
7653854,3
7653862,3
7653871,3
7653879,3
7653887,3
7653896,3
7653904,3
7653912,3
7653921,3
7653937,0
7653954,3
7653962,3
7653971,3
7653987,3
7653996,3
7654004,3
7654012,3
7654021,3
7654029,3
7654037,3
7654046,3
7654054,3
7654062,3
7654071,0
7654079,0
7654087,0
7654183,3
7654192,3
7654200,3
7654209,3
7654217,4
7654225,4
7654234,4
7654242,4
7654250,4
7654259,3
7654267,3
7654275,3
7654284,3
7654292,3
7654300,3
7654309,3
7654317,3
7654325,3
7654333,3
7654342,3
7654350,3
7654359,4
7654367,4
7654375,4
7654383,4
7654392,4
7654400,4
7654408,4
7654417,4
7654425,4
7654433,4
7654442,4
7654450,4
7654458,4
7654467,4
7654475,3
7654483,4
7654492,4
7654500,4
7654508,4
7654517,4
7654525,4
7654533,3
7654542,3
7654550,3
7654558,4
7654567,4
7654575,4
7654583,3
7654592,3
7654600,3
7654608,3
7654617,3
7654625,3
7654633,0
7654775,0
7654783,0
7654792,3
7654800,3
7654808,4
7654817,4
7654825,4
7654833,4
7654842,4
7654858,4
7654867,4
7654875,4
7654883,4
7654892,4
7654900,4
7654909,4
7654917,4
7654925,4
7654933,4
7654942,4
7654950,4
7654958,4
7654967,4
7654975,4
7654983,4
7654992,4
7655000,4
7655008,4
7655017,4
7655025,4
7655033,4
7655042,3
7655050,3
7655058,3
7655067,3
7655075,3
7655083,3
7655092,3
7655100,3
7655108,3
7655117,3
7655125,3
7655133,3
7655142,3
7655150,3
7655158,3
7655167,3
7655175,3
7655183,3
7655192,3
7655200,3
7655208,3
7655217,3
7655225,3
7655233,4
7655242,4
7655250,4
7655258,4
7655267,4
7655275,4
7655283,4
7655292,4
7655300,4
7655308,4
7655317,4
7655325,4
7655333,4
7655342,4
7655350,4
7655358,4
7655367,4
7655375,4
7655383,4
7655392,4
7655400,4
7655408,4
7655417,5
7655425,4
7655433,4
7655442,4
7655450,4
7655458,4
7655467,4
7655475,4
7655483,4
7655492,4
7655500,4
7655508,4
7655517,4
7655525,4
7655533,4
7655542,4
7655550,4
7655558,4
7655567,4
7655575,4
7655583,4
7655592,4
7655600,4
7655608,4
7655617,4
7655625,4
7655633,4
7655642,4
7655650,4
7655658,4
7655667,4
7655675,4
7655683,4
7655692,4
7655700,4
7655708,3
7655717,4
7655725,4
7655733,4
7655742,4
7655750,3
7655758,3
7655767,3
7655775,3
7655783,3
7655792,3
7655800,3
7655808,3
7655817,3
7655825,3
7655833,3
7655842,3
7655850,3
7655858,3
7655867,3
7655875,3
7655883,3
7655892,1
7655900,1
7655908,5
7655917,0
7655925,0
7655933,0
7655942,0
7655950,0
7655958,0
7655967,0
7655975,0
7655983,0
7655992,0
7656000,0
7656008,0
7656017,0
7656025,0
7656033,5
7656058,5
7656083,0
7656092,5
7656100,5
7656108,5
7656117,5
7656125,0
7656133,0
7656142,0
7656150,0
7656158,0
7656167,5
7656175,5
7656183,5
7656192,5
7656200,5
7656208,5
7656217,5
7656225,0
7656233,0
7656242,0
7656250,0
7656258,0
7656267,5
7656275,5
7656283,5
7656292,0
7656300,0
7656308,0
7656325,0
7656333,0
7656342,0
7656350,0
7656358,0
7656367,0
7656375,0
7656383,0
7656392,5
7656408,5
7656425,5
7656433,5
7656442,0
7656458,0
7656467,0
7656475,0
7656483,0
7656492,5
7656675,5
7656683,0
7656692,0
7656700,0
7656708,0
7656717,0
7656725,0
7656733,0
7656742,5
7656750,5
7656758,5
7656767,0
7656775,0
7656783,0
7656792,5
7656808,5
7656825,5
7656833,5
7656842,0
7656858,0
7656867,0
7656875,0
7656883,0
7656892,0
7656900,5
7656908,0
7656925,0
7656933,0
7656942,5
7656950,5
7656958,5
7656967,5
7656975,5
7656983,5
7656992,5
7657000,5
7657008,5
7657025,5
7657033,5
7657042,5
7657050,5
7657058,5
7657067,5
7657075,5
7657083,5
7657092,0
7657100,0
7657108,0
7657125,0
7657133,0
7657142,5
7657150,5
7657158,0
7657167,5
7657175,5
7657183,0
7657192,0
7657200,0
7657208,0
7657225,0
7657233,0
7657242,0
7657250,0
7657258,0
7657267,0
7657275,0
7657283,0
7657292,0
7657300,0
7657308,0
7657325,0
7657333,0
7657342,0
7657350,0
7657358,0
7657367,0
7657375,0
7657383,0
7657392,0
7657400,0
7657408,0
7657425,0
7657642,0
7657650,0
7657658,0
7657667,0
7657675,0
